tick,iso8601,tests performed,tests performed (resident),positive tests,positive tests (resident),cumulative positive tests
144,02/24/2020T00:00:00 ,0,0,0,0,0
288,02/25/2020T00:00:00 ,0,0,0,0,0
432,02/26/2020T00:00:00 ,0,0,0,0,0
576,02/27/2020T00:00:00 ,1,1,0,0,0
720,02/28/2020T00:00:00 ,1,1,1,1,1
864,02/29/2020T00:00:00 ,1,1,0,0,1
1008,03/01/2020T00:00:00 ,1,1,1,1,2
1152,03/02/2020T00:00:00 ,1,1,0,0,2
1296,03/03/2020T00:00:00 ,0,0,0,0,2
1440,03/04/2020T00:00:00 ,1,0,0,0,2
1584,03/05/2020T00:00:00 ,0,0,0,0,2
1728,03/06/2020T00:00:00 ,2,1,0,0,2
1872,03/07/2020T00:00:00 ,2,1,1,1,3
2016,03/08/2020T00:00:00 ,2,1,1,1,4
2160,03/09/2020T00:00:00 ,3,3,0,0,4
2304,03/10/2020T00:00:00 ,1,0,1,0,5
2448,03/11/2020T00:00:00 ,13,8,6,4,11
2592,03/12/2020T00:00:00 ,15,6,11,5,22
2736,03/13/2020T00:00:00 ,22,10,11,5,33
2880,03/14/2020T00:00:00 ,20,7,10,4,43
3024,03/15/2020T00:00:00 ,14,7,5,2,48
3168,03/16/2020T00:00:00 ,20,12,12,7,60
3312,03/17/2020T00:00:00 ,23,9,12,4,72
3456,03/18/2020T00:00:00 ,24,16,11,7,83
3600,03/19/2020T00:00:00 ,31,19,13,11,96
3744,03/20/2020T00:00:00 ,49,24,29,20,125
3888,03/21/2020T00:00:00 ,49,25,30,15,155
4032,03/22/2020T00:00:00 ,33,16,17,9,172
4176,03/23/2020T00:00:00 ,31,20,13,9,185
4320,03/24/2020T00:00:00 ,28,20,8,6,193
4464,03/25/2020T00:00:00 ,23,17,15,10,208
4608,03/26/2020T00:00:00 ,29,15,15,10,223
4752,03/27/2020T00:00:00 ,28,14,14,5,237
4896,03/28/2020T00:00:00 ,18,7,9,3,246
5040,03/29/2020T00:00:00 ,13,8,11,6,257
5184,03/30/2020T00:00:00 ,15,12,7,5,264
5328,03/31/2020T00:00:00 ,6,3,5,2,269
5472,04/01/2020T00:00:00 ,8,7,3,2,272
5616,04/02/2020T00:00:00 ,7,4,3,3,275
5760,04/03/2020T00:00:00 ,8,3,5,3,280
5904,04/04/2020T00:00:00 ,2,1,0,0,280
6048,04/05/2020T00:00:00 ,8,6,4,4,284
6192,04/06/2020T00:00:00 ,3,1,2,1,286
6336,04/07/2020T00:00:00 ,7,6,5,4,291
6480,04/08/2020T00:00:00 ,4,3,2,1,293
6624,04/09/2020T00:00:00 ,2,1,2,1,295
6768,04/10/2020T00:00:00 ,5,2,2,2,297
6912,04/11/2020T00:00:00 ,8,6,3,3,300
7056,04/12/2020T00:00:00 ,4,3,3,2,303
7200,04/13/2020T00:00:00 ,3,2,0,0,303
7344,04/14/2020T00:00:00 ,2,1,1,1,304
7488,04/15/2020T00:00:00 ,3,3,2,2,306
7632,04/16/2020T00:00:00 ,6,4,5,3,311
7776,04/17/2020T00:00:00 ,3,1,2,1,313
7920,04/18/2020T00:00:00 ,5,2,3,2,316
8064,04/19/2020T00:00:00 ,3,3,1,1,317
8208,04/20/2020T00:00:00 ,2,1,1,1,318
8352,04/21/2020T00:00:00 ,1,0,0,0,318
8496,04/22/2020T00:00:00 ,4,2,3,1,321
8640,04/23/2020T00:00:00 ,7,5,4,3,325
8784,04/24/2020T00:00:00 ,1,1,0,0,325
8928,04/25/2020T00:00:00 ,258,257,11,10,336
9072,04/26/2020T00:00:00 ,9,9,4,4,340
9216,04/27/2020T00:00:00 ,6,4,4,3,344
9360,04/28/2020T00:00:00 ,365,282,4,1,348
9504,04/29/2020T00:00:00 ,359,359,7,7,355
9648,04/30/2020T00:00:00 ,2,2,1,1,356
9792,05/01/2020T00:00:00 ,27,25,2,2,358
9936,05/02/2020T00:00:00 ,321,237,1,1,359
10080,05/03/2020T00:00:00 ,362,362,5,5,364
10224,05/04/2020T00:00:00 ,26,20,0,0,364
10368,05/05/2020T00:00:00 ,18,16,3,2,367
10512,05/06/2020T00:00:00 ,147,123,0,0,367
10656,05/07/2020T00:00:00 ,337,336,4,4,371
10800,05/08/2020T00:00:00 ,175,115,0,0,371
10944,05/09/2020T00:00:00 ,10,8,2,1,373
11088,05/10/2020T00:00:00 ,0,0,0,0,373
11232,05/11/2020T00:00:00 ,330,330,4,4,377
11376,05/12/2020T00:00:00 ,0,0,0,0,377
11520,05/13/2020T00:00:00 ,15,13,2,1,379
11664,05/14/2020T00:00:00 ,0,0,0,0,379
11808,05/15/2020T00:00:00 ,336,336,1,1,380
11952,05/16/2020T00:00:00 ,0,0,0,0,380
12096,05/17/2020T00:00:00 ,13,11,0,0,380
12240,05/18/2020T00:00:00 ,0,0,0,0,380
12384,05/19/2020T00:00:00 ,300,300,2,2,382
12528,05/20/2020T00:00:00 ,0,0,0,0,382
12672,05/21/2020T00:00:00 ,8,5,1,0,383
12816,05/22/2020T00:00:00 ,0,0,0,0,383
12960,05/23/2020T00:00:00 ,13,10,1,0,384
13104,05/24/2020T00:00:00 ,7,6,0,0,384
13248,05/25/2020T00:00:00 ,307,306,1,1,385
13392,05/26/2020T00:00:00 ,34,30,1,1,386
13536,05/27/2020T00:00:00 ,14,13,0,0,386
13680,05/28/2020T00:00:00 ,12,10,0,0,386
13824,05/29/2020T00:00:00 ,441,399,0,0,386
13968,05/30/2020T00:00:00 ,348,278,0,0,386
14112,05/31/2020T00:00:00 ,340,265,0,0,386
14256,06/01/2020T00:00:00 ,497,385,0,0,386
14400,06/02/2020T00:00:00 ,530,420,0,0,386
14544,06/03/2020T00:00:00 ,508,392,0,0,386
14688,06/04/2020T00:00:00 ,542,418,0,0,386
14832,06/05/2020T00:00:00 ,634,478,0,0,386
14976,06/06/2020T00:00:00 ,676,523,0,0,386
15120,06/07/2020T00:00:00 ,770,598,0,0,386
15264,06/08/2020T00:00:00 ,858,644,0,0,386
15408,06/09/2020T00:00:00 ,983,754,0,0,386
15552,06/10/2020T00:00:00 ,1040,797,0,0,386
15696,06/11/2020T00:00:00 ,817,630,0,0,386
15840,06/12/2020T00:00:00 ,832,635,0,0,386
15984,06/13/2020T00:00:00 ,1240,937,1,0,387
16128,06/14/2020T00:00:00 ,1318,999,0,0,387
16272,06/15/2020T00:00:00 ,1411,1107,0,0,387
16416,06/16/2020T00:00:00 ,1445,1092,0,0,387
16560,06/17/2020T00:00:00 ,1533,1164,0,0,387
16704,06/18/2020T00:00:00 ,1527,1195,0,0,387
16848,06/19/2020T00:00:00 ,1570,1182,0,0,387
16992,06/20/2020T00:00:00 ,1357,1033,0,0,387
17136,06/21/2020T00:00:00 ,1315,1005,0,0,387
17280,06/22/2020T00:00:00 ,1284,982,0,0,387
17424,06/23/2020T00:00:00 ,1237,959,0,0,387
17568,06/24/2020T00:00:00 ,1229,933,0,0,387
17712,06/25/2020T00:00:00 ,1244,975,0,0,387
17856,06/26/2020T00:00:00 ,1319,1027,0,0,387
18000,06/27/2020T00:00:00 ,1626,1236,0,0,387
18144,06/28/2020T00:00:00 ,1801,1417,0,0,387
18288,06/29/2020T00:00:00 ,2006,1552,0,0,387
18432,06/30/2020T00:00:00 ,2182,1680,0,0,387
