tick,iso8601,tests performed,tests performed (resident),positive tests,positive tests (resident),cumulative positive tests
144,02/24/2020T00:00:00 ,0,0,0,0,0
288,02/25/2020T00:00:00 ,0,0,0,0,0
432,02/26/2020T00:00:00 ,0,0,0,0,0
576,02/27/2020T00:00:00 ,0,0,0,0,0
720,02/28/2020T00:00:00 ,0,0,0,0,0
864,02/29/2020T00:00:00 ,0,0,0,0,0
1008,03/01/2020T00:00:00 ,0,0,0,0,0
1152,03/02/2020T00:00:00 ,0,0,0,0,0
1296,03/03/2020T00:00:00 ,0,0,0,0,0
1440,03/04/2020T00:00:00 ,0,0,0,0,0
1584,03/05/2020T00:00:00 ,0,0,0,0,0
1728,03/06/2020T00:00:00 ,0,0,0,0,0
1872,03/07/2020T00:00:00 ,0,0,0,0,0
2016,03/08/2020T00:00:00 ,0,0,0,0,0
2160,03/09/2020T00:00:00 ,0,0,0,0,0
2304,03/10/2020T00:00:00 ,0,0,0,0,0
2448,03/11/2020T00:00:00 ,0,0,0,0,0
2592,03/12/2020T00:00:00 ,0,0,0,0,0
2736,03/13/2020T00:00:00 ,0,0,0,0,0
2880,03/14/2020T00:00:00 ,0,0,0,0,0
3024,03/15/2020T00:00:00 ,0,0,0,0,0
3168,03/16/2020T00:00:00 ,0,0,0,0,0
3312,03/17/2020T00:00:00 ,0,0,0,0,0
3456,03/18/2020T00:00:00 ,2,1,2,1,2
3600,03/19/2020T00:00:00 ,51,29,22,12,24
3744,03/20/2020T00:00:00 ,34,19,22,10,46
3888,03/21/2020T00:00:00 ,46,27,17,11,63
4032,03/22/2020T00:00:00 ,51,31,10,4,73
4176,03/23/2020T00:00:00 ,117,71,49,22,122
4320,03/24/2020T00:00:00 ,250,232,44,38,166
4464,03/25/2020T00:00:00 ,250,164,22,11,188
4608,03/26/2020T00:00:00 ,250,245,8,7,196
4752,03/27/2020T00:00:00 ,250,183,31,16,227
4896,03/28/2020T00:00:00 ,250,162,35,17,262
5040,03/29/2020T00:00:00 ,250,171,12,8,274
5184,03/30/2020T00:00:00 ,250,185,12,8,286
5328,03/31/2020T00:00:00 ,250,223,83,76,369
5472,04/01/2020T00:00:00 ,250,246,32,31,401
5616,04/02/2020T00:00:00 ,250,239,25,20,426
5760,04/03/2020T00:00:00 ,250,175,59,32,485
5904,04/04/2020T00:00:00 ,250,223,39,36,524
6048,04/05/2020T00:00:00 ,250,245,37,36,561
6192,04/06/2020T00:00:00 ,250,186,82,53,643
6336,04/07/2020T00:00:00 ,250,249,33,33,676
6480,04/08/2020T00:00:00 ,250,201,38,30,714
6624,04/09/2020T00:00:00 ,250,203,48,34,762
6768,04/10/2020T00:00:00 ,250,153,65,34,827
6912,04/11/2020T00:00:00 ,250,247,11,9,838
7056,04/12/2020T00:00:00 ,250,241,7,6,845
7200,04/13/2020T00:00:00 ,250,230,16,7,861
7344,04/14/2020T00:00:00 ,250,224,12,11,873
7488,04/15/2020T00:00:00 ,250,191,55,35,928
7632,04/16/2020T00:00:00 ,250,177,15,12,943
7776,04/17/2020T00:00:00 ,250,250,14,14,957
7920,04/18/2020T00:00:00 ,250,244,4,2,961
8064,04/19/2020T00:00:00 ,250,215,13,9,974
8208,04/20/2020T00:00:00 ,250,169,16,11,990
8352,04/21/2020T00:00:00 ,250,250,2,2,992
8496,04/22/2020T00:00:00 ,250,246,3,3,995
8640,04/23/2020T00:00:00 ,250,181,106,76,1101
8784,04/24/2020T00:00:00 ,250,161,27,17,1128
8928,04/25/2020T00:00:00 ,250,215,1,1,1129
9072,04/26/2020T00:00:00 ,250,248,2,2,1131
9216,04/27/2020T00:00:00 ,250,250,1,1,1132
9360,04/28/2020T00:00:00 ,250,198,2,2,1134
9504,04/29/2020T00:00:00 ,250,250,0,0,1134
9648,04/30/2020T00:00:00 ,250,172,9,7,1143
9792,05/01/2020T00:00:00 ,250,166,98,68,1241
9936,05/02/2020T00:00:00 ,250,220,71,58,1312
10080,05/03/2020T00:00:00 ,250,250,1,1,1313
10224,05/04/2020T00:00:00 ,250,199,6,5,1319
10368,05/05/2020T00:00:00 ,250,158,151,94,1470
10512,05/06/2020T00:00:00 ,250,215,17,12,1487
10656,05/07/2020T00:00:00 ,250,202,42,35,1529
10800,05/08/2020T00:00:00 ,250,178,102,79,1631
10944,05/09/2020T00:00:00 ,250,176,113,73,1744
11088,05/10/2020T00:00:00 ,250,202,6,6,1750
11232,05/11/2020T00:00:00 ,250,208,45,41,1795
11376,05/12/2020T00:00:00 ,250,219,2,2,1797
11520,05/13/2020T00:00:00 ,250,179,116,75,1913
11664,05/14/2020T00:00:00 ,250,186,3,3,1916
11808,05/15/2020T00:00:00 ,250,205,10,9,1926
11952,05/16/2020T00:00:00 ,250,228,5,5,1931
12096,05/17/2020T00:00:00 ,250,173,101,61,2032
12240,05/18/2020T00:00:00 ,250,223,1,1,2033
12384,05/19/2020T00:00:00 ,250,176,5,4,2038
12528,05/20/2020T00:00:00 ,250,226,0,0,2038
12672,05/21/2020T00:00:00 ,250,171,94,61,2132
12816,05/22/2020T00:00:00 ,250,228,12,9,2144
12960,05/23/2020T00:00:00 ,250,174,7,5,2151
13104,05/24/2020T00:00:00 ,250,228,1,1,2152
13248,05/25/2020T00:00:00 ,250,178,1,1,2153
13392,05/26/2020T00:00:00 ,250,172,55,35,2208
13536,05/27/2020T00:00:00 ,250,174,3,2,2211
13680,05/28/2020T00:00:00 ,250,198,1,1,2212
13824,05/29/2020T00:00:00 ,250,186,61,42,2273
13968,05/30/2020T00:00:00 ,250,167,78,41,2351
14112,05/31/2020T00:00:00 ,250,207,0,0,2351
14256,06/01/2020T00:00:00 ,250,179,0,0,2351
14400,06/02/2020T00:00:00 ,250,217,3,3,2354
14544,06/03/2020T00:00:00 ,250,181,65,47,2419
14688,06/04/2020T00:00:00 ,250,211,0,0,2419
14832,06/05/2020T00:00:00 ,250,177,1,1,2420
14976,06/06/2020T00:00:00 ,250,191,37,29,2457
15120,06/07/2020T00:00:00 ,250,186,48,31,2505
15264,06/08/2020T00:00:00 ,250,217,0,0,2505
15408,06/09/2020T00:00:00 ,250,177,2,1,2507
15552,06/10/2020T00:00:00 ,250,178,71,44,2578
15696,06/11/2020T00:00:00 ,250,178,50,33,2628
15840,06/12/2020T00:00:00 ,250,217,1,0,2629
15984,06/13/2020T00:00:00 ,250,199,4,4,2633
16128,06/14/2020T00:00:00 ,250,176,39,23,2672
16272,06/15/2020T00:00:00 ,250,155,41,24,2713
16416,06/16/2020T00:00:00 ,250,173,1,1,2714
16560,06/17/2020T00:00:00 ,250,201,4,2,2718
16704,06/18/2020T00:00:00 ,250,173,44,25,2762
16848,06/19/2020T00:00:00 ,250,186,7,2,2769
16992,06/20/2020T00:00:00 ,250,164,26,11,2795
17136,06/21/2020T00:00:00 ,250,210,3,1,2798
17280,06/22/2020T00:00:00 ,235,178,14,7,2812
17424,06/23/2020T00:00:00 ,250,154,20,10,2832
17568,06/24/2020T00:00:00 ,250,179,6,4,2838
17712,06/25/2020T00:00:00 ,225,172,11,6,2849
17856,06/26/2020T00:00:00 ,250,190,17,13,2866
18000,06/27/2020T00:00:00 ,250,153,17,13,2883
18144,06/28/2020T00:00:00 ,250,145,0,0,2883
18288,06/29/2020T00:00:00 ,250,243,2,2,2885
18432,06/30/2020T00:00:00 ,250,174,9,7,2894
