tick,iso8601,tests performed,tests performed (resident),positive tests,positive tests (resident),cumulative positive tests
144,02/24/2020T00:00:00 ,0,0,0,0,0
288,02/25/2020T00:00:00 ,0,0,0,0,0
432,02/26/2020T00:00:00 ,0,0,0,0,0
576,02/27/2020T00:00:00 ,1,1,1,1,1
720,02/28/2020T00:00:00 ,1,1,0,0,1
864,02/29/2020T00:00:00 ,1,1,1,1,2
1008,03/01/2020T00:00:00 ,1,1,1,1,3
1152,03/02/2020T00:00:00 ,0,0,0,0,3
1296,03/03/2020T00:00:00 ,0,0,0,0,3
1440,03/04/2020T00:00:00 ,1,1,0,0,3
1584,03/05/2020T00:00:00 ,2,2,0,0,3
1728,03/06/2020T00:00:00 ,2,0,1,0,4
1872,03/07/2020T00:00:00 ,2,2,1,1,5
2016,03/08/2020T00:00:00 ,3,2,2,1,7
2160,03/09/2020T00:00:00 ,4,2,3,1,10
2304,03/10/2020T00:00:00 ,4,3,2,2,12
2448,03/11/2020T00:00:00 ,8,5,4,2,16
2592,03/12/2020T00:00:00 ,7,2,2,1,18
2736,03/13/2020T00:00:00 ,6,3,3,2,21
2880,03/14/2020T00:00:00 ,17,7,7,2,28
3024,03/15/2020T00:00:00 ,12,6,5,3,33
3168,03/16/2020T00:00:00 ,10,5,4,1,37
3312,03/17/2020T00:00:00 ,7,3,3,2,40
3456,03/18/2020T00:00:00 ,8,4,4,1,44
3600,03/19/2020T00:00:00 ,22,10,12,4,56
3744,03/20/2020T00:00:00 ,31,12,14,6,70
3888,03/21/2020T00:00:00 ,32,18,21,12,91
4032,03/22/2020T00:00:00 ,28,11,14,7,105
4176,03/23/2020T00:00:00 ,27,15,10,8,115
4320,03/24/2020T00:00:00 ,25,14,8,4,123
4464,03/25/2020T00:00:00 ,35,21,11,6,134
4608,03/26/2020T00:00:00 ,30,18,13,6,147
4752,03/27/2020T00:00:00 ,18,11,8,6,155
4896,03/28/2020T00:00:00 ,11,7,5,5,160
5040,03/29/2020T00:00:00 ,9,4,6,3,166
5184,03/30/2020T00:00:00 ,10,6,6,3,172
5328,03/31/2020T00:00:00 ,6,3,3,2,175
5472,04/01/2020T00:00:00 ,8,7,5,5,180
5616,04/02/2020T00:00:00 ,4,2,3,2,183
5760,04/03/2020T00:00:00 ,8,6,4,3,187
5904,04/04/2020T00:00:00 ,8,6,3,3,190
6048,04/05/2020T00:00:00 ,5,1,2,0,192
6192,04/06/2020T00:00:00 ,2,2,1,1,193
6336,04/07/2020T00:00:00 ,5,4,3,2,196
6480,04/08/2020T00:00:00 ,1,0,0,0,196
6624,04/09/2020T00:00:00 ,2,1,0,0,196
6768,04/10/2020T00:00:00 ,0,0,0,0,196
6912,04/11/2020T00:00:00 ,3,1,0,0,196
7056,04/12/2020T00:00:00 ,4,2,2,0,198
7200,04/13/2020T00:00:00 ,1,0,1,0,199
7344,04/14/2020T00:00:00 ,2,0,0,0,199
7488,04/15/2020T00:00:00 ,1,1,1,1,200
7632,04/16/2020T00:00:00 ,1,1,1,1,201
7776,04/17/2020T00:00:00 ,2,2,2,2,203
7920,04/18/2020T00:00:00 ,2,2,0,0,203
8064,04/19/2020T00:00:00 ,3,2,2,1,205
8208,04/20/2020T00:00:00 ,0,0,0,0,205
8352,04/21/2020T00:00:00 ,0,0,0,0,205
8496,04/22/2020T00:00:00 ,0,0,0,0,205
8640,04/23/2020T00:00:00 ,4,2,1,1,206
8784,04/24/2020T00:00:00 ,1,1,0,0,206
8928,04/25/2020T00:00:00 ,258,222,4,4,210
9072,04/26/2020T00:00:00 ,1,1,1,1,211
9216,04/27/2020T00:00:00 ,0,0,0,0,211
9360,04/28/2020T00:00:00 ,0,0,0,0,211
9504,04/29/2020T00:00:00 ,227,176,3,1,214
9648,04/30/2020T00:00:00 ,0,0,0,0,214
9792,05/01/2020T00:00:00 ,337,228,5,4,219
9936,05/02/2020T00:00:00 ,156,116,1,1,220
10080,05/03/2020T00:00:00 ,4,2,2,1,222
10224,05/04/2020T00:00:00 ,0,0,0,0,222
10368,05/05/2020T00:00:00 ,334,224,4,3,226
10512,05/06/2020T00:00:00 ,0,0,0,0,226
10656,05/07/2020T00:00:00 ,11,10,1,1,227
10800,05/08/2020T00:00:00 ,156,116,0,0,227
10944,05/09/2020T00:00:00 ,334,224,2,1,229
11088,05/10/2020T00:00:00 ,2,2,1,1,230
11232,05/11/2020T00:00:00 ,7,6,2,2,232
11376,05/12/2020T00:00:00 ,0,0,0,0,232
11520,05/13/2020T00:00:00 ,6,6,0,0,232
11664,05/14/2020T00:00:00 ,0,0,0,0,232
11808,05/15/2020T00:00:00 ,336,225,1,1,233
11952,05/16/2020T00:00:00 ,169,108,0,0,233
12096,05/17/2020T00:00:00 ,10,9,1,1,234
12240,05/18/2020T00:00:00 ,0,0,0,0,234
12384,05/19/2020T00:00:00 ,0,0,0,0,234
12528,05/20/2020T00:00:00 ,0,0,0,0,234
12672,05/21/2020T00:00:00 ,299,225,0,0,234
12816,05/22/2020T00:00:00 ,0,0,0,0,234
12960,05/23/2020T00:00:00 ,12,4,0,0,234
13104,05/24/2020T00:00:00 ,12,9,0,0,234
13248,05/25/2020T00:00:00 ,25,18,0,0,234
13392,05/26/2020T00:00:00 ,31,22,0,0,234
13536,05/27/2020T00:00:00 ,21,13,0,0,234
13680,05/28/2020T00:00:00 ,24,19,0,0,234
13824,05/29/2020T00:00:00 ,19,17,0,0,234
13968,05/30/2020T00:00:00 ,324,241,0,0,234
14112,05/31/2020T00:00:00 ,317,242,0,0,234
14256,06/01/2020T00:00:00 ,497,383,0,0,234
14400,06/02/2020T00:00:00 ,530,401,0,0,234
14544,06/03/2020T00:00:00 ,526,406,0,0,234
14688,06/04/2020T00:00:00 ,529,410,0,0,234
14832,06/05/2020T00:00:00 ,634,485,0,0,234
14976,06/06/2020T00:00:00 ,676,513,0,0,234
15120,06/07/2020T00:00:00 ,770,588,0,0,234
15264,06/08/2020T00:00:00 ,858,654,0,0,234
15408,06/09/2020T00:00:00 ,983,762,0,0,234
15552,06/10/2020T00:00:00 ,1040,811,0,0,234
15696,06/11/2020T00:00:00 ,787,612,0,0,234
15840,06/12/2020T00:00:00 ,773,587,0,0,234
15984,06/13/2020T00:00:00 ,1240,969,0,0,234
16128,06/14/2020T00:00:00 ,1318,1004,0,0,234
16272,06/15/2020T00:00:00 ,1411,1090,0,0,234
16416,06/16/2020T00:00:00 ,1445,1117,0,0,234
16560,06/17/2020T00:00:00 ,1533,1199,0,0,234
16704,06/18/2020T00:00:00 ,1527,1195,0,0,234
16848,06/19/2020T00:00:00 ,1570,1222,0,0,234
16992,06/20/2020T00:00:00 ,1357,1052,0,0,234
17136,06/21/2020T00:00:00 ,1315,1021,0,0,234
17280,06/22/2020T00:00:00 ,1284,995,0,0,234
17424,06/23/2020T00:00:00 ,1237,956,0,0,234
17568,06/24/2020T00:00:00 ,1229,937,0,0,234
17712,06/25/2020T00:00:00 ,1244,944,0,0,234
17856,06/26/2020T00:00:00 ,1319,1029,0,0,234
18000,06/27/2020T00:00:00 ,1626,1272,0,0,234
18144,06/28/2020T00:00:00 ,1801,1375,0,0,234
18288,06/29/2020T00:00:00 ,2006,1582,0,0,234
18432,06/30/2020T00:00:00 ,2182,1701,0,0,234
