tick,iso8601,tests performed,tests performed (resident),positive tests,positive tests (resident),cumulative positive tests
144,02/24/2020T00:00:00 ,0,0,0,0,0
288,02/25/2020T00:00:00 ,0,0,0,0,0
432,02/26/2020T00:00:00 ,0,0,0,0,0
576,02/27/2020T00:00:00 ,0,0,0,0,0
720,02/28/2020T00:00:00 ,0,0,0,0,0
864,02/29/2020T00:00:00 ,0,0,0,0,0
1008,03/01/2020T00:00:00 ,0,0,0,0,0
1152,03/02/2020T00:00:00 ,0,0,0,0,0
1296,03/03/2020T00:00:00 ,0,0,0,0,0
1440,03/04/2020T00:00:00 ,0,0,0,0,0
1584,03/05/2020T00:00:00 ,0,0,0,0,0
1728,03/06/2020T00:00:00 ,0,0,0,0,0
1872,03/07/2020T00:00:00 ,0,0,0,0,0
2016,03/08/2020T00:00:00 ,0,0,0,0,0
2160,03/09/2020T00:00:00 ,0,0,0,0,0
2304,03/10/2020T00:00:00 ,0,0,0,0,0
2448,03/11/2020T00:00:00 ,0,0,0,0,0
2592,03/12/2020T00:00:00 ,0,0,0,0,0
2736,03/13/2020T00:00:00 ,0,0,0,0,0
2880,03/14/2020T00:00:00 ,0,0,0,0,0
3024,03/15/2020T00:00:00 ,0,0,0,0,0
3168,03/16/2020T00:00:00 ,0,0,0,0,0
3312,03/17/2020T00:00:00 ,0,0,0,0,0
3456,03/18/2020T00:00:00 ,0,0,0,0,0
3600,03/19/2020T00:00:00 ,22,15,12,7,12
3744,03/20/2020T00:00:00 ,34,21,12,7,24
3888,03/21/2020T00:00:00 ,42,31,13,11,37
4032,03/22/2020T00:00:00 ,48,27,16,9,53
4176,03/23/2020T00:00:00 ,84,54,31,18,84
4320,03/24/2020T00:00:00 ,64,47,14,11,98
4464,03/25/2020T00:00:00 ,250,235,61,57,159
4608,03/26/2020T00:00:00 ,250,211,39,24,198
4752,03/27/2020T00:00:00 ,250,181,32,20,230
4896,03/28/2020T00:00:00 ,250,228,20,19,250
5040,03/29/2020T00:00:00 ,250,226,22,18,272
5184,03/30/2020T00:00:00 ,250,184,27,17,299
5328,03/31/2020T00:00:00 ,235,172,40,23,339
5472,04/01/2020T00:00:00 ,250,219,58,45,397
5616,04/02/2020T00:00:00 ,250,236,24,14,421
5760,04/03/2020T00:00:00 ,250,245,63,59,484
5904,04/04/2020T00:00:00 ,250,245,85,85,569
6048,04/05/2020T00:00:00 ,250,217,20,14,589
6192,04/06/2020T00:00:00 ,250,189,35,17,624
6336,04/07/2020T00:00:00 ,250,182,55,34,679
6480,04/08/2020T00:00:00 ,250,242,17,17,696
6624,04/09/2020T00:00:00 ,250,219,4,3,700
6768,04/10/2020T00:00:00 ,250,179,86,55,786
6912,04/11/2020T00:00:00 ,250,157,86,41,872
7056,04/12/2020T00:00:00 ,250,240,2,1,874
7200,04/13/2020T00:00:00 ,250,191,0,0,874
7344,04/14/2020T00:00:00 ,250,166,83,54,957
7488,04/15/2020T00:00:00 ,250,159,115,75,1072
7632,04/16/2020T00:00:00 ,250,242,4,1,1076
7776,04/17/2020T00:00:00 ,250,189,1,1,1077
7920,04/18/2020T00:00:00 ,250,157,110,70,1187
8064,04/19/2020T00:00:00 ,250,150,113,68,1300
8208,04/20/2020T00:00:00 ,250,243,5,3,1305
8352,04/21/2020T00:00:00 ,250,190,1,1,1306
8496,04/22/2020T00:00:00 ,250,245,49,48,1355
8640,04/23/2020T00:00:00 ,250,161,132,86,1487
8784,04/24/2020T00:00:00 ,250,250,3,3,1490
8928,04/25/2020T00:00:00 ,250,194,0,0,1490
9072,04/26/2020T00:00:00 ,250,249,23,23,1513
9216,04/27/2020T00:00:00 ,250,165,112,73,1625
9360,04/28/2020T00:00:00 ,250,177,105,75,1730
9504,04/29/2020T00:00:00 ,250,229,0,0,1730
9648,04/30/2020T00:00:00 ,250,250,1,1,1731
9792,05/01/2020T00:00:00 ,250,163,150,98,1881
9936,05/02/2020T00:00:00 ,250,250,4,4,1885
10080,05/03/2020T00:00:00 ,250,171,34,16,1919
10224,05/04/2020T00:00:00 ,250,167,2,2,1921
10368,05/05/2020T00:00:00 ,250,152,136,84,2057
10512,05/06/2020T00:00:00 ,250,154,104,62,2161
10656,05/07/2020T00:00:00 ,250,157,63,28,2224
10800,05/08/2020T00:00:00 ,250,250,4,4,2228
10944,05/09/2020T00:00:00 ,250,167,119,83,2347
11088,05/10/2020T00:00:00 ,250,165,1,1,2348
11232,05/11/2020T00:00:00 ,250,229,10,6,2358
11376,05/12/2020T00:00:00 ,250,193,4,4,2362
11520,05/13/2020T00:00:00 ,250,183,125,86,2487
11664,05/14/2020T00:00:00 ,250,180,87,63,2574
11808,05/15/2020T00:00:00 ,250,228,4,3,2578
11952,05/16/2020T00:00:00 ,250,162,9,8,2587
12096,05/17/2020T00:00:00 ,250,177,114,83,2701
12240,05/18/2020T00:00:00 ,250,195,0,0,2701
12384,05/19/2020T00:00:00 ,250,165,66,25,2767
12528,05/20/2020T00:00:00 ,250,204,34,29,2801
12672,05/21/2020T00:00:00 ,250,175,85,60,2886
12816,05/22/2020T00:00:00 ,250,197,1,1,2887
12960,05/23/2020T00:00:00 ,250,167,24,12,2911
13104,05/24/2020T00:00:00 ,250,190,82,67,2993
13248,05/25/2020T00:00:00 ,250,199,89,66,3082
13392,05/26/2020T00:00:00 ,250,195,0,0,3082
13536,05/27/2020T00:00:00 ,250,158,8,4,3090
13680,05/28/2020T00:00:00 ,250,201,72,57,3162
13824,05/29/2020T00:00:00 ,250,199,69,51,3231
13968,05/30/2020T00:00:00 ,250,213,11,6,3242
14112,05/31/2020T00:00:00 ,250,213,2,2,3244
14256,06/01/2020T00:00:00 ,250,197,48,33,3292
14400,06/02/2020T00:00:00 ,250,195,51,35,3343
14544,06/03/2020T00:00:00 ,250,213,2,1,3345
14688,06/04/2020T00:00:00 ,250,197,3,3,3348
14832,06/05/2020T00:00:00 ,250,189,45,27,3393
14976,06/06/2020T00:00:00 ,250,238,0,0,3393
15120,06/07/2020T00:00:00 ,250,177,4,3,3397
15264,06/08/2020T00:00:00 ,250,155,0,0,3397
15408,06/09/2020T00:00:00 ,247,185,30,19,3427
15552,06/10/2020T00:00:00 ,248,199,24,16,3451
15696,06/11/2020T00:00:00 ,250,177,13,8,3464
15840,06/12/2020T00:00:00 ,234,172,19,13,3483
15984,06/13/2020T00:00:00 ,250,192,30,21,3513
16128,06/14/2020T00:00:00 ,250,190,28,15,3541
16272,06/15/2020T00:00:00 ,250,176,3,2,3544
16416,06/16/2020T00:00:00 ,250,192,7,5,3551
16560,06/17/2020T00:00:00 ,250,165,2,2,3553
16704,06/18/2020T00:00:00 ,250,180,22,12,3575
16848,06/19/2020T00:00:00 ,250,190,0,0,3575
16992,06/20/2020T00:00:00 ,250,195,4,4,3579
17136,06/21/2020T00:00:00 ,250,177,15,13,3594
17280,06/22/2020T00:00:00 ,250,179,26,16,3620
17424,06/23/2020T00:00:00 ,250,193,0,0,3620
17568,06/24/2020T00:00:00 ,250,196,1,1,3621
17712,06/25/2020T00:00:00 ,227,177,21,16,3642
17856,06/26/2020T00:00:00 ,250,192,31,23,3673
18000,06/27/2020T00:00:00 ,250,187,6,5,3679
18144,06/28/2020T00:00:00 ,250,190,13,12,3692
18288,06/29/2020T00:00:00 ,234,178,18,16,3710
18432,06/30/2020T00:00:00 ,250,181,14,9,3724
