tick,iso8601,tests performed,tests performed (resident),positive tests,positive tests (resident),cumulative positive tests
144,02/24/2020T00:00:00 ,0,0,0,0,0
288,02/25/2020T00:00:00 ,0,0,0,0,0
432,02/26/2020T00:00:00 ,0,0,0,0,0
576,02/27/2020T00:00:00 ,1,1,0,0,0
720,02/28/2020T00:00:00 ,1,1,1,1,1
864,02/29/2020T00:00:00 ,1,1,0,0,1
1008,03/01/2020T00:00:00 ,1,1,0,0,1
1152,03/02/2020T00:00:00 ,1,1,0,0,1
1296,03/03/2020T00:00:00 ,1,1,0,0,1
1440,03/04/2020T00:00:00 ,2,2,1,1,2
1584,03/05/2020T00:00:00 ,2,2,0,0,2
1728,03/06/2020T00:00:00 ,2,2,1,1,3
1872,03/07/2020T00:00:00 ,2,2,0,0,3
2016,03/08/2020T00:00:00 ,3,1,1,0,4
2160,03/09/2020T00:00:00 ,4,3,3,2,7
2304,03/10/2020T00:00:00 ,11,7,5,4,12
2448,03/11/2020T00:00:00 ,18,9,7,5,19
2592,03/12/2020T00:00:00 ,14,9,3,2,22
2736,03/13/2020T00:00:00 ,24,13,12,6,34
2880,03/14/2020T00:00:00 ,37,14,17,4,51
3024,03/15/2020T00:00:00 ,35,13,15,7,66
3168,03/16/2020T00:00:00 ,47,25,18,10,84
3312,03/17/2020T00:00:00 ,32,18,15,10,99
3456,03/18/2020T00:00:00 ,29,19,13,9,112
3600,03/19/2020T00:00:00 ,18,13,8,5,120
3744,03/20/2020T00:00:00 ,31,18,17,9,137
3888,03/21/2020T00:00:00 ,30,19,16,10,153
4032,03/22/2020T00:00:00 ,39,28,20,15,173
4176,03/23/2020T00:00:00 ,26,19,16,13,189
4320,03/24/2020T00:00:00 ,13,8,5,3,194
4464,03/25/2020T00:00:00 ,25,11,10,4,204
4608,03/26/2020T00:00:00 ,28,22,13,11,217
4752,03/27/2020T00:00:00 ,18,11,7,4,224
4896,03/28/2020T00:00:00 ,18,13,9,7,233
5040,03/29/2020T00:00:00 ,22,14,8,4,241
5184,03/30/2020T00:00:00 ,11,5,4,3,245
5328,03/31/2020T00:00:00 ,10,9,5,4,250
5472,04/01/2020T00:00:00 ,12,11,6,6,256
5616,04/02/2020T00:00:00 ,12,8,7,5,263
5760,04/03/2020T00:00:00 ,15,7,7,3,270
5904,04/04/2020T00:00:00 ,22,17,11,8,281
6048,04/05/2020T00:00:00 ,8,5,5,4,286
6192,04/06/2020T00:00:00 ,14,8,8,5,294
6336,04/07/2020T00:00:00 ,10,6,7,5,301
6480,04/08/2020T00:00:00 ,23,17,8,6,309
6624,04/09/2020T00:00:00 ,18,14,11,8,320
6768,04/10/2020T00:00:00 ,15,11,4,3,324
6912,04/11/2020T00:00:00 ,13,5,6,1,330
7056,04/12/2020T00:00:00 ,12,7,4,2,334
7200,04/13/2020T00:00:00 ,9,8,3,3,337
7344,04/14/2020T00:00:00 ,7,4,2,2,339
7488,04/15/2020T00:00:00 ,15,11,7,5,346
7632,04/16/2020T00:00:00 ,12,9,7,6,353
7776,04/17/2020T00:00:00 ,10,6,4,3,357
7920,04/18/2020T00:00:00 ,11,8,7,7,364
8064,04/19/2020T00:00:00 ,5,3,1,1,365
8208,04/20/2020T00:00:00 ,8,6,6,4,371
8352,04/21/2020T00:00:00 ,5,5,5,5,376
8496,04/22/2020T00:00:00 ,10,9,9,8,385
8640,04/23/2020T00:00:00 ,17,15,13,11,398
8784,04/24/2020T00:00:00 ,22,14,11,7,409
8928,04/25/2020T00:00:00 ,164,140,15,15,424
9072,04/26/2020T00:00:00 ,293,235,13,8,437
9216,04/27/2020T00:00:00 ,47,42,8,8,445
9360,04/28/2020T00:00:00 ,365,267,17,14,462
9504,04/29/2020T00:00:00 ,325,264,24,20,486
9648,04/30/2020T00:00:00 ,362,237,10,5,496
9792,05/01/2020T00:00:00 ,38,38,15,15,511
9936,05/02/2020T00:00:00 ,17,16,7,6,518
10080,05/03/2020T00:00:00 ,346,284,20,18,538
10224,05/04/2020T00:00:00 ,352,236,12,8,550
10368,05/05/2020T00:00:00 ,42,40,11,11,561
10512,05/06/2020T00:00:00 ,12,12,6,6,567
10656,05/07/2020T00:00:00 ,337,225,7,3,574
10800,05/08/2020T00:00:00 ,335,279,0,0,574
10944,05/09/2020T00:00:00 ,147,123,8,8,582
11088,05/10/2020T00:00:00 ,340,233,5,3,587
11232,05/11/2020T00:00:00 ,330,237,0,0,587
11376,05/12/2020T00:00:00 ,323,258,0,0,587
11520,05/13/2020T00:00:00 ,305,194,10,6,597
11664,05/14/2020T00:00:00 ,0,0,0,0,597
11808,05/15/2020T00:00:00 ,336,279,0,0,597
11952,05/16/2020T00:00:00 ,331,263,4,2,601
12096,05/17/2020T00:00:00 ,5,5,2,2,603
12240,05/18/2020T00:00:00 ,0,0,0,0,603
12384,05/19/2020T00:00:00 ,300,189,0,0,603
12528,05/20/2020T00:00:00 ,0,0,0,0,603
12672,05/21/2020T00:00:00 ,2,2,2,2,605
12816,05/22/2020T00:00:00 ,296,236,1,1,606
12960,05/23/2020T00:00:00 ,304,220,3,3,609
13104,05/24/2020T00:00:00 ,12,8,0,0,609
13248,05/25/2020T00:00:00 ,20,17,0,0,609
13392,05/26/2020T00:00:00 ,25,18,1,0,610
13536,05/27/2020T00:00:00 ,26,21,0,0,610
13680,05/28/2020T00:00:00 ,371,244,0,0,610
13824,05/29/2020T00:00:00 ,327,220,1,1,611
13968,05/30/2020T00:00:00 ,316,244,0,0,611
14112,05/31/2020T00:00:00 ,305,226,0,0,611
14256,06/01/2020T00:00:00 ,497,340,0,0,611
14400,06/02/2020T00:00:00 ,530,409,0,0,611
14544,06/03/2020T00:00:00 ,508,401,0,0,611
14688,06/04/2020T00:00:00 ,542,384,0,0,611
14832,06/05/2020T00:00:00 ,634,482,0,0,611
14976,06/06/2020T00:00:00 ,676,511,0,0,611
15120,06/07/2020T00:00:00 ,770,604,0,0,611
15264,06/08/2020T00:00:00 ,858,670,0,0,611
15408,06/09/2020T00:00:00 ,983,774,0,0,611
15552,06/10/2020T00:00:00 ,1040,786,0,0,611
15696,06/11/2020T00:00:00 ,788,614,0,0,611
15840,06/12/2020T00:00:00 ,831,628,0,0,611
15984,06/13/2020T00:00:00 ,1240,952,0,0,611
16128,06/14/2020T00:00:00 ,1318,1009,0,0,611
16272,06/15/2020T00:00:00 ,1411,1107,0,0,611
16416,06/16/2020T00:00:00 ,1445,1106,0,0,611
16560,06/17/2020T00:00:00 ,1533,1198,0,0,611
16704,06/18/2020T00:00:00 ,1527,1192,0,0,611
16848,06/19/2020T00:00:00 ,1570,1232,0,0,611
16992,06/20/2020T00:00:00 ,1357,1075,0,0,611
17136,06/21/2020T00:00:00 ,1315,1034,0,0,611
17280,06/22/2020T00:00:00 ,1284,988,0,0,611
17424,06/23/2020T00:00:00 ,1237,961,0,0,611
17568,06/24/2020T00:00:00 ,1229,919,0,0,611
17712,06/25/2020T00:00:00 ,1244,923,0,0,611
17856,06/26/2020T00:00:00 ,1319,1008,0,0,611
18000,06/27/2020T00:00:00 ,1626,1265,0,0,611
18144,06/28/2020T00:00:00 ,1801,1358,0,0,611
18288,06/29/2020T00:00:00 ,2006,1540,0,0,611
18432,06/30/2020T00:00:00 ,2182,1662,0,0,611
