tick,iso8601,tests performed,tests performed (resident),positive tests,positive tests (resident),cumulative positive tests
144,02/24/2020T00:00:00 ,0,0,0,0,0
288,02/25/2020T00:00:00 ,0,0,0,0,0
432,02/26/2020T00:00:00 ,0,0,0,0,0
576,02/27/2020T00:00:00 ,0,0,0,0,0
720,02/28/2020T00:00:00 ,0,0,0,0,0
864,02/29/2020T00:00:00 ,0,0,0,0,0
1008,03/01/2020T00:00:00 ,0,0,0,0,0
1152,03/02/2020T00:00:00 ,0,0,0,0,0
1296,03/03/2020T00:00:00 ,0,0,0,0,0
1440,03/04/2020T00:00:00 ,0,0,0,0,0
1584,03/05/2020T00:00:00 ,0,0,0,0,0
1728,03/06/2020T00:00:00 ,0,0,0,0,0
1872,03/07/2020T00:00:00 ,0,0,0,0,0
2016,03/08/2020T00:00:00 ,0,0,0,0,0
2160,03/09/2020T00:00:00 ,0,0,0,0,0
2304,03/10/2020T00:00:00 ,0,0,0,0,0
2448,03/11/2020T00:00:00 ,0,0,0,0,0
2592,03/12/2020T00:00:00 ,0,0,0,0,0
2736,03/13/2020T00:00:00 ,0,0,0,0,0
2880,03/14/2020T00:00:00 ,0,0,0,0,0
3024,03/15/2020T00:00:00 ,0,0,0,0,0
3168,03/16/2020T00:00:00 ,0,0,0,0,0
3312,03/17/2020T00:00:00 ,0,0,0,0,0
3456,03/18/2020T00:00:00 ,0,0,0,0,0
3600,03/19/2020T00:00:00 ,47,32,22,15,22
3744,03/20/2020T00:00:00 ,83,57,37,25,59
3888,03/21/2020T00:00:00 ,87,66,31,22,90
4032,03/22/2020T00:00:00 ,133,97,29,21,119
4176,03/23/2020T00:00:00 ,241,174,69,35,188
4320,03/24/2020T00:00:00 ,231,168,50,32,238
4464,03/25/2020T00:00:00 ,1250,875,97,72,335
4608,03/26/2020T00:00:00 ,1250,830,47,25,382
4752,03/27/2020T00:00:00 ,1250,932,130,77,512
4896,03/28/2020T00:00:00 ,1250,855,160,86,672
5040,03/29/2020T00:00:00 ,1250,948,47,38,719
5184,03/30/2020T00:00:00 ,1250,861,92,56,811
5328,03/31/2020T00:00:00 ,1055,824,73,55,884
5472,04/01/2020T00:00:00 ,1250,898,238,148,1122
5616,04/02/2020T00:00:00 ,1250,927,165,110,1287
5760,04/03/2020T00:00:00 ,1250,876,276,154,1563
5904,04/04/2020T00:00:00 ,1250,936,50,37,1613
6048,04/05/2020T00:00:00 ,1250,864,167,96,1780
6192,04/06/2020T00:00:00 ,1250,932,94,76,1874
6336,04/07/2020T00:00:00 ,938,714,141,85,2015
6480,04/08/2020T00:00:00 ,954,723,122,83,2137
6624,04/09/2020T00:00:00 ,1250,877,219,119,2356
6768,04/10/2020T00:00:00 ,1250,888,39,25,2395
6912,04/11/2020T00:00:00 ,1250,847,252,140,2647
7056,04/12/2020T00:00:00 ,1250,895,168,107,2815
7200,04/13/2020T00:00:00 ,1250,870,90,53,2905
7344,04/14/2020T00:00:00 ,1250,885,74,41,2979
7488,04/15/2020T00:00:00 ,1233,883,116,75,3095
7632,04/16/2020T00:00:00 ,1250,862,174,113,3269
7776,04/17/2020T00:00:00 ,1250,880,126,84,3395
7920,04/18/2020T00:00:00 ,1250,911,225,123,3620
8064,04/19/2020T00:00:00 ,1250,785,75,45,3695
8208,04/20/2020T00:00:00 ,1250,913,80,62,3775
8352,04/21/2020T00:00:00 ,1250,868,38,28,3813
8496,04/22/2020T00:00:00 ,1250,889,103,55,3916
8640,04/23/2020T00:00:00 ,1250,822,36,19,3952
8784,04/24/2020T00:00:00 ,1250,861,68,34,4020
8928,04/25/2020T00:00:00 ,1250,962,20,17,4040
9072,04/26/2020T00:00:00 ,1250,935,81,44,4121
9216,04/27/2020T00:00:00 ,1250,902,118,75,4239
9360,04/28/2020T00:00:00 ,1250,845,76,51,4315
9504,04/29/2020T00:00:00 ,1250,898,21,14,4336
9648,04/30/2020T00:00:00 ,1250,877,125,76,4461
9792,05/01/2020T00:00:00 ,1250,877,178,109,4639
9936,05/02/2020T00:00:00 ,1250,890,17,11,4656
10080,05/03/2020T00:00:00 ,1250,889,19,11,4675
10224,05/04/2020T00:00:00 ,1113,838,113,76,4788
10368,05/05/2020T00:00:00 ,1250,913,161,109,4949
10512,05/06/2020T00:00:00 ,1250,849,9,8,4958
10656,05/07/2020T00:00:00 ,1250,914,35,18,4993
10800,05/08/2020T00:00:00 ,1250,862,173,106,5166
10944,05/09/2020T00:00:00 ,1250,923,155,97,5321
11088,05/10/2020T00:00:00 ,1250,895,10,8,5331
11232,05/11/2020T00:00:00 ,1250,905,42,33,5373
11376,05/12/2020T00:00:00 ,1250,924,165,106,5538
11520,05/13/2020T00:00:00 ,1250,922,134,84,5672
11664,05/14/2020T00:00:00 ,1250,876,10,7,5682
11808,05/15/2020T00:00:00 ,1250,906,37,29,5719
11952,05/16/2020T00:00:00 ,1250,967,141,92,5860
12096,05/17/2020T00:00:00 ,1250,815,130,75,5990
12240,05/18/2020T00:00:00 ,1250,832,27,16,6017
12384,05/19/2020T00:00:00 ,1250,875,23,15,6040
12528,05/20/2020T00:00:00 ,1250,887,175,112,6215
12672,05/21/2020T00:00:00 ,1250,930,88,63,6303
12816,05/22/2020T00:00:00 ,1250,958,46,34,6349
12960,05/23/2020T00:00:00 ,1250,865,21,17,6370
13104,05/24/2020T00:00:00 ,1250,939,90,73,6460
13248,05/25/2020T00:00:00 ,1148,870,92,61,6552
13392,05/26/2020T00:00:00 ,1250,960,63,50,6615
13536,05/27/2020T00:00:00 ,1250,923,11,9,6626
13680,05/28/2020T00:00:00 ,1250,915,29,25,6655
13824,05/29/2020T00:00:00 ,1250,870,115,69,6770
13968,05/30/2020T00:00:00 ,1250,892,76,57,6846
14112,05/31/2020T00:00:00 ,1250,873,6,6,6852
14256,06/01/2020T00:00:00 ,1250,922,22,16,6874
14400,06/02/2020T00:00:00 ,1250,873,81,56,6955
14544,06/03/2020T00:00:00 ,1250,890,54,40,7009
14688,06/04/2020T00:00:00 ,1250,934,21,17,7030
14832,06/05/2020T00:00:00 ,1250,911,1,1,7031
14976,06/06/2020T00:00:00 ,1057,842,75,56,7106
15120,06/07/2020T00:00:00 ,1250,910,41,29,7147
15264,06/08/2020T00:00:00 ,1250,922,11,8,7158
15408,06/09/2020T00:00:00 ,1250,910,5,4,7163
15552,06/10/2020T00:00:00 ,1250,917,68,53,7231
15696,06/11/2020T00:00:00 ,1250,898,29,17,7260
15840,06/12/2020T00:00:00 ,1250,884,8,5,7268
15984,06/13/2020T00:00:00 ,1250,987,4,3,7272
16128,06/14/2020T00:00:00 ,1250,909,46,35,7318
16272,06/15/2020T00:00:00 ,1250,839,21,16,7339
16416,06/16/2020T00:00:00 ,1250,908,7,6,7346
16560,06/17/2020T00:00:00 ,1250,851,3,3,7349
16704,06/18/2020T00:00:00 ,1250,913,28,18,7377
16848,06/19/2020T00:00:00 ,1250,861,7,5,7384
16992,06/20/2020T00:00:00 ,1250,940,17,11,7401
17136,06/21/2020T00:00:00 ,1250,921,8,7,7409
17280,06/22/2020T00:00:00 ,1250,903,13,9,7422
17424,06/23/2020T00:00:00 ,1250,918,19,11,7441
17568,06/24/2020T00:00:00 ,1250,871,18,10,7459
17712,06/25/2020T00:00:00 ,1149,891,8,4,7467
17856,06/26/2020T00:00:00 ,1250,953,9,8,7476
18000,06/27/2020T00:00:00 ,1250,951,6,4,7482
18144,06/28/2020T00:00:00 ,1250,938,15,11,7497
18288,06/29/2020T00:00:00 ,1199,909,15,8,7512
18432,06/30/2020T00:00:00 ,1250,883,8,6,7520
