tick,iso8601,tests performed,tests performed (resident),positive tests,positive tests (resident),cumulative positive tests
144,02/24/2020T00:00:00 ,0,0,0,0,0
288,02/25/2020T00:00:00 ,0,0,0,0,0
432,02/26/2020T00:00:00 ,0,0,0,0,0
576,02/27/2020T00:00:00 ,1,1,1,1,1
720,02/28/2020T00:00:00 ,1,1,0,0,1
864,02/29/2020T00:00:00 ,1,1,1,1,2
1008,03/01/2020T00:00:00 ,0,0,0,0,2
1152,03/02/2020T00:00:00 ,1,1,1,1,3
1296,03/03/2020T00:00:00 ,1,1,0,0,3
1440,03/04/2020T00:00:00 ,1,1,0,0,3
1584,03/05/2020T00:00:00 ,2,1,0,0,3
1728,03/06/2020T00:00:00 ,2,1,1,0,4
1872,03/07/2020T00:00:00 ,2,2,1,1,5
2016,03/08/2020T00:00:00 ,3,3,2,2,7
2160,03/09/2020T00:00:00 ,4,2,1,1,8
2304,03/10/2020T00:00:00 ,6,1,3,1,11
2448,03/11/2020T00:00:00 ,9,5,7,3,18
2592,03/12/2020T00:00:00 ,16,7,8,3,26
2736,03/13/2020T00:00:00 ,24,20,10,10,36
2880,03/14/2020T00:00:00 ,26,12,8,6,44
3024,03/15/2020T00:00:00 ,31,16,12,6,56
3168,03/16/2020T00:00:00 ,31,15,13,6,69
3312,03/17/2020T00:00:00 ,20,11,11,4,80
3456,03/18/2020T00:00:00 ,34,20,14,9,94
3600,03/19/2020T00:00:00 ,45,31,14,8,108
3744,03/20/2020T00:00:00 ,40,28,22,17,130
3888,03/21/2020T00:00:00 ,33,20,17,10,147
4032,03/22/2020T00:00:00 ,27,24,15,14,162
4176,03/23/2020T00:00:00 ,21,9,13,4,175
4320,03/24/2020T00:00:00 ,23,17,11,8,186
4464,03/25/2020T00:00:00 ,20,12,9,4,195
4608,03/26/2020T00:00:00 ,13,10,6,5,201
4752,03/27/2020T00:00:00 ,14,9,6,3,207
4896,03/28/2020T00:00:00 ,7,6,2,1,209
5040,03/29/2020T00:00:00 ,5,1,4,1,213
5184,03/30/2020T00:00:00 ,6,4,1,1,214
5328,03/31/2020T00:00:00 ,6,4,1,0,215
5472,04/01/2020T00:00:00 ,5,3,2,1,217
5616,04/02/2020T00:00:00 ,5,5,0,0,217
5760,04/03/2020T00:00:00 ,1,0,1,0,218
5904,04/04/2020T00:00:00 ,6,3,2,1,220
6048,04/05/2020T00:00:00 ,1,0,1,0,221
6192,04/06/2020T00:00:00 ,2,2,2,2,223
6336,04/07/2020T00:00:00 ,4,4,1,1,224
6480,04/08/2020T00:00:00 ,1,0,0,0,224
6624,04/09/2020T00:00:00 ,3,2,0,0,224
6768,04/10/2020T00:00:00 ,6,3,3,2,227
6912,04/11/2020T00:00:00 ,3,1,1,1,228
7056,04/12/2020T00:00:00 ,4,3,3,2,231
7200,04/13/2020T00:00:00 ,6,3,2,0,233
7344,04/14/2020T00:00:00 ,4,3,1,1,234
7488,04/15/2020T00:00:00 ,0,0,0,0,234
7632,04/16/2020T00:00:00 ,2,0,0,0,234
7776,04/17/2020T00:00:00 ,4,2,3,1,237
7920,04/18/2020T00:00:00 ,1,1,1,1,238
8064,04/19/2020T00:00:00 ,2,1,2,1,240
8208,04/20/2020T00:00:00 ,5,4,1,1,241
8352,04/21/2020T00:00:00 ,3,1,2,1,243
8496,04/22/2020T00:00:00 ,4,4,1,1,244
8640,04/23/2020T00:00:00 ,1,1,1,1,245
8784,04/24/2020T00:00:00 ,1,0,0,0,245
8928,04/25/2020T00:00:00 ,165,123,4,2,249
9072,04/26/2020T00:00:00 ,293,293,5,5,254
9216,04/27/2020T00:00:00 ,316,279,8,5,262
9360,04/28/2020T00:00:00 ,3,2,0,0,262
9504,04/29/2020T00:00:00 ,8,6,6,5,268
9648,04/30/2020T00:00:00 ,2,2,2,2,270
9792,05/01/2020T00:00:00 ,367,312,6,1,276
9936,05/02/2020T00:00:00 ,3,3,1,1,277
10080,05/03/2020T00:00:00 ,17,12,8,5,285
10224,05/04/2020T00:00:00 ,0,0,0,0,285
10368,05/05/2020T00:00:00 ,334,312,8,6,293
10512,05/06/2020T00:00:00 ,22,14,0,0,293
10656,05/07/2020T00:00:00 ,8,5,5,4,298
10800,05/08/2020T00:00:00 ,335,252,0,0,298
10944,05/09/2020T00:00:00 ,334,312,8,6,306
11088,05/10/2020T00:00:00 ,0,0,0,0,306
11232,05/11/2020T00:00:00 ,14,12,3,3,309
11376,05/12/2020T00:00:00 ,0,0,0,0,309
11520,05/13/2020T00:00:00 ,324,311,5,4,314
11664,05/14/2020T00:00:00 ,0,0,0,0,314
11808,05/15/2020T00:00:00 ,16,15,3,3,317
11952,05/16/2020T00:00:00 ,0,0,0,0,317
12096,05/17/2020T00:00:00 ,317,222,0,0,317
12240,05/18/2020T00:00:00 ,0,0,0,0,317
12384,05/19/2020T00:00:00 ,11,10,1,1,318
12528,05/20/2020T00:00:00 ,0,0,0,0,318
12672,05/21/2020T00:00:00 ,299,295,1,1,319
12816,05/22/2020T00:00:00 ,0,0,0,0,319
12960,05/23/2020T00:00:00 ,3,3,0,0,319
13104,05/24/2020T00:00:00 ,7,4,0,0,319
13248,05/25/2020T00:00:00 ,22,19,1,1,320
13392,05/26/2020T00:00:00 ,33,20,0,0,320
13536,05/27/2020T00:00:00 ,420,290,2,0,322
13680,05/28/2020T00:00:00 ,18,13,0,0,322
13824,05/29/2020T00:00:00 ,32,24,0,0,322
13968,05/30/2020T00:00:00 ,356,275,0,0,322
14112,05/31/2020T00:00:00 ,500,335,2,0,324
14256,06/01/2020T00:00:00 ,497,382,0,0,324
14400,06/02/2020T00:00:00 ,530,390,0,0,324
14544,06/03/2020T00:00:00 ,480,358,0,0,324
14688,06/04/2020T00:00:00 ,532,412,0,0,324
14832,06/05/2020T00:00:00 ,634,479,0,0,324
14976,06/06/2020T00:00:00 ,676,465,0,0,324
15120,06/07/2020T00:00:00 ,770,610,0,0,324
15264,06/08/2020T00:00:00 ,858,666,0,0,324
15408,06/09/2020T00:00:00 ,983,786,0,0,324
15552,06/10/2020T00:00:00 ,1040,816,0,0,324
15696,06/11/2020T00:00:00 ,828,624,0,0,324
15840,06/12/2020T00:00:00 ,829,641,0,0,324
15984,06/13/2020T00:00:00 ,1240,961,0,0,324
16128,06/14/2020T00:00:00 ,1318,989,1,1,325
16272,06/15/2020T00:00:00 ,1411,1084,0,0,325
16416,06/16/2020T00:00:00 ,1445,1103,0,0,325
16560,06/17/2020T00:00:00 ,1533,1164,0,0,325
16704,06/18/2020T00:00:00 ,1527,1154,0,0,325
16848,06/19/2020T00:00:00 ,1570,1188,0,0,325
16992,06/20/2020T00:00:00 ,1357,1068,0,0,325
17136,06/21/2020T00:00:00 ,1315,998,0,0,325
17280,06/22/2020T00:00:00 ,1284,967,0,0,325
17424,06/23/2020T00:00:00 ,1237,961,0,0,325
17568,06/24/2020T00:00:00 ,1229,981,0,0,325
17712,06/25/2020T00:00:00 ,1244,975,0,0,325
17856,06/26/2020T00:00:00 ,1319,1034,0,0,325
18000,06/27/2020T00:00:00 ,1626,1243,0,0,325
18144,06/28/2020T00:00:00 ,1801,1376,0,0,325
18288,06/29/2020T00:00:00 ,2006,1567,0,0,325
18432,06/30/2020T00:00:00 ,2182,1692,0,0,325
