tick,iso8601,tests performed,tests performed (resident),positive tests,positive tests (resident),cumulative positive tests
144,02/24/2020T00:00:00 ,0,0,0,0,0
288,02/25/2020T00:00:00 ,0,0,0,0,0
432,02/26/2020T00:00:00 ,0,0,0,0,0
576,02/27/2020T00:00:00 ,1,1,0,0,0
720,02/28/2020T00:00:00 ,1,1,1,1,1
864,02/29/2020T00:00:00 ,1,1,1,1,2
1008,03/01/2020T00:00:00 ,1,1,0,0,2
1152,03/02/2020T00:00:00 ,1,1,0,0,2
1296,03/03/2020T00:00:00 ,0,0,0,0,2
1440,03/04/2020T00:00:00 ,1,0,0,0,2
1584,03/05/2020T00:00:00 ,2,1,0,0,2
1728,03/06/2020T00:00:00 ,2,2,1,1,3
1872,03/07/2020T00:00:00 ,2,0,2,0,5
2016,03/08/2020T00:00:00 ,3,2,1,0,6
2160,03/09/2020T00:00:00 ,4,2,2,1,8
2304,03/10/2020T00:00:00 ,4,2,0,0,8
2448,03/11/2020T00:00:00 ,1,1,0,0,8
2592,03/12/2020T00:00:00 ,3,3,1,1,9
2736,03/13/2020T00:00:00 ,5,2,2,1,11
2880,03/14/2020T00:00:00 ,7,2,4,1,15
3024,03/15/2020T00:00:00 ,9,4,4,1,19
3168,03/16/2020T00:00:00 ,6,4,3,2,22
3312,03/17/2020T00:00:00 ,11,5,4,2,26
3456,03/18/2020T00:00:00 ,6,4,4,2,30
3600,03/19/2020T00:00:00 ,17,12,10,7,40
3744,03/20/2020T00:00:00 ,16,10,9,7,49
3888,03/21/2020T00:00:00 ,23,15,10,7,59
4032,03/22/2020T00:00:00 ,12,7,3,1,62
4176,03/23/2020T00:00:00 ,19,7,8,5,70
4320,03/24/2020T00:00:00 ,18,13,8,7,78
4464,03/25/2020T00:00:00 ,16,7,7,3,85
4608,03/26/2020T00:00:00 ,14,10,8,5,93
4752,03/27/2020T00:00:00 ,12,5,5,2,98
4896,03/28/2020T00:00:00 ,8,5,3,1,101
5040,03/29/2020T00:00:00 ,7,3,1,0,102
5184,03/30/2020T00:00:00 ,5,4,2,2,104
5328,03/31/2020T00:00:00 ,3,3,1,1,105
5472,04/01/2020T00:00:00 ,4,4,1,1,106
5616,04/02/2020T00:00:00 ,3,3,1,1,107
5760,04/03/2020T00:00:00 ,4,4,2,2,109
5904,04/04/2020T00:00:00 ,3,2,1,1,110
6048,04/05/2020T00:00:00 ,3,1,2,1,112
6192,04/06/2020T00:00:00 ,3,1,0,0,112
6336,04/07/2020T00:00:00 ,1,1,0,0,112
6480,04/08/2020T00:00:00 ,1,1,0,0,112
6624,04/09/2020T00:00:00 ,1,1,0,0,112
6768,04/10/2020T00:00:00 ,1,1,1,1,113
6912,04/11/2020T00:00:00 ,2,1,1,0,114
7056,04/12/2020T00:00:00 ,0,0,0,0,114
7200,04/13/2020T00:00:00 ,0,0,0,0,114
7344,04/14/2020T00:00:00 ,2,2,2,2,116
7488,04/15/2020T00:00:00 ,1,1,1,1,117
7632,04/16/2020T00:00:00 ,1,1,0,0,117
7776,04/17/2020T00:00:00 ,0,0,0,0,117
7920,04/18/2020T00:00:00 ,2,2,1,1,118
8064,04/19/2020T00:00:00 ,0,0,0,0,118
8208,04/20/2020T00:00:00 ,3,2,1,1,119
8352,04/21/2020T00:00:00 ,1,1,1,1,120
8496,04/22/2020T00:00:00 ,1,1,1,1,121
8640,04/23/2020T00:00:00 ,1,0,1,0,122
8784,04/24/2020T00:00:00 ,0,0,0,0,122
8928,04/25/2020T00:00:00 ,0,0,0,0,122
9072,04/26/2020T00:00:00 ,293,230,2,2,124
9216,04/27/2020T00:00:00 ,316,296,0,0,124
9360,04/28/2020T00:00:00 ,35,28,0,0,124
9504,04/29/2020T00:00:00 ,1,1,0,0,124
9648,04/30/2020T00:00:00 ,0,0,0,0,124
9792,05/01/2020T00:00:00 ,0,0,0,0,124
9936,05/02/2020T00:00:00 ,371,230,1,0,125
10080,05/03/2020T00:00:00 ,0,0,0,0,125
10224,05/04/2020T00:00:00 ,0,0,0,0,125
10368,05/05/2020T00:00:00 ,0,0,0,0,125
10512,05/06/2020T00:00:00 ,0,0,0,0,125
10656,05/07/2020T00:00:00 ,0,0,0,0,125
10800,05/08/2020T00:00:00 ,335,231,0,0,125
10944,05/09/2020T00:00:00 ,0,0,0,0,125
11088,05/10/2020T00:00:00 ,0,0,0,0,125
11232,05/11/2020T00:00:00 ,0,0,0,0,125
11376,05/12/2020T00:00:00 ,0,0,0,0,125
11520,05/13/2020T00:00:00 ,0,0,0,0,125
11664,05/14/2020T00:00:00 ,0,0,0,0,125
11808,05/15/2020T00:00:00 ,0,0,0,0,125
11952,05/16/2020T00:00:00 ,0,0,0,0,125
12096,05/17/2020T00:00:00 ,0,0,0,0,125
12240,05/18/2020T00:00:00 ,0,0,0,0,125
12384,05/19/2020T00:00:00 ,0,0,0,0,125
12528,05/20/2020T00:00:00 ,0,0,0,0,125
12672,05/21/2020T00:00:00 ,0,0,0,0,125
12816,05/22/2020T00:00:00 ,0,0,0,0,125
12960,05/23/2020T00:00:00 ,11,10,0,0,125
13104,05/24/2020T00:00:00 ,9,9,0,0,125
13248,05/25/2020T00:00:00 ,23,19,0,0,125
13392,05/26/2020T00:00:00 ,23,20,0,0,125
13536,05/27/2020T00:00:00 ,11,10,0,0,125
13680,05/28/2020T00:00:00 ,19,15,0,0,125
13824,05/29/2020T00:00:00 ,31,21,0,0,125
13968,05/30/2020T00:00:00 ,340,268,0,0,125
14112,05/31/2020T00:00:00 ,297,236,0,0,125
14256,06/01/2020T00:00:00 ,497,379,0,0,125
14400,06/02/2020T00:00:00 ,530,417,0,0,125
14544,06/03/2020T00:00:00 ,526,418,0,0,125
14688,06/04/2020T00:00:00 ,542,433,0,0,125
14832,06/05/2020T00:00:00 ,634,490,0,0,125
14976,06/06/2020T00:00:00 ,676,525,0,0,125
15120,06/07/2020T00:00:00 ,770,598,0,0,125
15264,06/08/2020T00:00:00 ,858,674,0,0,125
15408,06/09/2020T00:00:00 ,983,742,0,0,125
15552,06/10/2020T00:00:00 ,1040,803,0,0,125
15696,06/11/2020T00:00:00 ,748,553,0,0,125
15840,06/12/2020T00:00:00 ,847,673,0,0,125
15984,06/13/2020T00:00:00 ,1240,956,0,0,125
16128,06/14/2020T00:00:00 ,1318,1018,0,0,125
16272,06/15/2020T00:00:00 ,1411,1083,0,0,125
16416,06/16/2020T00:00:00 ,1445,1126,0,0,125
16560,06/17/2020T00:00:00 ,1533,1203,0,0,125
16704,06/18/2020T00:00:00 ,1527,1135,0,0,125
16848,06/19/2020T00:00:00 ,1570,1227,0,0,125
16992,06/20/2020T00:00:00 ,1357,1089,0,0,125
17136,06/21/2020T00:00:00 ,1315,1023,0,0,125
17280,06/22/2020T00:00:00 ,1284,995,0,0,125
17424,06/23/2020T00:00:00 ,1237,950,0,0,125
17568,06/24/2020T00:00:00 ,1229,925,0,0,125
17712,06/25/2020T00:00:00 ,1244,931,0,0,125
17856,06/26/2020T00:00:00 ,1319,1033,0,0,125
18000,06/27/2020T00:00:00 ,1626,1247,0,0,125
18144,06/28/2020T00:00:00 ,1801,1375,0,0,125
18288,06/29/2020T00:00:00 ,2006,1552,0,0,125
18432,06/30/2020T00:00:00 ,2182,1706,0,0,125
