tick,iso8601,SUSCEPTIBLE,EXPOSED,ASYMPTOMATIC,PREINFECTED,INFECTED,HOSPITALIZING,VENTILATING,RECOVERED,DEAD,CASES
0,02/23/2020T00:00:00 ,156480,0,64,16,0,0,0,0,0,80
1,02/23/2020T00:10:00 ,156480,0,64,16,0,0,0,0,0,80
2,02/23/2020T00:20:00 ,156479,1,64,16,0,0,0,0,0,81
3,02/23/2020T00:30:00 ,156479,1,64,16,0,0,0,0,0,81
4,02/23/2020T00:40:00 ,156479,1,64,16,0,0,0,0,0,81
5,02/23/2020T00:50:00 ,156479,1,64,16,0,0,0,0,0,81
6,02/23/2020T01:00:00 ,156479,1,64,16,0,0,0,0,0,81
7,02/23/2020T01:10:00 ,156479,1,64,16,0,0,0,0,0,81
8,02/23/2020T01:20:00 ,156479,1,64,16,0,0,0,0,0,81
9,02/23/2020T01:30:00 ,156479,1,64,16,0,0,0,0,0,81
10,02/23/2020T01:40:00 ,156479,1,64,16,0,0,0,0,0,81
11,02/23/2020T01:50:00 ,156479,1,64,16,0,0,0,0,0,81
12,02/23/2020T02:00:00 ,156479,1,64,16,0,0,0,0,0,81
13,02/23/2020T02:10:00 ,156478,2,64,16,0,0,0,0,0,82
14,02/23/2020T02:20:00 ,156478,2,64,16,0,0,0,0,0,82
15,02/23/2020T02:30:00 ,156478,2,64,16,0,0,0,0,0,82
16,02/23/2020T02:40:00 ,156477,3,64,16,0,0,0,0,0,83
17,02/23/2020T02:50:00 ,156477,3,64,16,0,0,0,0,0,83
18,02/23/2020T03:00:00 ,156477,3,64,16,0,0,0,0,0,83
19,02/23/2020T03:10:00 ,156477,3,64,16,0,0,0,0,0,83
20,02/23/2020T03:20:00 ,156477,3,64,16,0,0,0,0,0,83
21,02/23/2020T03:30:00 ,156477,3,64,16,0,0,0,0,0,83
22,02/23/2020T03:40:00 ,156477,3,64,16,0,0,0,0,0,83
23,02/23/2020T03:50:00 ,156477,3,64,16,0,0,0,0,0,83
24,02/23/2020T04:00:00 ,156477,3,64,16,0,0,0,0,0,83
25,02/23/2020T04:10:00 ,156477,3,64,16,0,0,0,0,0,83
26,02/23/2020T04:20:00 ,156477,3,64,16,0,0,0,0,0,83
27,02/23/2020T04:30:00 ,156477,3,64,16,0,0,0,0,0,83
28,02/23/2020T04:40:00 ,156477,3,64,16,0,0,0,0,0,83
29,02/23/2020T04:50:00 ,156477,3,64,16,0,0,0,0,0,83
30,02/23/2020T05:00:00 ,156477,3,64,16,0,0,0,0,0,83
31,02/23/2020T05:10:00 ,156477,3,64,16,0,0,0,0,0,83
32,02/23/2020T05:20:00 ,156477,3,64,16,0,0,0,0,0,83
33,02/23/2020T05:30:00 ,156477,3,64,16,0,0,0,0,0,83
34,02/23/2020T05:40:00 ,156477,3,64,16,0,0,0,0,0,83
35,02/23/2020T05:50:00 ,156477,3,64,16,0,0,0,0,0,83
36,02/23/2020T06:00:00 ,156477,3,64,16,0,0,0,0,0,83
37,02/23/2020T06:10:00 ,156477,3,64,16,0,0,0,0,0,83
38,02/23/2020T06:20:00 ,156477,3,64,16,0,0,0,0,0,83
39,02/23/2020T06:30:00 ,156477,3,64,16,0,0,0,0,0,83
40,02/23/2020T06:40:00 ,156477,3,64,16,0,0,0,0,0,83
41,02/23/2020T06:50:00 ,156477,3,64,16,0,0,0,0,0,83
42,02/23/2020T07:00:00 ,156477,3,64,16,0,0,0,0,0,83
43,02/23/2020T07:10:00 ,156477,3,64,16,0,0,0,0,0,83
44,02/23/2020T07:20:00 ,156477,3,64,16,0,0,0,0,0,83
45,02/23/2020T07:30:00 ,156477,3,64,16,0,0,0,0,0,83
46,02/23/2020T07:40:00 ,156477,3,64,16,0,0,0,0,0,83
47,02/23/2020T07:50:00 ,156477,3,64,16,0,0,0,0,0,83
48,02/23/2020T08:00:00 ,156477,3,64,16,0,0,0,0,0,83
49,02/23/2020T08:10:00 ,156477,3,64,16,0,0,0,0,0,83
50,02/23/2020T08:20:00 ,156477,3,64,16,0,0,0,0,0,83
51,02/23/2020T08:30:00 ,156477,3,64,16,0,0,0,0,0,83
52,02/23/2020T08:40:00 ,156477,3,64,16,0,0,0,0,0,83
53,02/23/2020T08:50:00 ,156477,3,64,16,0,0,0,0,0,83
54,02/23/2020T09:00:00 ,156477,3,64,16,0,0,0,0,0,83
55,02/23/2020T09:10:00 ,156477,3,64,16,0,0,0,0,0,83
56,02/23/2020T09:20:00 ,156477,3,64,16,0,0,0,0,0,83
57,02/23/2020T09:30:00 ,156477,3,64,16,0,0,0,0,0,83
58,02/23/2020T09:40:00 ,156477,3,64,16,0,0,0,0,0,83
59,02/23/2020T09:50:00 ,156477,3,64,16,0,0,0,0,0,83
60,02/23/2020T10:00:00 ,156477,3,64,16,0,0,0,0,0,83
61,02/23/2020T10:10:00 ,156477,3,64,16,0,0,0,0,0,83
62,02/23/2020T10:20:00 ,156477,3,64,16,0,0,0,0,0,83
63,02/23/2020T10:30:00 ,156477,3,64,16,0,0,0,0,0,83
64,02/23/2020T10:40:00 ,156477,3,64,16,0,0,0,0,0,83
65,02/23/2020T10:50:00 ,156477,3,64,16,0,0,0,0,0,83
66,02/23/2020T11:00:00 ,156477,3,64,16,0,0,0,0,0,83
67,02/23/2020T11:10:00 ,156477,3,64,16,0,0,0,0,0,83
68,02/23/2020T11:20:00 ,156477,3,64,16,0,0,0,0,0,83
69,02/23/2020T11:30:00 ,156477,3,64,16,0,0,0,0,0,83
70,02/23/2020T11:40:00 ,156477,3,64,16,0,0,0,0,0,83
71,02/23/2020T11:50:00 ,156477,3,64,16,0,0,0,0,0,83
72,02/23/2020T12:00:00 ,156477,3,64,16,0,0,0,0,0,83
73,02/23/2020T12:10:00 ,156477,3,64,16,0,0,0,0,0,83
74,02/23/2020T12:20:00 ,156477,3,64,16,0,0,0,0,0,83
75,02/23/2020T12:30:00 ,156477,3,64,16,0,0,0,0,0,83
76,02/23/2020T12:40:00 ,156477,3,64,16,0,0,0,0,0,83
77,02/23/2020T12:50:00 ,156477,3,64,16,0,0,0,0,0,83
78,02/23/2020T13:00:00 ,156477,3,64,16,0,0,0,0,0,83
79,02/23/2020T13:10:00 ,156477,3,64,16,0,0,0,0,0,83
80,02/23/2020T13:20:00 ,156477,3,64,16,0,0,0,0,0,83
81,02/23/2020T13:30:00 ,156477,3,64,16,0,0,0,0,0,83
82,02/23/2020T13:40:00 ,156477,3,64,16,0,0,0,0,0,83
83,02/23/2020T13:50:00 ,156477,3,64,16,0,0,0,0,0,83
84,02/23/2020T14:00:00 ,156477,3,64,16,0,0,0,0,0,83
85,02/23/2020T14:10:00 ,156477,3,64,16,0,0,0,0,0,83
86,02/23/2020T14:20:00 ,156477,3,64,16,0,0,0,0,0,83
87,02/23/2020T14:30:00 ,156477,3,64,16,0,0,0,0,0,83
88,02/23/2020T14:40:00 ,156477,3,64,16,0,0,0,0,0,83
89,02/23/2020T14:50:00 ,156477,3,64,16,0,0,0,0,0,83
90,02/23/2020T15:00:00 ,156477,3,64,16,0,0,0,0,0,83
91,02/23/2020T15:10:00 ,156477,3,64,16,0,0,0,0,0,83
92,02/23/2020T15:20:00 ,156477,3,64,16,0,0,0,0,0,83
93,02/23/2020T15:30:00 ,156477,3,64,16,0,0,0,0,0,83
94,02/23/2020T15:40:00 ,156477,3,64,15,1,0,0,0,0,83
95,02/23/2020T15:50:00 ,156477,3,64,15,1,0,0,0,0,83
96,02/23/2020T16:00:00 ,156477,3,64,15,1,0,0,0,0,83
97,02/23/2020T16:10:00 ,156477,3,64,15,1,0,0,0,0,83
98,02/23/2020T16:20:00 ,156477,3,64,15,1,0,0,0,0,83
99,02/23/2020T16:30:00 ,156477,3,64,15,1,0,0,0,0,83
100,02/23/2020T16:40:00 ,156477,3,64,15,1,0,0,0,0,83
101,02/23/2020T16:50:00 ,156477,3,64,15,1,0,0,0,0,83
102,02/23/2020T17:00:00 ,156477,3,64,15,1,0,0,0,0,83
103,02/23/2020T17:10:00 ,156477,3,64,15,1,0,0,0,0,83
104,02/23/2020T17:20:00 ,156477,3,64,14,2,0,0,0,0,83
105,02/23/2020T17:30:00 ,156477,3,64,14,2,0,0,0,0,83
106,02/23/2020T17:40:00 ,156477,3,64,14,2,0,0,0,0,83
107,02/23/2020T17:50:00 ,156477,3,64,14,2,0,0,0,0,83
108,02/23/2020T18:00:00 ,156477,3,64,14,2,0,0,0,0,83
109,02/23/2020T18:10:00 ,156477,3,64,14,2,0,0,0,0,83
110,02/23/2020T18:20:00 ,156477,3,64,14,2,0,0,0,0,83
111,02/23/2020T18:30:00 ,156477,3,64,14,2,0,0,0,0,83
112,02/23/2020T18:40:00 ,156477,3,64,14,2,0,0,0,0,83
113,02/23/2020T18:50:00 ,156477,3,64,14,2,0,0,0,0,83
114,02/23/2020T19:00:00 ,156477,3,64,14,2,0,0,0,0,83
115,02/23/2020T19:10:00 ,156477,3,64,14,2,0,0,0,0,83
116,02/23/2020T19:20:00 ,156477,3,64,14,2,0,0,0,0,83
117,02/23/2020T19:30:00 ,156477,3,64,14,2,0,0,0,0,83
118,02/23/2020T19:40:00 ,156477,3,64,14,2,0,0,0,0,83
119,02/23/2020T19:50:00 ,156477,3,64,14,2,0,0,0,0,83
120,02/23/2020T20:00:00 ,156477,3,64,14,2,0,0,0,0,83
121,02/23/2020T20:10:00 ,156477,3,64,14,2,0,0,0,0,83
122,02/23/2020T20:20:00 ,156477,3,64,14,2,0,0,0,0,83
123,02/23/2020T20:30:00 ,156477,3,64,13,3,0,0,0,0,83
124,02/23/2020T20:40:00 ,156477,3,64,13,3,0,0,0,0,83
125,02/23/2020T20:50:00 ,156477,3,64,13,3,0,0,0,0,83
126,02/23/2020T21:00:00 ,156477,3,64,13,3,0,0,0,0,83
127,02/23/2020T21:10:00 ,156477,3,64,13,3,0,0,0,0,83
128,02/23/2020T21:20:00 ,156476,4,64,13,3,0,0,0,0,84
129,02/23/2020T21:30:00 ,156475,5,64,13,3,0,0,0,0,85
130,02/23/2020T21:40:00 ,156475,5,64,13,3,0,0,0,0,85
131,02/23/2020T21:50:00 ,156475,5,64,13,3,0,0,0,0,85
132,02/23/2020T22:00:00 ,156475,5,64,13,3,0,0,0,0,85
133,02/23/2020T22:10:00 ,156475,5,64,13,3,0,0,0,0,85
134,02/23/2020T22:20:00 ,156475,5,64,13,3,0,0,0,0,85
135,02/23/2020T22:30:00 ,156475,5,64,13,3,0,0,0,0,85
136,02/23/2020T22:40:00 ,156475,5,64,13,3,0,0,0,0,85
137,02/23/2020T22:50:00 ,156475,5,64,13,3,0,0,0,0,85
138,02/23/2020T23:00:00 ,156475,5,64,12,4,0,0,0,0,85
139,02/23/2020T23:10:00 ,156475,5,64,12,4,0,0,0,0,85
140,02/23/2020T23:20:00 ,156475,5,64,12,4,0,0,0,0,85
141,02/23/2020T23:30:00 ,156475,5,64,12,4,0,0,0,0,85
142,02/23/2020T23:40:00 ,156475,5,64,12,4,0,0,0,0,85
143,02/23/2020T23:50:00 ,156475,5,64,12,4,0,0,0,0,85
144,02/24/2020T00:00:00 ,156475,5,64,12,4,0,0,0,0,85
145,02/24/2020T00:10:00 ,156475,5,64,12,4,0,0,0,0,85
146,02/24/2020T00:20:00 ,156475,5,64,12,4,0,0,0,0,85
147,02/24/2020T00:30:00 ,156475,5,64,12,4,0,0,0,0,85
148,02/24/2020T00:40:00 ,156475,5,64,12,4,0,0,0,0,85
149,02/24/2020T00:50:00 ,156475,5,64,12,4,0,0,0,0,85
150,02/24/2020T01:00:00 ,156475,5,64,12,4,0,0,0,0,85
151,02/24/2020T01:10:00 ,156475,5,64,12,4,0,0,0,0,85
152,02/24/2020T01:20:00 ,156475,5,63,12,4,0,0,1,0,84
153,02/24/2020T01:30:00 ,156475,5,63,12,4,0,0,1,0,84
154,02/24/2020T01:40:00 ,156475,5,63,12,4,0,0,1,0,84
155,02/24/2020T01:50:00 ,156474,6,63,12,4,0,0,1,0,85
156,02/24/2020T02:00:00 ,156474,6,63,12,4,0,0,1,0,85
157,02/24/2020T02:10:00 ,156474,6,63,12,4,0,0,1,0,85
158,02/24/2020T02:20:00 ,156474,6,63,12,4,0,0,1,0,85
159,02/24/2020T02:30:00 ,156474,6,63,12,4,0,0,1,0,85
160,02/24/2020T02:40:00 ,156474,6,63,12,4,0,0,1,0,85
161,02/24/2020T02:50:00 ,156474,6,63,12,4,0,0,1,0,85
162,02/24/2020T03:00:00 ,156474,6,63,12,4,0,0,1,0,85
163,02/24/2020T03:10:00 ,156474,6,63,12,4,0,0,1,0,85
164,02/24/2020T03:20:00 ,156474,6,63,12,4,0,0,1,0,85
165,02/24/2020T03:30:00 ,156474,6,63,12,4,0,0,1,0,85
166,02/24/2020T03:40:00 ,156474,6,63,12,4,0,0,1,0,85
167,02/24/2020T03:50:00 ,156474,6,63,12,4,0,0,1,0,85
168,02/24/2020T04:00:00 ,156474,6,63,12,4,0,0,1,0,85
169,02/24/2020T04:10:00 ,156474,6,63,12,4,0,0,1,0,85
170,02/24/2020T04:20:00 ,156473,7,63,12,4,0,0,1,0,86
171,02/24/2020T04:30:00 ,156473,7,63,12,4,0,0,1,0,86
172,02/24/2020T04:40:00 ,156473,7,63,12,4,0,0,1,0,86
173,02/24/2020T04:50:00 ,156473,7,63,12,4,0,0,1,0,86
174,02/24/2020T05:00:00 ,156473,7,63,12,4,0,0,1,0,86
175,02/24/2020T05:10:00 ,156473,7,63,12,4,0,0,1,0,86
176,02/24/2020T05:20:00 ,156473,7,63,12,4,0,0,1,0,86
177,02/24/2020T05:30:00 ,156473,7,63,12,4,0,0,1,0,86
178,02/24/2020T05:40:00 ,156473,7,63,11,5,0,0,1,0,86
179,02/24/2020T05:50:00 ,156473,7,63,11,5,0,0,1,0,86
180,02/24/2020T06:00:00 ,156473,7,63,11,5,0,0,1,0,86
181,02/24/2020T06:10:00 ,156473,7,63,11,5,0,0,1,0,86
182,02/24/2020T06:20:00 ,156473,7,63,11,5,0,0,1,0,86
183,02/24/2020T06:30:00 ,156473,7,63,11,5,0,0,1,0,86
184,02/24/2020T06:40:00 ,156473,7,63,11,5,0,0,1,0,86
185,02/24/2020T06:50:00 ,156473,7,63,11,5,0,0,1,0,86
186,02/24/2020T07:00:00 ,156473,7,63,11,5,0,0,1,0,86
187,02/24/2020T07:10:00 ,156473,7,63,11,5,0,0,1,0,86
188,02/24/2020T07:20:00 ,156473,7,63,11,5,0,0,1,0,86
189,02/24/2020T07:30:00 ,156473,7,63,11,5,0,0,1,0,86
190,02/24/2020T07:40:00 ,156473,7,63,11,5,0,0,1,0,86
191,02/24/2020T07:50:00 ,156473,7,63,11,5,0,0,1,0,86
192,02/24/2020T08:00:00 ,156473,7,63,11,5,0,0,1,0,86
193,02/24/2020T08:10:00 ,156473,7,63,11,5,0,0,1,0,86
194,02/24/2020T08:20:00 ,156473,7,63,10,6,0,0,1,0,86
195,02/24/2020T08:30:00 ,156473,7,63,10,6,0,0,1,0,86
196,02/24/2020T08:40:00 ,156473,7,63,10,6,0,0,1,0,86
197,02/24/2020T08:50:00 ,156473,7,63,9,7,0,0,1,0,86
198,02/24/2020T09:00:00 ,156473,7,63,9,7,0,0,1,0,86
199,02/24/2020T09:10:00 ,156473,7,63,9,7,0,0,1,0,86
200,02/24/2020T09:20:00 ,156473,7,63,9,7,0,0,1,0,86
201,02/24/2020T09:30:00 ,156473,7,63,8,8,0,0,1,0,86
202,02/24/2020T09:40:00 ,156473,7,63,8,8,0,0,1,0,86
203,02/24/2020T09:50:00 ,156473,7,63,8,8,0,0,1,0,86
204,02/24/2020T10:00:00 ,156473,7,63,8,8,0,0,1,0,86
205,02/24/2020T10:10:00 ,156473,7,63,8,8,0,0,1,0,86
206,02/24/2020T10:20:00 ,156473,7,63,8,8,0,0,1,0,86
207,02/24/2020T10:30:00 ,156473,7,63,8,8,0,0,1,0,86
208,02/24/2020T10:40:00 ,156473,7,63,8,8,0,0,1,0,86
209,02/24/2020T10:50:00 ,156473,7,63,8,8,0,0,1,0,86
210,02/24/2020T11:00:00 ,156473,7,63,8,8,0,0,1,0,86
211,02/24/2020T11:10:00 ,156472,8,63,8,8,0,0,1,0,87
212,02/24/2020T11:20:00 ,156472,8,63,8,8,0,0,1,0,87
213,02/24/2020T11:30:00 ,156472,8,63,8,8,0,0,1,0,87
214,02/24/2020T11:40:00 ,156472,8,63,8,8,0,0,1,0,87
215,02/24/2020T11:50:00 ,156472,8,63,8,8,0,0,1,0,87
216,02/24/2020T12:00:00 ,156472,8,63,8,8,0,0,1,0,87
217,02/24/2020T12:10:00 ,156472,8,63,8,8,0,0,1,0,87
218,02/24/2020T12:20:00 ,156472,8,63,8,8,0,0,1,0,87
219,02/24/2020T12:30:00 ,156472,8,63,8,8,0,0,1,0,87
220,02/24/2020T12:40:00 ,156472,8,63,8,8,0,0,1,0,87
221,02/24/2020T12:50:00 ,156472,8,62,8,8,0,0,2,0,86
222,02/24/2020T13:00:00 ,156472,8,62,8,8,0,0,2,0,86
223,02/24/2020T13:10:00 ,156472,8,62,8,8,0,0,2,0,86
224,02/24/2020T13:20:00 ,156472,8,62,8,8,0,0,2,0,86
225,02/24/2020T13:30:00 ,156472,8,62,8,8,0,0,2,0,86
226,02/24/2020T13:40:00 ,156472,8,62,8,8,0,0,2,0,86
227,02/24/2020T13:50:00 ,156472,8,62,8,8,0,0,2,0,86
228,02/24/2020T14:00:00 ,156472,8,62,8,8,0,0,2,0,86
229,02/24/2020T14:10:00 ,156472,8,62,7,9,0,0,2,0,86
230,02/24/2020T14:20:00 ,156472,8,62,7,9,0,0,2,0,86
231,02/24/2020T14:30:00 ,156472,8,62,7,9,0,0,2,0,86
232,02/24/2020T14:40:00 ,156472,8,62,7,9,0,0,2,0,86
233,02/24/2020T14:50:00 ,156472,8,62,7,9,0,0,2,0,86
234,02/24/2020T15:00:00 ,156472,8,62,7,9,0,0,2,0,86
235,02/24/2020T15:10:00 ,156472,8,62,7,9,0,0,2,0,86
236,02/24/2020T15:20:00 ,156472,8,62,7,9,0,0,2,0,86
237,02/24/2020T15:30:00 ,156472,8,62,7,9,0,0,2,0,86
238,02/24/2020T15:40:00 ,156472,8,62,7,9,0,0,2,0,86
239,02/24/2020T15:50:00 ,156472,8,62,7,9,0,0,2,0,86
240,02/24/2020T16:00:00 ,156472,8,62,7,9,0,0,2,0,86
241,02/24/2020T16:10:00 ,156471,9,62,7,9,0,0,2,0,87
242,02/24/2020T16:20:00 ,156471,9,62,7,9,0,0,2,0,87
243,02/24/2020T16:30:00 ,156471,9,62,7,9,0,0,2,0,87
244,02/24/2020T16:40:00 ,156471,9,62,7,9,0,0,2,0,87
245,02/24/2020T16:50:00 ,156471,9,62,7,9,0,0,2,0,87
246,02/24/2020T17:00:00 ,156471,9,62,7,9,0,0,2,0,87
247,02/24/2020T17:10:00 ,156471,9,62,7,9,0,0,2,0,87
248,02/24/2020T17:20:00 ,156471,9,61,7,9,0,0,3,0,86
249,02/24/2020T17:30:00 ,156471,9,61,7,9,0,0,3,0,86
250,02/24/2020T17:40:00 ,156471,9,61,7,9,0,0,3,0,86
251,02/24/2020T17:50:00 ,156471,9,61,7,9,0,0,3,0,86
252,02/24/2020T18:00:00 ,156471,9,61,7,9,0,0,3,0,86
253,02/24/2020T18:10:00 ,156471,9,61,7,9,0,0,3,0,86
254,02/24/2020T18:20:00 ,156471,9,61,7,9,0,0,3,0,86
255,02/24/2020T18:30:00 ,156471,9,61,6,10,0,0,3,0,86
256,02/24/2020T18:40:00 ,156471,9,61,6,9,0,0,4,0,85
257,02/24/2020T18:50:00 ,156470,10,61,6,9,0,0,4,0,86
258,02/24/2020T19:00:00 ,156470,10,61,6,9,0,0,4,0,86
259,02/24/2020T19:10:00 ,156470,10,61,6,9,0,0,4,0,86
260,02/24/2020T19:20:00 ,156470,10,61,6,9,0,0,4,0,86
261,02/24/2020T19:30:00 ,156470,10,61,6,9,0,0,4,0,86
262,02/24/2020T19:40:00 ,156470,10,61,6,9,0,0,4,0,86
263,02/24/2020T19:50:00 ,156470,10,61,6,9,0,0,4,0,86
264,02/24/2020T20:00:00 ,156470,10,61,6,9,0,0,4,0,86
265,02/24/2020T20:10:00 ,156470,10,61,6,9,0,0,4,0,86
266,02/24/2020T20:20:00 ,156470,10,61,6,9,0,0,4,0,86
267,02/24/2020T20:30:00 ,156470,10,61,6,9,0,0,4,0,86
268,02/24/2020T20:40:00 ,156470,10,61,6,9,0,0,4,0,86
269,02/24/2020T20:50:00 ,156469,11,61,6,9,0,0,4,0,87
270,02/24/2020T21:00:00 ,156469,11,61,6,9,0,0,4,0,87
271,02/24/2020T21:10:00 ,156469,11,61,6,9,0,0,4,0,87
272,02/24/2020T21:20:00 ,156469,11,61,6,9,0,0,4,0,87
273,02/24/2020T21:30:00 ,156469,11,61,6,9,0,0,4,0,87
274,02/24/2020T21:40:00 ,156469,11,61,6,9,0,0,4,0,87
275,02/24/2020T21:50:00 ,156469,11,60,6,9,0,0,5,0,86
276,02/24/2020T22:00:00 ,156469,11,60,6,9,0,0,5,0,86
277,02/24/2020T22:10:00 ,156469,11,60,6,9,0,0,5,0,86
278,02/24/2020T22:20:00 ,156469,11,60,6,9,0,0,5,0,86
279,02/24/2020T22:30:00 ,156469,11,60,6,9,0,0,5,0,86
280,02/24/2020T22:40:00 ,156469,11,60,6,9,0,0,5,0,86
281,02/24/2020T22:50:00 ,156469,11,60,6,9,0,0,5,0,86
282,02/24/2020T23:00:00 ,156469,11,60,6,9,0,0,5,0,86
283,02/24/2020T23:10:00 ,156469,11,60,6,9,0,0,5,0,86
284,02/24/2020T23:20:00 ,156469,11,60,5,10,0,0,5,0,86
285,02/24/2020T23:30:00 ,156469,11,60,5,10,0,0,5,0,86
286,02/24/2020T23:40:00 ,156469,11,60,5,10,0,0,5,0,86
287,02/24/2020T23:50:00 ,156469,11,60,5,10,0,0,5,0,86
288,02/25/2020T00:00:00 ,156469,11,60,5,10,0,0,5,0,86
289,02/25/2020T00:10:00 ,156469,11,60,5,10,0,0,5,0,86
290,02/25/2020T00:20:00 ,156468,12,60,5,10,0,0,5,0,87
291,02/25/2020T00:30:00 ,156468,12,60,5,10,0,0,5,0,87
292,02/25/2020T00:40:00 ,156468,12,60,5,10,0,0,5,0,87
293,02/25/2020T00:50:00 ,156468,12,60,5,10,0,0,5,0,87
294,02/25/2020T01:00:00 ,156468,12,60,5,10,0,0,5,0,87
295,02/25/2020T01:10:00 ,156468,12,60,5,10,0,0,5,0,87
296,02/25/2020T01:20:00 ,156468,12,60,5,10,0,0,5,0,87
297,02/25/2020T01:30:00 ,156468,12,60,5,10,0,0,5,0,87
298,02/25/2020T01:40:00 ,156467,13,59,5,10,0,0,6,0,87
299,02/25/2020T01:50:00 ,156467,13,59,5,10,0,0,6,0,87
300,02/25/2020T02:00:00 ,156467,13,59,5,10,0,0,6,0,87
301,02/25/2020T02:10:00 ,156467,13,59,5,10,0,0,6,0,87
302,02/25/2020T02:20:00 ,156467,13,58,5,10,0,0,7,0,86
303,02/25/2020T02:30:00 ,156467,13,58,5,10,0,0,7,0,86
304,02/25/2020T02:40:00 ,156467,13,58,5,10,0,0,7,0,86
305,02/25/2020T02:50:00 ,156467,13,58,5,10,0,0,7,0,86
306,02/25/2020T03:00:00 ,156467,13,58,5,10,0,0,7,0,86
307,02/25/2020T03:10:00 ,156467,13,58,5,10,0,0,7,0,86
308,02/25/2020T03:20:00 ,156466,14,58,5,10,0,0,7,0,87
309,02/25/2020T03:30:00 ,156466,14,58,5,10,0,0,7,0,87
310,02/25/2020T03:40:00 ,156466,14,58,5,10,0,0,7,0,87
311,02/25/2020T03:50:00 ,156466,14,58,5,10,0,0,7,0,87
312,02/25/2020T04:00:00 ,156466,14,58,5,10,0,0,7,0,87
313,02/25/2020T04:10:00 ,156466,14,58,5,10,0,0,7,0,87
314,02/25/2020T04:20:00 ,156466,14,58,5,10,0,0,7,0,87
315,02/25/2020T04:30:00 ,156466,14,58,5,10,0,0,7,0,87
316,02/25/2020T04:40:00 ,156466,14,58,5,10,0,0,7,0,87
317,02/25/2020T04:50:00 ,156466,14,58,5,10,0,0,7,0,87
318,02/25/2020T05:00:00 ,156466,14,58,5,10,0,0,7,0,87
319,02/25/2020T05:10:00 ,156466,14,58,5,10,0,0,7,0,87
320,02/25/2020T05:20:00 ,156466,14,58,5,10,0,0,7,0,87
321,02/25/2020T05:30:00 ,156466,14,58,5,10,0,0,7,0,87
322,02/25/2020T05:40:00 ,156466,14,58,5,10,0,0,7,0,87
323,02/25/2020T05:50:00 ,156466,14,58,5,10,0,0,7,0,87
324,02/25/2020T06:00:00 ,156466,14,58,4,11,0,0,7,0,87
325,02/25/2020T06:10:00 ,156466,14,58,4,11,0,0,7,0,87
326,02/25/2020T06:20:00 ,156466,14,58,4,11,0,0,7,0,87
327,02/25/2020T06:30:00 ,156466,14,58,4,11,0,0,7,0,87
328,02/25/2020T06:40:00 ,156466,14,58,4,11,0,0,7,0,87
329,02/25/2020T06:50:00 ,156466,14,58,4,11,0,0,7,0,87
330,02/25/2020T07:00:00 ,156466,14,58,4,11,0,0,7,0,87
331,02/25/2020T07:10:00 ,156465,15,58,4,11,0,0,7,0,88
332,02/25/2020T07:20:00 ,156465,15,58,4,11,0,0,7,0,88
333,02/25/2020T07:30:00 ,156464,16,58,4,11,0,0,7,0,89
334,02/25/2020T07:40:00 ,156464,16,58,4,11,0,0,7,0,89
335,02/25/2020T07:50:00 ,156464,16,58,4,11,0,0,7,0,89
336,02/25/2020T08:00:00 ,156464,16,58,4,11,0,0,7,0,89
337,02/25/2020T08:10:00 ,156464,16,58,4,11,0,0,7,0,89
338,02/25/2020T08:20:00 ,156464,16,58,4,11,0,0,7,0,89
339,02/25/2020T08:30:00 ,156464,16,58,4,11,0,0,7,0,89
340,02/25/2020T08:40:00 ,156464,16,57,4,11,0,0,8,0,88
341,02/25/2020T08:50:00 ,156464,16,56,4,11,0,0,9,0,87
342,02/25/2020T09:00:00 ,156464,16,56,4,11,0,0,9,0,87
343,02/25/2020T09:10:00 ,156464,16,56,4,11,0,0,9,0,87
344,02/25/2020T09:20:00 ,156464,16,56,4,11,0,0,9,0,87
345,02/25/2020T09:30:00 ,156464,16,56,4,11,0,0,9,0,87
346,02/25/2020T09:40:00 ,156463,17,56,4,11,0,0,9,0,88
347,02/25/2020T09:50:00 ,156463,17,56,4,11,0,0,9,0,88
348,02/25/2020T10:00:00 ,156463,17,56,4,11,0,0,9,0,88
349,02/25/2020T10:10:00 ,156462,18,56,4,11,0,0,9,0,89
350,02/25/2020T10:20:00 ,156462,18,56,4,11,0,0,9,0,89
351,02/25/2020T10:30:00 ,156462,18,56,4,11,0,0,9,0,89
352,02/25/2020T10:40:00 ,156461,19,56,4,11,0,0,9,0,90
353,02/25/2020T10:50:00 ,156461,19,56,4,11,0,0,9,0,90
354,02/25/2020T11:00:00 ,156461,19,56,4,11,0,0,9,0,90
355,02/25/2020T11:10:00 ,156461,19,55,4,11,0,0,10,0,89
356,02/25/2020T11:20:00 ,156461,19,55,4,11,0,0,10,0,89
357,02/25/2020T11:30:00 ,156461,19,55,4,11,0,0,10,0,89
358,02/25/2020T11:40:00 ,156461,19,55,4,11,0,0,10,0,89
359,02/25/2020T11:50:00 ,156461,19,55,4,11,0,0,10,0,89
360,02/25/2020T12:00:00 ,156461,19,54,4,11,0,0,11,0,88
361,02/25/2020T12:10:00 ,156461,19,54,4,11,0,0,11,0,88
362,02/25/2020T12:20:00 ,156461,19,54,4,11,0,0,11,0,88
363,02/25/2020T12:30:00 ,156461,19,54,4,11,0,0,11,0,88
364,02/25/2020T12:40:00 ,156461,19,54,4,11,0,0,11,0,88
365,02/25/2020T12:50:00 ,156461,18,55,4,11,0,0,11,0,88
366,02/25/2020T13:00:00 ,156461,18,55,4,11,0,0,11,0,88
367,02/25/2020T13:10:00 ,156461,18,55,4,11,0,0,11,0,88
368,02/25/2020T13:20:00 ,156461,18,55,4,11,0,0,11,0,88
369,02/25/2020T13:30:00 ,156461,18,55,4,11,0,0,11,0,88
370,02/25/2020T13:40:00 ,156461,18,55,4,11,0,0,11,0,88
371,02/25/2020T13:50:00 ,156461,18,55,4,11,0,0,11,0,88
372,02/25/2020T14:00:00 ,156461,18,55,4,11,0,0,11,0,88
373,02/25/2020T14:10:00 ,156461,18,55,4,10,0,0,12,0,87
374,02/25/2020T14:20:00 ,156461,18,55,4,10,0,0,12,0,87
375,02/25/2020T14:30:00 ,156461,18,55,4,10,0,0,12,0,87
376,02/25/2020T14:40:00 ,156461,18,55,4,10,0,0,12,0,87
377,02/25/2020T14:50:00 ,156461,18,55,4,10,0,0,12,0,87
378,02/25/2020T15:00:00 ,156461,18,55,4,10,0,0,12,0,87
379,02/25/2020T15:10:00 ,156461,18,55,4,10,0,0,12,0,87
380,02/25/2020T15:20:00 ,156460,19,55,4,10,0,0,12,0,88
381,02/25/2020T15:30:00 ,156460,19,55,4,10,0,0,12,0,88
382,02/25/2020T15:40:00 ,156460,19,55,4,10,0,0,12,0,88
383,02/25/2020T15:50:00 ,156460,19,55,4,10,0,0,12,0,88
384,02/25/2020T16:00:00 ,156460,19,55,4,10,0,0,12,0,88
385,02/25/2020T16:10:00 ,156460,19,55,4,10,0,0,12,0,88
386,02/25/2020T16:20:00 ,156460,19,55,4,10,0,0,12,0,88
387,02/25/2020T16:30:00 ,156460,19,55,4,10,0,0,12,0,88
388,02/25/2020T16:40:00 ,156460,19,55,4,10,0,0,12,0,88
389,02/25/2020T16:50:00 ,156460,19,54,4,10,0,0,13,0,87
390,02/25/2020T17:00:00 ,156460,19,54,4,10,0,0,13,0,87
391,02/25/2020T17:10:00 ,156460,19,54,4,10,0,0,13,0,87
392,02/25/2020T17:20:00 ,156460,19,54,4,10,0,0,13,0,87
393,02/25/2020T17:30:00 ,156460,19,54,4,10,0,0,13,0,87
394,02/25/2020T17:40:00 ,156460,19,54,4,10,0,0,13,0,87
395,02/25/2020T17:50:00 ,156460,19,54,4,10,0,0,13,0,87
396,02/25/2020T18:00:00 ,156460,19,54,4,10,0,0,13,0,87
397,02/25/2020T18:10:00 ,156460,19,54,4,10,0,0,13,0,87
398,02/25/2020T18:20:00 ,156460,19,54,4,10,0,0,13,0,87
399,02/25/2020T18:30:00 ,156460,19,54,4,10,0,0,13,0,87
400,02/25/2020T18:40:00 ,156460,19,54,4,10,0,0,13,0,87
401,02/25/2020T18:50:00 ,156460,19,54,4,10,0,0,13,0,87
402,02/25/2020T19:00:00 ,156460,19,54,4,10,0,0,13,0,87
403,02/25/2020T19:10:00 ,156460,19,54,4,10,0,0,13,0,87
404,02/25/2020T19:20:00 ,156460,19,54,4,10,0,0,13,0,87
405,02/25/2020T19:30:00 ,156460,19,54,4,10,0,0,13,0,87
406,02/25/2020T19:40:00 ,156460,19,54,4,10,0,0,13,0,87
407,02/25/2020T19:50:00 ,156460,19,53,4,10,0,0,14,0,86
408,02/25/2020T20:00:00 ,156460,19,53,4,10,0,0,14,0,86
409,02/25/2020T20:10:00 ,156460,19,53,3,11,0,0,14,0,86
410,02/25/2020T20:20:00 ,156460,19,52,3,11,0,0,15,0,85
411,02/25/2020T20:30:00 ,156460,19,52,3,11,0,0,15,0,85
412,02/25/2020T20:40:00 ,156460,19,52,3,11,0,0,15,0,85
413,02/25/2020T20:50:00 ,156460,19,52,3,11,0,0,15,0,85
414,02/25/2020T21:00:00 ,156460,19,52,3,11,0,0,15,0,85
415,02/25/2020T21:10:00 ,156460,19,52,3,11,0,0,15,0,85
416,02/25/2020T21:20:00 ,156460,19,52,3,11,0,0,15,0,85
417,02/25/2020T21:30:00 ,156460,19,52,3,11,0,0,15,0,85
418,02/25/2020T21:40:00 ,156460,19,52,3,11,0,0,15,0,85
419,02/25/2020T21:50:00 ,156460,19,52,3,11,0,0,15,0,85
420,02/25/2020T22:00:00 ,156460,19,52,3,11,0,0,15,0,85
421,02/25/2020T22:10:00 ,156460,19,52,3,11,0,0,15,0,85
422,02/25/2020T22:20:00 ,156460,19,52,3,11,0,0,15,0,85
423,02/25/2020T22:30:00 ,156460,19,52,3,11,0,0,15,0,85
424,02/25/2020T22:40:00 ,156460,19,51,3,11,0,0,16,0,84
425,02/25/2020T22:50:00 ,156460,19,51,3,11,0,0,16,0,84
426,02/25/2020T23:00:00 ,156460,19,51,3,11,0,0,16,0,84
427,02/25/2020T23:10:00 ,156460,19,51,3,11,0,0,16,0,84
428,02/25/2020T23:20:00 ,156460,19,51,3,11,0,0,16,0,84
429,02/25/2020T23:30:00 ,156460,19,51,3,11,0,0,16,0,84
430,02/25/2020T23:40:00 ,156460,19,51,3,11,0,0,16,0,84
431,02/25/2020T23:50:00 ,156460,19,51,3,11,0,0,16,0,84
432,02/26/2020T00:00:00 ,156460,19,51,3,11,0,0,16,0,84
433,02/26/2020T00:10:00 ,156460,19,51,3,11,0,0,16,0,84
434,02/26/2020T00:20:00 ,156460,19,50,3,11,0,0,17,0,83
435,02/26/2020T00:30:00 ,156460,19,50,3,11,0,0,17,0,83
436,02/26/2020T00:40:00 ,156460,19,50,3,11,0,0,17,0,83
437,02/26/2020T00:50:00 ,156460,19,50,3,11,0,0,17,0,83
438,02/26/2020T01:00:00 ,156460,19,50,3,11,0,0,17,0,83
439,02/26/2020T01:10:00 ,156460,19,50,3,11,0,0,17,0,83
440,02/26/2020T01:20:00 ,156460,19,50,3,11,0,0,17,0,83
441,02/26/2020T01:30:00 ,156460,19,50,3,11,0,0,17,0,83
442,02/26/2020T01:40:00 ,156460,19,50,3,11,0,0,17,0,83
443,02/26/2020T01:50:00 ,156460,19,50,3,11,0,0,17,0,83
444,02/26/2020T02:00:00 ,156460,19,50,3,11,0,0,17,0,83
445,02/26/2020T02:10:00 ,156460,19,50,3,11,0,0,17,0,83
446,02/26/2020T02:20:00 ,156460,19,50,3,11,0,0,17,0,83
447,02/26/2020T02:30:00 ,156460,19,50,3,11,0,0,17,0,83
448,02/26/2020T02:40:00 ,156460,19,49,3,11,0,0,18,0,82
449,02/26/2020T02:50:00 ,156460,19,49,3,11,0,0,18,0,82
450,02/26/2020T03:00:00 ,156460,19,49,3,11,0,0,18,0,82
451,02/26/2020T03:10:00 ,156460,19,49,3,11,0,0,18,0,82
452,02/26/2020T03:20:00 ,156460,19,49,3,11,0,0,18,0,82
453,02/26/2020T03:30:00 ,156460,19,49,3,11,0,0,18,0,82
454,02/26/2020T03:40:00 ,156460,19,49,3,11,0,0,18,0,82
455,02/26/2020T03:50:00 ,156460,19,49,3,11,0,0,18,0,82
456,02/26/2020T04:00:00 ,156460,19,49,3,11,0,0,18,0,82
457,02/26/2020T04:10:00 ,156460,19,49,3,11,0,0,18,0,82
458,02/26/2020T04:20:00 ,156460,19,49,3,11,0,0,18,0,82
459,02/26/2020T04:30:00 ,156460,19,49,3,11,0,0,18,0,82
460,02/26/2020T04:40:00 ,156460,19,49,3,11,0,0,18,0,82
461,02/26/2020T04:50:00 ,156460,19,49,3,11,0,0,18,0,82
462,02/26/2020T05:00:00 ,156460,19,49,3,11,0,0,18,0,82
463,02/26/2020T05:10:00 ,156459,20,49,3,11,0,0,18,0,83
464,02/26/2020T05:20:00 ,156459,20,49,3,11,0,0,18,0,83
465,02/26/2020T05:30:00 ,156459,20,49,3,11,0,0,18,0,83
466,02/26/2020T05:40:00 ,156459,20,49,3,11,0,0,18,0,83
467,02/26/2020T05:50:00 ,156459,20,49,3,10,0,0,19,0,82
468,02/26/2020T06:00:00 ,156459,20,49,3,10,0,0,19,0,82
469,02/26/2020T06:10:00 ,156459,20,49,3,10,0,0,19,0,82
470,02/26/2020T06:20:00 ,156459,20,49,3,10,0,0,19,0,82
471,02/26/2020T06:30:00 ,156459,20,49,3,10,0,0,19,0,82
472,02/26/2020T06:40:00 ,156459,20,49,3,10,0,0,19,0,82
473,02/26/2020T06:50:00 ,156459,20,48,3,10,0,0,20,0,81
474,02/26/2020T07:00:00 ,156459,20,48,3,10,0,0,20,0,81
475,02/26/2020T07:10:00 ,156459,20,48,3,10,0,0,20,0,81
476,02/26/2020T07:20:00 ,156459,20,48,3,10,0,0,20,0,81
477,02/26/2020T07:30:00 ,156459,20,48,3,10,0,0,20,0,81
478,02/26/2020T07:40:00 ,156459,20,48,3,10,0,0,20,0,81
479,02/26/2020T07:50:00 ,156459,20,48,2,11,0,0,20,0,81
480,02/26/2020T08:00:00 ,156458,21,47,2,11,0,0,21,0,81
481,02/26/2020T08:10:00 ,156458,21,47,2,11,0,0,21,0,81
482,02/26/2020T08:20:00 ,156458,21,47,2,11,0,0,21,0,81
483,02/26/2020T08:30:00 ,156458,21,47,2,11,0,0,21,0,81
484,02/26/2020T08:40:00 ,156458,21,47,2,11,0,0,21,0,81
485,02/26/2020T08:50:00 ,156458,21,47,2,11,0,0,21,0,81
486,02/26/2020T09:00:00 ,156458,21,47,2,11,0,0,21,0,81
487,02/26/2020T09:10:00 ,156458,21,47,2,11,0,0,21,0,81
488,02/26/2020T09:20:00 ,156458,21,47,2,11,0,0,21,0,81
489,02/26/2020T09:30:00 ,156457,22,47,2,11,0,0,21,0,82
490,02/26/2020T09:40:00 ,156457,21,48,2,11,0,0,21,0,82
491,02/26/2020T09:50:00 ,156457,21,48,2,11,0,0,21,0,82
492,02/26/2020T10:00:00 ,156457,21,48,2,11,0,0,21,0,82
493,02/26/2020T10:10:00 ,156457,21,48,2,11,0,0,21,0,82
494,02/26/2020T10:20:00 ,156457,21,47,2,11,0,0,22,0,81
495,02/26/2020T10:30:00 ,156457,21,47,2,11,0,0,22,0,81
496,02/26/2020T10:40:00 ,156457,21,47,2,11,0,0,22,0,81
497,02/26/2020T10:50:00 ,156457,21,47,2,11,0,0,22,0,81
498,02/26/2020T11:00:00 ,156457,21,47,2,11,0,0,22,0,81
499,02/26/2020T11:10:00 ,156457,21,47,2,11,0,0,22,0,81
500,02/26/2020T11:20:00 ,156457,21,46,2,11,0,0,23,0,80
501,02/26/2020T11:30:00 ,156457,21,46,2,11,0,0,23,0,80
502,02/26/2020T11:40:00 ,156457,21,45,2,11,0,0,24,0,79
503,02/26/2020T11:50:00 ,156457,21,45,2,11,0,0,24,0,79
504,02/26/2020T12:00:00 ,156457,21,45,2,11,0,0,24,0,79
505,02/26/2020T12:10:00 ,156457,21,45,2,11,0,0,24,0,79
506,02/26/2020T12:20:00 ,156457,21,45,2,11,0,0,24,0,79
507,02/26/2020T12:30:00 ,156457,21,45,2,11,0,0,24,0,79
508,02/26/2020T12:40:00 ,156457,21,45,2,11,0,0,24,0,79
509,02/26/2020T12:50:00 ,156457,21,45,2,11,0,0,24,0,79
510,02/26/2020T13:00:00 ,156457,21,45,2,11,0,0,24,0,79
511,02/26/2020T13:10:00 ,156456,21,46,2,11,0,0,24,0,80
512,02/26/2020T13:20:00 ,156455,22,46,2,11,0,0,24,0,81
513,02/26/2020T13:30:00 ,156453,24,46,2,11,0,0,24,0,83
514,02/26/2020T13:40:00 ,156453,24,46,2,11,0,0,24,0,83
515,02/26/2020T13:50:00 ,156453,24,46,2,11,0,0,24,0,83
516,02/26/2020T14:00:00 ,156453,24,46,2,11,0,0,24,0,83
517,02/26/2020T14:10:00 ,156453,24,46,2,11,0,0,24,0,83
518,02/26/2020T14:20:00 ,156452,25,46,2,11,0,0,24,0,84
519,02/26/2020T14:30:00 ,156452,25,46,2,11,0,0,24,0,84
520,02/26/2020T14:40:00 ,156452,25,46,2,11,0,0,24,0,84
521,02/26/2020T14:50:00 ,156452,25,46,1,12,0,0,24,0,84
522,02/26/2020T15:00:00 ,156452,25,46,1,12,0,0,24,0,84
523,02/26/2020T15:10:00 ,156452,25,46,1,12,0,0,24,0,84
524,02/26/2020T15:20:00 ,156452,25,46,1,12,0,0,24,0,84
525,02/26/2020T15:30:00 ,156452,25,46,1,12,0,0,24,0,84
526,02/26/2020T15:40:00 ,156452,25,46,1,12,0,0,24,0,84
527,02/26/2020T15:50:00 ,156452,25,46,1,12,0,0,24,0,84
528,02/26/2020T16:00:00 ,156452,25,46,1,12,0,0,24,0,84
529,02/26/2020T16:10:00 ,156452,25,46,1,12,0,0,24,0,84
530,02/26/2020T16:20:00 ,156452,25,46,1,12,0,0,24,0,84
531,02/26/2020T16:30:00 ,156452,25,46,1,12,0,0,24,0,84
532,02/26/2020T16:40:00 ,156452,25,46,1,12,0,0,24,0,84
533,02/26/2020T16:50:00 ,156452,25,46,1,12,0,0,24,0,84
534,02/26/2020T17:00:00 ,156452,25,46,1,12,0,0,24,0,84
535,02/26/2020T17:10:00 ,156452,25,46,1,12,0,0,24,0,84
536,02/26/2020T17:20:00 ,156452,25,46,1,12,0,0,24,0,84
537,02/26/2020T17:30:00 ,156452,25,46,1,12,0,0,24,0,84
538,02/26/2020T17:40:00 ,156452,25,46,1,12,0,0,24,0,84
539,02/26/2020T17:50:00 ,156452,25,46,1,12,0,0,24,0,84
540,02/26/2020T18:00:00 ,156452,25,45,1,12,0,0,25,0,83
541,02/26/2020T18:10:00 ,156452,25,45,1,12,0,0,25,0,83
542,02/26/2020T18:20:00 ,156452,25,45,1,12,0,0,25,0,83
543,02/26/2020T18:30:00 ,156452,25,44,1,12,0,0,26,0,82
544,02/26/2020T18:40:00 ,156452,25,44,1,12,0,0,26,0,82
545,02/26/2020T18:50:00 ,156452,25,44,1,12,0,0,26,0,82
546,02/26/2020T19:00:00 ,156452,25,44,1,12,0,0,26,0,82
547,02/26/2020T19:10:00 ,156452,25,44,1,12,0,0,26,0,82
548,02/26/2020T19:20:00 ,156452,24,43,2,12,0,0,27,0,81
549,02/26/2020T19:30:00 ,156452,24,43,2,12,0,0,27,0,81
550,02/26/2020T19:40:00 ,156452,24,43,2,12,0,0,27,0,81
551,02/26/2020T19:50:00 ,156452,24,43,2,12,0,0,27,0,81
552,02/26/2020T20:00:00 ,156452,24,43,2,11,0,0,28,0,80
553,02/26/2020T20:10:00 ,156452,24,43,2,11,0,0,28,0,80
554,02/26/2020T20:20:00 ,156452,24,43,2,11,0,0,28,0,80
555,02/26/2020T20:30:00 ,156452,24,43,2,11,0,0,28,0,80
556,02/26/2020T20:40:00 ,156452,24,43,2,11,0,0,28,0,80
557,02/26/2020T20:50:00 ,156452,24,43,2,11,0,0,28,0,80
558,02/26/2020T21:00:00 ,156452,24,43,2,11,0,0,28,0,80
559,02/26/2020T21:10:00 ,156452,24,43,2,11,0,0,28,0,80
560,02/26/2020T21:20:00 ,156452,24,43,2,11,0,0,28,0,80
561,02/26/2020T21:30:00 ,156452,24,43,2,11,0,0,28,0,80
562,02/26/2020T21:40:00 ,156452,24,43,2,11,0,0,28,0,80
563,02/26/2020T21:50:00 ,156452,24,43,2,11,0,0,28,0,80
564,02/26/2020T22:00:00 ,156452,24,43,2,11,0,0,28,0,80
565,02/26/2020T22:10:00 ,156452,24,43,2,11,0,0,28,0,80
566,02/26/2020T22:20:00 ,156452,24,43,2,11,0,0,28,0,80
567,02/26/2020T22:30:00 ,156452,24,43,2,11,0,0,28,0,80
568,02/26/2020T22:40:00 ,156452,23,44,2,11,0,0,28,0,80
569,02/26/2020T22:50:00 ,156452,23,44,2,11,0,0,28,0,80
570,02/26/2020T23:00:00 ,156452,23,44,2,11,0,0,28,0,80
571,02/26/2020T23:10:00 ,156452,23,44,2,11,0,0,28,0,80
572,02/26/2020T23:20:00 ,156452,23,44,2,11,0,0,28,0,80
573,02/26/2020T23:30:00 ,156452,22,45,2,11,0,0,28,0,80
574,02/26/2020T23:40:00 ,156452,22,45,2,11,0,0,28,0,80
575,02/26/2020T23:50:00 ,156452,22,45,2,11,0,0,28,0,80
576,02/27/2020T00:00:00 ,156452,22,45,2,11,0,0,28,0,80
577,02/27/2020T00:10:00 ,156452,22,45,2,11,0,0,28,0,80
578,02/27/2020T00:20:00 ,156452,21,46,2,11,0,0,28,0,80
579,02/27/2020T00:30:00 ,156452,21,46,2,11,0,0,28,0,80
580,02/27/2020T00:40:00 ,156452,20,47,2,11,0,0,28,0,80
581,02/27/2020T00:50:00 ,156452,20,47,2,11,0,0,28,0,80
582,02/27/2020T01:00:00 ,156452,20,47,2,11,0,0,28,0,80
583,02/27/2020T01:10:00 ,156452,20,47,2,11,0,0,28,0,80
584,02/27/2020T01:20:00 ,156452,20,47,2,11,0,0,28,0,80
585,02/27/2020T01:30:00 ,156452,20,47,2,11,0,0,28,0,80
586,02/27/2020T01:40:00 ,156452,20,47,2,11,0,0,28,0,80
587,02/27/2020T01:50:00 ,156452,20,47,2,11,0,0,28,0,80
588,02/27/2020T02:00:00 ,156452,20,47,2,11,0,0,28,0,80
589,02/27/2020T02:10:00 ,156452,20,47,2,11,0,0,28,0,80
590,02/27/2020T02:20:00 ,156452,20,47,2,11,0,0,28,0,80
591,02/27/2020T02:30:00 ,156452,20,46,2,11,0,0,29,0,79
592,02/27/2020T02:40:00 ,156452,20,46,2,11,0,0,29,0,79
593,02/27/2020T02:50:00 ,156452,20,46,2,11,0,0,29,0,79
594,02/27/2020T03:00:00 ,156452,20,46,2,11,0,0,29,0,79
595,02/27/2020T03:10:00 ,156452,20,46,2,11,0,0,29,0,79
596,02/27/2020T03:20:00 ,156452,20,45,2,11,0,0,30,0,78
597,02/27/2020T03:30:00 ,156452,20,45,2,11,0,0,30,0,78
598,02/27/2020T03:40:00 ,156452,20,43,2,11,0,0,32,0,76
599,02/27/2020T03:50:00 ,156452,20,43,2,11,0,0,32,0,76
600,02/27/2020T04:00:00 ,156452,20,43,2,11,0,0,32,0,76
601,02/27/2020T04:10:00 ,156452,20,43,2,11,0,0,32,0,76
602,02/27/2020T04:20:00 ,156452,19,44,2,11,0,0,32,0,76
603,02/27/2020T04:30:00 ,156452,19,44,2,11,0,0,32,0,76
604,02/27/2020T04:40:00 ,156452,19,44,2,11,0,0,32,0,76
605,02/27/2020T04:50:00 ,156452,19,44,2,11,0,0,32,0,76
606,02/27/2020T05:00:00 ,156452,19,44,2,11,0,0,32,0,76
607,02/27/2020T05:10:00 ,156452,19,44,2,11,0,0,32,0,76
608,02/27/2020T05:20:00 ,156452,19,44,2,11,0,0,32,0,76
609,02/27/2020T05:30:00 ,156452,19,44,2,11,0,0,32,0,76
610,02/27/2020T05:40:00 ,156452,19,44,2,11,0,0,32,0,76
611,02/27/2020T05:50:00 ,156452,19,44,2,11,0,0,32,0,76
612,02/27/2020T06:00:00 ,156452,19,44,2,11,0,0,32,0,76
613,02/27/2020T06:10:00 ,156452,19,44,2,11,0,0,32,0,76
614,02/27/2020T06:20:00 ,156452,19,44,2,11,0,0,32,0,76
615,02/27/2020T06:30:00 ,156452,19,44,2,11,0,0,32,0,76
616,02/27/2020T06:40:00 ,156452,19,44,2,11,0,0,32,0,76
617,02/27/2020T06:50:00 ,156452,19,44,2,11,0,0,32,0,76
618,02/27/2020T07:00:00 ,156452,19,43,2,11,0,0,33,0,75
619,02/27/2020T07:10:00 ,156452,19,43,2,11,0,0,33,0,75
620,02/27/2020T07:20:00 ,156452,19,43,2,11,0,0,33,0,75
621,02/27/2020T07:30:00 ,156452,19,43,2,11,0,0,33,0,75
622,02/27/2020T07:40:00 ,156452,19,43,2,11,0,0,33,0,75
623,02/27/2020T07:50:00 ,156451,20,43,2,11,0,0,33,0,76
624,02/27/2020T08:00:00 ,156451,20,43,2,11,0,0,33,0,76
625,02/27/2020T08:10:00 ,156451,20,43,2,11,0,0,33,0,76
626,02/27/2020T08:20:00 ,156451,20,43,2,11,0,0,33,0,76
627,02/27/2020T08:30:00 ,156451,20,43,2,11,0,0,33,0,76
628,02/27/2020T08:40:00 ,156451,20,43,2,11,0,0,33,0,76
629,02/27/2020T08:50:00 ,156451,20,43,2,11,0,0,33,0,76
630,02/27/2020T09:00:00 ,156451,20,43,2,11,0,0,33,0,76
631,02/27/2020T09:10:00 ,156451,20,43,2,11,0,0,33,0,76
632,02/27/2020T09:20:00 ,156451,20,43,2,11,0,0,33,0,76
633,02/27/2020T09:30:00 ,156451,20,43,2,11,0,0,33,0,76
634,02/27/2020T09:40:00 ,156451,20,43,2,11,0,0,33,0,76
635,02/27/2020T09:50:00 ,156451,20,43,2,11,0,0,33,0,76
636,02/27/2020T10:00:00 ,156450,21,43,2,11,0,0,33,0,77
637,02/27/2020T10:10:00 ,156450,21,43,2,11,0,0,33,0,77
638,02/27/2020T10:20:00 ,156449,22,43,2,11,0,0,33,0,78
639,02/27/2020T10:30:00 ,156449,22,43,2,11,0,0,33,0,78
640,02/27/2020T10:40:00 ,156449,22,43,2,11,0,0,33,0,78
641,02/27/2020T10:50:00 ,156449,22,42,2,11,0,0,34,0,77
642,02/27/2020T11:00:00 ,156449,22,42,2,11,0,0,34,0,77
643,02/27/2020T11:10:00 ,156449,22,42,2,11,0,0,34,0,77
644,02/27/2020T11:20:00 ,156449,22,42,2,11,0,0,34,0,77
645,02/27/2020T11:30:00 ,156449,22,42,2,11,0,0,34,0,77
646,02/27/2020T11:40:00 ,156448,23,42,2,11,0,0,34,0,78
647,02/27/2020T11:50:00 ,156448,23,42,2,11,0,0,34,0,78
648,02/27/2020T12:00:00 ,156448,23,42,2,11,0,0,34,0,78
649,02/27/2020T12:10:00 ,156448,23,42,2,11,0,0,34,0,78
650,02/27/2020T12:20:00 ,156448,23,41,2,11,0,0,35,0,77
651,02/27/2020T12:30:00 ,156448,23,41,2,11,0,0,35,0,77
652,02/27/2020T12:40:00 ,156448,23,41,2,11,0,0,35,0,77
653,02/27/2020T12:50:00 ,156448,23,41,2,10,0,0,36,0,76
654,02/27/2020T13:00:00 ,156448,23,41,2,10,0,0,36,0,76
655,02/27/2020T13:10:00 ,156448,22,42,2,10,0,0,36,0,76
656,02/27/2020T13:20:00 ,156448,22,42,2,10,0,0,36,0,76
657,02/27/2020T13:30:00 ,156448,22,42,2,10,0,0,36,0,76
658,02/27/2020T13:40:00 ,156448,22,42,2,10,0,0,36,0,76
659,02/27/2020T13:50:00 ,156448,22,42,2,10,0,0,36,0,76
660,02/27/2020T14:00:00 ,156448,22,42,2,10,0,0,36,0,76
661,02/27/2020T14:10:00 ,156448,22,41,2,10,0,0,37,0,75
662,02/27/2020T14:20:00 ,156448,22,41,2,10,0,0,37,0,75
663,02/27/2020T14:30:00 ,156448,22,40,2,10,0,0,38,0,74
664,02/27/2020T14:40:00 ,156448,22,40,2,10,0,0,38,0,74
665,02/27/2020T14:50:00 ,156448,22,40,2,10,0,0,38,0,74
666,02/27/2020T15:00:00 ,156448,22,40,2,10,0,0,38,0,74
667,02/27/2020T15:10:00 ,156448,22,39,2,10,0,0,39,0,73
668,02/27/2020T15:20:00 ,156448,22,39,2,10,0,0,39,0,73
669,02/27/2020T15:30:00 ,156448,22,39,2,10,0,0,39,0,73
670,02/27/2020T15:40:00 ,156448,22,39,2,10,0,0,39,0,73
671,02/27/2020T15:50:00 ,156448,22,39,2,10,0,0,39,0,73
672,02/27/2020T16:00:00 ,156448,22,39,2,10,0,0,39,0,73
673,02/27/2020T16:10:00 ,156448,22,39,2,10,0,0,39,0,73
674,02/27/2020T16:20:00 ,156448,22,39,2,10,0,0,39,0,73
675,02/27/2020T16:30:00 ,156447,23,39,2,10,0,0,39,0,74
676,02/27/2020T16:40:00 ,156447,23,39,2,10,0,0,39,0,74
677,02/27/2020T16:50:00 ,156447,23,39,2,10,0,0,39,0,74
678,02/27/2020T17:00:00 ,156447,23,39,2,10,0,0,39,0,74
679,02/27/2020T17:10:00 ,156447,23,39,2,10,0,0,39,0,74
680,02/27/2020T17:20:00 ,156447,23,39,2,10,0,0,39,0,74
681,02/27/2020T17:30:00 ,156447,23,39,2,10,0,0,39,0,74
682,02/27/2020T17:40:00 ,156447,23,39,2,10,0,0,39,0,74
683,02/27/2020T17:50:00 ,156447,23,39,2,9,0,0,40,0,73
684,02/27/2020T18:00:00 ,156447,23,38,2,9,0,0,41,0,72
685,02/27/2020T18:10:00 ,156447,23,38,2,9,0,0,41,0,72
686,02/27/2020T18:20:00 ,156447,23,38,2,9,0,0,41,0,72
687,02/27/2020T18:30:00 ,156447,23,38,2,9,0,0,41,0,72
688,02/27/2020T18:40:00 ,156447,23,38,2,9,0,0,41,0,72
689,02/27/2020T18:50:00 ,156447,23,38,2,9,0,0,41,0,72
690,02/27/2020T19:00:00 ,156447,23,38,2,9,0,0,41,0,72
691,02/27/2020T19:10:00 ,156447,23,38,2,9,0,0,41,0,72
692,02/27/2020T19:20:00 ,156447,23,38,2,9,0,0,41,0,72
693,02/27/2020T19:30:00 ,156447,23,38,2,9,0,0,41,0,72
694,02/27/2020T19:40:00 ,156447,23,38,2,9,0,0,41,0,72
695,02/27/2020T19:50:00 ,156447,23,38,2,9,0,0,41,0,72
696,02/27/2020T20:00:00 ,156447,23,38,2,9,0,0,41,0,72
697,02/27/2020T20:10:00 ,156447,23,38,2,9,0,0,41,0,72
698,02/27/2020T20:20:00 ,156447,23,38,2,9,0,0,41,0,72
699,02/27/2020T20:30:00 ,156447,23,38,2,9,0,0,41,0,72
700,02/27/2020T20:40:00 ,156447,22,38,3,9,0,0,41,0,72
701,02/27/2020T20:50:00 ,156447,22,38,3,9,0,0,41,0,72
702,02/27/2020T21:00:00 ,156447,22,38,3,9,0,0,41,0,72
703,02/27/2020T21:10:00 ,156447,21,39,3,9,0,0,41,0,72
704,02/27/2020T21:20:00 ,156447,21,39,3,9,0,0,41,0,72
705,02/27/2020T21:30:00 ,156447,20,39,4,9,0,0,41,0,72
706,02/27/2020T21:40:00 ,156447,19,40,4,9,0,0,41,0,72
707,02/27/2020T21:50:00 ,156447,19,40,4,9,0,0,41,0,72
708,02/27/2020T22:00:00 ,156447,19,40,4,9,0,0,41,0,72
709,02/27/2020T22:10:00 ,156447,19,40,4,9,0,0,41,0,72
710,02/27/2020T22:20:00 ,156447,19,40,4,9,0,0,41,0,72
711,02/27/2020T22:30:00 ,156447,19,40,4,9,0,0,41,0,72
712,02/27/2020T22:40:00 ,156447,19,40,4,9,0,0,41,0,72
713,02/27/2020T22:50:00 ,156447,19,40,4,9,0,0,41,0,72
714,02/27/2020T23:00:00 ,156447,19,40,4,9,0,0,41,0,72
715,02/27/2020T23:10:00 ,156446,20,40,4,8,0,0,42,0,72
716,02/27/2020T23:20:00 ,156446,19,41,4,8,0,0,42,0,72
717,02/27/2020T23:30:00 ,156446,19,41,4,8,0,0,42,0,72
718,02/27/2020T23:40:00 ,156445,20,41,4,8,0,0,42,0,73
719,02/27/2020T23:50:00 ,156445,20,40,4,8,0,0,43,0,72
720,02/28/2020T00:00:00 ,156445,20,40,4,8,0,0,43,0,72
721,02/28/2020T00:10:00 ,156445,20,40,4,8,0,0,43,0,72
722,02/28/2020T00:20:00 ,156445,20,40,4,8,0,0,43,0,72
723,02/28/2020T00:30:00 ,156445,20,40,4,8,0,0,43,0,72
724,02/28/2020T00:40:00 ,156445,20,40,4,8,0,0,43,0,72
725,02/28/2020T00:50:00 ,156445,20,40,4,8,0,0,43,0,72
726,02/28/2020T01:00:00 ,156445,20,40,4,8,0,0,43,0,72
727,02/28/2020T01:10:00 ,156445,20,40,4,8,0,0,43,0,72
728,02/28/2020T01:20:00 ,156445,20,40,4,8,0,0,43,0,72
729,02/28/2020T01:30:00 ,156445,20,40,4,8,0,0,43,0,72
730,02/28/2020T01:40:00 ,156445,20,40,4,8,0,0,43,0,72
731,02/28/2020T01:50:00 ,156445,20,40,4,8,0,0,43,0,72
732,02/28/2020T02:00:00 ,156445,20,40,4,8,0,0,43,0,72
733,02/28/2020T02:10:00 ,156445,20,40,4,8,0,0,43,0,72
734,02/28/2020T02:20:00 ,156445,20,40,4,8,0,0,43,0,72
735,02/28/2020T02:30:00 ,156445,20,40,4,8,0,0,43,0,72
736,02/28/2020T02:40:00 ,156445,20,40,4,8,0,0,43,0,72
737,02/28/2020T02:50:00 ,156445,20,40,4,8,0,0,43,0,72
738,02/28/2020T03:00:00 ,156445,20,40,4,8,0,0,43,0,72
739,02/28/2020T03:10:00 ,156445,20,40,4,8,0,0,43,0,72
740,02/28/2020T03:20:00 ,156445,20,40,4,8,0,0,43,0,72
741,02/28/2020T03:30:00 ,156445,20,40,4,8,0,0,43,0,72
742,02/28/2020T03:40:00 ,156445,20,40,4,8,0,0,43,0,72
743,02/28/2020T03:50:00 ,156445,20,39,4,8,0,0,44,0,71
744,02/28/2020T04:00:00 ,156445,20,39,4,8,0,0,44,0,71
745,02/28/2020T04:10:00 ,156444,21,39,4,8,0,0,44,0,72
746,02/28/2020T04:20:00 ,156444,21,39,4,8,0,0,44,0,72
747,02/28/2020T04:30:00 ,156444,21,39,4,8,0,0,44,0,72
748,02/28/2020T04:40:00 ,156444,21,39,4,8,0,0,44,0,72
749,02/28/2020T04:50:00 ,156444,21,38,4,8,0,0,45,0,71
750,02/28/2020T05:00:00 ,156444,21,38,4,8,0,0,45,0,71
751,02/28/2020T05:10:00 ,156444,21,38,4,8,0,0,45,0,71
752,02/28/2020T05:20:00 ,156444,21,38,4,8,0,0,45,0,71
753,02/28/2020T05:30:00 ,156444,21,38,4,8,0,0,45,0,71
754,02/28/2020T05:40:00 ,156444,21,38,4,8,0,0,45,0,71
755,02/28/2020T05:50:00 ,156444,21,38,4,8,0,0,45,0,71
756,02/28/2020T06:00:00 ,156444,20,39,4,8,0,0,45,0,71
757,02/28/2020T06:10:00 ,156444,20,39,4,8,0,0,45,0,71
758,02/28/2020T06:20:00 ,156444,20,39,4,8,0,0,45,0,71
759,02/28/2020T06:30:00 ,156444,20,39,4,8,0,0,45,0,71
760,02/28/2020T06:40:00 ,156443,21,39,4,8,0,0,45,0,72
761,02/28/2020T06:50:00 ,156443,21,39,4,8,0,0,45,0,72
762,02/28/2020T07:00:00 ,156443,21,39,4,8,0,0,45,0,72
763,02/28/2020T07:10:00 ,156443,21,39,4,8,0,0,45,0,72
764,02/28/2020T07:20:00 ,156443,21,39,4,8,0,0,45,0,72
765,02/28/2020T07:30:00 ,156443,21,39,4,8,0,0,45,0,72
766,02/28/2020T07:40:00 ,156443,21,39,4,8,0,0,45,0,72
767,02/28/2020T07:50:00 ,156443,20,40,4,8,0,0,45,0,72
768,02/28/2020T08:00:00 ,156443,20,40,4,8,0,0,45,0,72
769,02/28/2020T08:10:00 ,156443,20,40,4,8,0,0,45,0,72
770,02/28/2020T08:20:00 ,156443,20,40,4,8,0,0,45,0,72
771,02/28/2020T08:30:00 ,156443,20,40,4,8,0,0,45,0,72
772,02/28/2020T08:40:00 ,156443,20,40,4,8,0,0,45,0,72
773,02/28/2020T08:50:00 ,156443,20,40,4,8,0,0,45,0,72
774,02/28/2020T09:00:00 ,156443,20,40,4,8,0,0,45,0,72
775,02/28/2020T09:10:00 ,156442,21,40,4,8,0,0,45,0,73
776,02/28/2020T09:20:00 ,156442,21,40,4,8,0,0,45,0,73
777,02/28/2020T09:30:00 ,156441,22,40,4,8,0,0,45,0,74
778,02/28/2020T09:40:00 ,156441,22,40,4,8,0,0,45,0,74
779,02/28/2020T09:50:00 ,156440,23,40,4,8,0,0,45,0,75
780,02/28/2020T10:00:00 ,156440,23,40,4,8,0,0,45,0,75
781,02/28/2020T10:10:00 ,156440,23,40,3,9,0,0,45,0,75
782,02/28/2020T10:20:00 ,156440,23,40,3,9,0,0,45,0,75
783,02/28/2020T10:30:00 ,156440,22,41,3,9,0,0,45,0,75
784,02/28/2020T10:40:00 ,156440,22,41,3,9,0,0,45,0,75
785,02/28/2020T10:50:00 ,156440,22,41,3,9,0,0,45,0,75
786,02/28/2020T11:00:00 ,156440,22,41,3,9,0,0,45,0,75
787,02/28/2020T11:10:00 ,156439,23,41,3,9,0,0,45,0,76
788,02/28/2020T11:20:00 ,156439,23,41,3,9,0,0,45,0,76
789,02/28/2020T11:30:00 ,156438,24,41,3,9,0,0,45,0,77
790,02/28/2020T11:40:00 ,156438,24,41,3,9,0,0,45,0,77
791,02/28/2020T11:50:00 ,156438,24,41,3,9,0,0,45,0,77
792,02/28/2020T12:00:00 ,156438,24,41,3,9,0,0,45,0,77
793,02/28/2020T12:10:00 ,156438,24,41,3,9,0,0,45,0,77
794,02/28/2020T12:20:00 ,156438,24,41,3,9,0,0,45,0,77
795,02/28/2020T12:30:00 ,156437,25,41,3,9,0,0,45,0,78
796,02/28/2020T12:40:00 ,156437,25,41,3,9,0,0,45,0,78
797,02/28/2020T12:50:00 ,156437,25,41,3,9,0,0,45,0,78
798,02/28/2020T13:00:00 ,156437,25,41,3,9,0,0,45,0,78
799,02/28/2020T13:10:00 ,156437,25,41,2,10,0,0,45,0,78
800,02/28/2020T13:20:00 ,156437,24,42,2,10,0,0,45,0,78
801,02/28/2020T13:30:00 ,156436,25,42,2,10,0,0,45,0,79
802,02/28/2020T13:40:00 ,156436,25,42,2,10,0,0,45,0,79
803,02/28/2020T13:50:00 ,156436,25,42,2,10,0,0,45,0,79
804,02/28/2020T14:00:00 ,156435,26,42,2,10,0,0,45,0,80
805,02/28/2020T14:10:00 ,156435,26,42,2,10,0,0,45,0,80
806,02/28/2020T14:20:00 ,156434,27,42,2,10,0,0,45,0,81
807,02/28/2020T14:30:00 ,156434,26,43,2,10,0,0,45,0,81
808,02/28/2020T14:40:00 ,156434,26,42,2,10,0,0,46,0,80
809,02/28/2020T14:50:00 ,156434,26,42,2,10,0,0,46,0,80
810,02/28/2020T15:00:00 ,156434,26,41,2,10,0,0,47,0,79
811,02/28/2020T15:10:00 ,156434,26,41,2,10,0,0,47,0,79
812,02/28/2020T15:20:00 ,156434,26,40,2,10,0,0,48,0,78
813,02/28/2020T15:30:00 ,156434,26,40,2,10,0,0,48,0,78
814,02/28/2020T15:40:00 ,156434,26,40,2,10,0,0,48,0,78
815,02/28/2020T15:50:00 ,156434,26,40,2,10,0,0,48,0,78
816,02/28/2020T16:00:00 ,156434,25,41,2,10,0,0,48,0,78
817,02/28/2020T16:10:00 ,156434,25,41,2,10,0,0,48,0,78
818,02/28/2020T16:20:00 ,156434,25,41,2,10,0,0,48,0,78
819,02/28/2020T16:30:00 ,156434,25,41,2,10,0,0,48,0,78
820,02/28/2020T16:40:00 ,156434,25,41,2,10,0,0,48,0,78
821,02/28/2020T16:50:00 ,156433,26,41,2,10,0,0,48,0,79
822,02/28/2020T17:00:00 ,156433,26,41,2,10,0,0,48,0,79
823,02/28/2020T17:10:00 ,156433,26,41,2,10,0,0,48,0,79
824,02/28/2020T17:20:00 ,156433,26,40,2,10,0,0,49,0,78
825,02/28/2020T17:30:00 ,156433,26,40,2,10,0,0,49,0,78
826,02/28/2020T17:40:00 ,156433,26,40,2,10,0,0,49,0,78
827,02/28/2020T17:50:00 ,156433,26,40,2,10,0,0,49,0,78
828,02/28/2020T18:00:00 ,156433,26,40,2,10,0,0,49,0,78
829,02/28/2020T18:10:00 ,156433,26,40,2,10,0,0,49,0,78
830,02/28/2020T18:20:00 ,156432,27,40,2,10,0,0,49,0,79
831,02/28/2020T18:30:00 ,156432,27,40,2,10,0,0,49,0,79
832,02/28/2020T18:40:00 ,156432,27,40,2,10,0,0,49,0,79
833,02/28/2020T18:50:00 ,156432,27,40,2,10,0,0,49,0,79
834,02/28/2020T19:00:00 ,156432,27,40,2,10,0,0,49,0,79
835,02/28/2020T19:10:00 ,156432,27,40,2,10,0,0,49,0,79
836,02/28/2020T19:20:00 ,156432,27,40,2,10,0,0,49,0,79
837,02/28/2020T19:30:00 ,156432,27,40,2,10,0,0,49,0,79
838,02/28/2020T19:40:00 ,156432,27,40,2,10,0,0,49,0,79
839,02/28/2020T19:50:00 ,156432,27,40,2,10,0,0,49,0,79
840,02/28/2020T20:00:00 ,156432,27,40,2,10,0,0,49,0,79
841,02/28/2020T20:10:00 ,156432,27,40,2,10,0,0,49,0,79
842,02/28/2020T20:20:00 ,156432,27,40,2,10,0,0,49,0,79
843,02/28/2020T20:30:00 ,156432,27,40,2,10,0,0,49,0,79
844,02/28/2020T20:40:00 ,156432,27,39,2,10,0,0,50,0,78
845,02/28/2020T20:50:00 ,156432,27,39,2,10,0,0,50,0,78
846,02/28/2020T21:00:00 ,156432,27,39,2,10,0,0,50,0,78
847,02/28/2020T21:10:00 ,156432,27,39,2,10,0,0,50,0,78
848,02/28/2020T21:20:00 ,156432,27,38,2,10,0,0,51,0,77
849,02/28/2020T21:30:00 ,156432,27,38,2,10,0,0,51,0,77
850,02/28/2020T21:40:00 ,156432,27,38,2,10,0,0,51,0,77
851,02/28/2020T21:50:00 ,156432,27,38,2,10,0,0,51,0,77
852,02/28/2020T22:00:00 ,156432,27,38,2,9,0,0,52,0,76
853,02/28/2020T22:10:00 ,156432,27,38,2,8,0,0,53,0,75
854,02/28/2020T22:20:00 ,156432,27,38,2,8,0,0,53,0,75
855,02/28/2020T22:30:00 ,156432,27,38,2,8,0,0,53,0,75
856,02/28/2020T22:40:00 ,156432,27,38,2,8,0,0,53,0,75
857,02/28/2020T22:50:00 ,156432,27,38,2,8,0,0,53,0,75
858,02/28/2020T23:00:00 ,156432,27,38,2,8,0,0,53,0,75
859,02/28/2020T23:10:00 ,156432,27,38,2,8,0,0,53,0,75
860,02/28/2020T23:20:00 ,156432,27,38,2,8,0,0,53,0,75
861,02/28/2020T23:30:00 ,156432,27,38,2,8,0,0,53,0,75
862,02/28/2020T23:40:00 ,156432,27,38,2,8,0,0,53,0,75
863,02/28/2020T23:50:00 ,156432,27,38,2,8,0,0,53,0,75
864,02/29/2020T00:00:00 ,156432,27,38,2,8,0,0,53,0,75
865,02/29/2020T00:10:00 ,156432,27,38,2,8,0,0,53,0,75
866,02/29/2020T00:20:00 ,156432,27,38,2,8,0,0,53,0,75
867,02/29/2020T00:30:00 ,156432,27,38,2,8,0,0,53,0,75
868,02/29/2020T00:40:00 ,156432,27,38,2,8,0,0,53,0,75
869,02/29/2020T00:50:00 ,156432,27,38,2,8,0,0,53,0,75
870,02/29/2020T01:00:00 ,156432,27,38,2,8,0,0,53,0,75
871,02/29/2020T01:10:00 ,156432,26,39,2,8,0,0,53,0,75
872,02/29/2020T01:20:00 ,156432,26,39,2,8,0,0,53,0,75
873,02/29/2020T01:30:00 ,156432,26,39,2,8,0,0,53,0,75
874,02/29/2020T01:40:00 ,156432,26,39,2,8,0,0,53,0,75
875,02/29/2020T01:50:00 ,156432,26,39,2,8,0,0,53,0,75
876,02/29/2020T02:00:00 ,156432,26,39,2,8,0,0,53,0,75
877,02/29/2020T02:10:00 ,156432,26,39,2,8,0,0,53,0,75
878,02/29/2020T02:20:00 ,156432,26,39,2,8,0,0,53,0,75
879,02/29/2020T02:30:00 ,156431,27,38,2,8,0,0,54,0,75
880,02/29/2020T02:40:00 ,156431,26,39,2,8,0,0,54,0,75
881,02/29/2020T02:50:00 ,156431,26,39,2,8,0,0,54,0,75
882,02/29/2020T03:00:00 ,156431,26,39,2,8,0,0,54,0,75
883,02/29/2020T03:10:00 ,156431,26,39,2,8,0,0,54,0,75
884,02/29/2020T03:20:00 ,156431,26,39,2,8,0,0,54,0,75
885,02/29/2020T03:30:00 ,156431,26,39,2,8,0,0,54,0,75
886,02/29/2020T03:40:00 ,156431,26,39,2,8,0,0,54,0,75
887,02/29/2020T03:50:00 ,156431,26,39,2,8,0,0,54,0,75
888,02/29/2020T04:00:00 ,156431,26,39,2,8,0,0,54,0,75
889,02/29/2020T04:10:00 ,156431,26,39,2,8,0,0,54,0,75
890,02/29/2020T04:20:00 ,156431,26,39,2,8,0,0,54,0,75
891,02/29/2020T04:30:00 ,156431,26,39,2,8,0,0,54,0,75
892,02/29/2020T04:40:00 ,156431,26,39,2,8,0,0,54,0,75
893,02/29/2020T04:50:00 ,156431,26,39,2,8,0,0,54,0,75
894,02/29/2020T05:00:00 ,156431,26,39,2,8,0,0,54,0,75
895,02/29/2020T05:10:00 ,156431,26,39,2,8,0,0,54,0,75
896,02/29/2020T05:20:00 ,156431,26,39,2,8,0,0,54,0,75
897,02/29/2020T05:30:00 ,156431,26,38,2,8,0,0,55,0,74
898,02/29/2020T05:40:00 ,156431,26,38,2,8,0,0,55,0,74
899,02/29/2020T05:50:00 ,156431,26,38,2,8,0,0,55,0,74
900,02/29/2020T06:00:00 ,156431,26,38,2,8,0,0,55,0,74
901,02/29/2020T06:10:00 ,156431,26,38,2,8,0,0,55,0,74
902,02/29/2020T06:20:00 ,156431,26,38,2,8,0,0,55,0,74
903,02/29/2020T06:30:00 ,156431,26,38,2,8,0,0,55,0,74
904,02/29/2020T06:40:00 ,156431,26,38,1,9,0,0,55,0,74
905,02/29/2020T06:50:00 ,156431,26,38,1,9,0,0,55,0,74
906,02/29/2020T07:00:00 ,156431,26,38,1,9,0,0,55,0,74
907,02/29/2020T07:10:00 ,156431,25,39,1,9,0,0,55,0,74
908,02/29/2020T07:20:00 ,156431,25,38,1,9,0,0,56,0,73
909,02/29/2020T07:30:00 ,156431,25,38,1,9,0,0,56,0,73
910,02/29/2020T07:40:00 ,156431,25,38,1,9,0,0,56,0,73
911,02/29/2020T07:50:00 ,156431,25,38,1,9,0,0,56,0,73
912,02/29/2020T08:00:00 ,156430,26,38,1,9,0,0,56,0,74
913,02/29/2020T08:10:00 ,156430,26,38,1,9,0,0,56,0,74
914,02/29/2020T08:20:00 ,156430,26,38,1,9,0,0,56,0,74
915,02/29/2020T08:30:00 ,156430,26,38,1,9,0,0,56,0,74
916,02/29/2020T08:40:00 ,156430,26,38,1,9,0,0,56,0,74
917,02/29/2020T08:50:00 ,156430,26,38,1,9,0,0,56,0,74
918,02/29/2020T09:00:00 ,156430,26,38,1,9,0,0,56,0,74
919,02/29/2020T09:10:00 ,156430,26,38,1,9,0,0,56,0,74
920,02/29/2020T09:20:00 ,156429,27,37,1,9,0,0,57,0,74
921,02/29/2020T09:30:00 ,156429,27,37,1,9,0,0,57,0,74
922,02/29/2020T09:40:00 ,156429,26,38,1,9,0,0,57,0,74
923,02/29/2020T09:50:00 ,156428,27,38,1,8,1,0,57,0,75
924,02/29/2020T10:00:00 ,156428,27,38,1,8,1,0,57,0,75
925,02/29/2020T10:10:00 ,156427,28,38,1,8,1,0,57,0,76
926,02/29/2020T10:20:00 ,156427,28,38,1,8,1,0,57,0,76
927,02/29/2020T10:30:00 ,156427,28,38,1,8,1,0,57,0,76
928,02/29/2020T10:40:00 ,156427,28,37,1,8,1,0,58,0,75
929,02/29/2020T10:50:00 ,156426,29,37,1,8,1,0,58,0,76
930,02/29/2020T11:00:00 ,156426,29,37,1,8,1,0,58,0,76
931,02/29/2020T11:10:00 ,156424,31,37,1,8,1,0,58,0,78
932,02/29/2020T11:20:00 ,156424,31,37,1,8,1,0,58,0,78
933,02/29/2020T11:30:00 ,156424,31,36,1,8,1,0,59,0,77
934,02/29/2020T11:40:00 ,156424,31,36,1,8,1,0,59,0,77
935,02/29/2020T11:50:00 ,156424,31,36,1,8,1,0,59,0,77
936,02/29/2020T12:00:00 ,156424,30,37,1,8,1,0,59,0,77
937,02/29/2020T12:10:00 ,156424,28,37,3,8,1,0,59,0,77
938,02/29/2020T12:20:00 ,156423,29,37,3,8,1,0,59,0,78
939,02/29/2020T12:30:00 ,156421,31,37,3,8,1,0,59,0,80
940,02/29/2020T12:40:00 ,156420,32,37,3,8,1,0,59,0,81
941,02/29/2020T12:50:00 ,156420,32,37,3,8,1,0,59,0,81
942,02/29/2020T13:00:00 ,156420,32,37,3,8,1,0,59,0,81
943,02/29/2020T13:10:00 ,156420,31,38,3,8,1,0,59,0,81
944,02/29/2020T13:20:00 ,156419,32,38,3,8,1,0,59,0,82
945,02/29/2020T13:30:00 ,156419,32,38,3,8,1,0,59,0,82
946,02/29/2020T13:40:00 ,156418,33,37,3,8,1,0,60,0,82
947,02/29/2020T13:50:00 ,156417,34,37,3,8,1,0,60,0,83
948,02/29/2020T14:00:00 ,156417,34,37,3,8,1,0,60,0,83
949,02/29/2020T14:10:00 ,156417,34,37,3,8,1,0,60,0,83
950,02/29/2020T14:20:00 ,156417,34,37,3,8,1,0,60,0,83
951,02/29/2020T14:30:00 ,156417,34,37,3,8,1,0,60,0,83
952,02/29/2020T14:40:00 ,156416,35,37,3,8,1,0,60,0,84
953,02/29/2020T14:50:00 ,156415,36,37,3,8,1,0,60,0,85
954,02/29/2020T15:00:00 ,156415,36,37,3,8,1,0,60,0,85
955,02/29/2020T15:10:00 ,156414,37,37,3,8,1,0,60,0,86
956,02/29/2020T15:20:00 ,156414,37,37,3,8,1,0,60,0,86
957,02/29/2020T15:30:00 ,156414,37,37,3,8,1,0,60,0,86
958,02/29/2020T15:40:00 ,156413,38,37,3,8,1,0,60,0,87
959,02/29/2020T15:50:00 ,156412,39,37,3,8,1,0,60,0,88
960,02/29/2020T16:00:00 ,156412,39,37,3,8,1,0,60,0,88
961,02/29/2020T16:10:00 ,156412,39,37,3,8,1,0,60,0,88
962,02/29/2020T16:20:00 ,156412,39,37,3,8,1,0,60,0,88
963,02/29/2020T16:30:00 ,156411,40,37,3,8,1,0,60,0,89
964,02/29/2020T16:40:00 ,156411,40,37,3,8,1,0,60,0,89
965,02/29/2020T16:50:00 ,156410,41,37,3,8,1,0,60,0,90
966,02/29/2020T17:00:00 ,156410,41,37,3,8,1,0,60,0,90
967,02/29/2020T17:10:00 ,156410,41,37,3,8,1,0,60,0,90
968,02/29/2020T17:20:00 ,156410,41,37,3,8,1,0,60,0,90
969,02/29/2020T17:30:00 ,156410,41,37,3,8,1,0,60,0,90
970,02/29/2020T17:40:00 ,156410,40,38,3,8,1,0,60,0,90
971,02/29/2020T17:50:00 ,156410,40,38,3,8,1,0,60,0,90
972,02/29/2020T18:00:00 ,156410,40,38,3,8,1,0,60,0,90
973,02/29/2020T18:10:00 ,156410,40,38,3,8,1,0,60,0,90
974,02/29/2020T18:20:00 ,156410,40,38,3,8,1,0,60,0,90
975,02/29/2020T18:30:00 ,156410,39,39,3,8,1,0,60,0,90
976,02/29/2020T18:40:00 ,156410,38,38,4,8,1,0,61,0,89
977,02/29/2020T18:50:00 ,156410,38,38,4,8,1,0,61,0,89
978,02/29/2020T19:00:00 ,156410,38,38,4,8,1,0,61,0,89
979,02/29/2020T19:10:00 ,156410,38,38,4,8,1,0,61,0,89
980,02/29/2020T19:20:00 ,156410,38,38,4,8,1,0,61,0,89
981,02/29/2020T19:30:00 ,156410,38,38,4,8,1,0,61,0,89
982,02/29/2020T19:40:00 ,156410,38,38,4,8,1,0,61,0,89
983,02/29/2020T19:50:00 ,156410,38,38,4,8,1,0,61,0,89
984,02/29/2020T20:00:00 ,156410,38,38,4,8,1,0,61,0,89
985,02/29/2020T20:10:00 ,156410,38,38,4,8,1,0,61,0,89
986,02/29/2020T20:20:00 ,156410,38,38,4,8,1,0,61,0,89
987,02/29/2020T20:30:00 ,156410,38,38,4,7,1,0,62,0,88
988,02/29/2020T20:40:00 ,156410,38,38,4,7,1,0,62,0,88
989,02/29/2020T20:50:00 ,156410,38,38,4,7,1,0,62,0,88
990,02/29/2020T21:00:00 ,156410,38,38,4,7,1,0,62,0,88
991,02/29/2020T21:10:00 ,156410,38,38,4,7,1,0,62,0,88
992,02/29/2020T21:20:00 ,156410,38,38,4,7,1,0,62,0,88
993,02/29/2020T21:30:00 ,156410,38,38,4,7,1,0,62,0,88
994,02/29/2020T21:40:00 ,156410,38,38,4,7,1,0,62,0,88
995,02/29/2020T21:50:00 ,156410,38,38,4,7,1,0,62,0,88
996,02/29/2020T22:00:00 ,156410,38,38,4,7,1,0,62,0,88
997,02/29/2020T22:10:00 ,156410,38,38,4,7,1,0,62,0,88
998,02/29/2020T22:20:00 ,156410,38,38,4,7,1,0,62,0,88
999,02/29/2020T22:30:00 ,156410,38,38,4,7,1,0,62,0,88
1000,02/29/2020T22:40:00 ,156409,39,38,4,7,1,0,62,0,89
1001,02/29/2020T22:50:00 ,156409,39,38,4,7,1,0,62,0,89
1002,02/29/2020T23:00:00 ,156409,39,37,4,7,1,0,63,0,88
1003,02/29/2020T23:10:00 ,156409,39,37,4,7,1,0,63,0,88
1004,02/29/2020T23:20:00 ,156409,39,37,4,7,1,0,63,0,88
1005,02/29/2020T23:30:00 ,156409,39,37,4,7,1,0,63,0,88
1006,02/29/2020T23:40:00 ,156409,39,37,4,7,1,0,63,0,88
1007,02/29/2020T23:50:00 ,156409,39,37,4,7,1,0,63,0,88
1008,03/01/2020T00:00:00 ,156409,39,37,4,7,1,0,63,0,88
1009,03/01/2020T00:10:00 ,156409,38,38,4,7,1,0,63,0,88
1010,03/01/2020T00:20:00 ,156409,38,38,4,7,1,0,63,0,88
1011,03/01/2020T00:30:00 ,156409,38,38,4,7,1,0,63,0,88
1012,03/01/2020T00:40:00 ,156409,38,38,4,7,1,0,63,0,88
1013,03/01/2020T00:50:00 ,156409,38,38,4,7,1,0,63,0,88
1014,03/01/2020T01:00:00 ,156409,38,38,4,7,1,0,63,0,88
1015,03/01/2020T01:10:00 ,156409,38,37,4,7,1,0,64,0,87
1016,03/01/2020T01:20:00 ,156409,38,37,4,7,1,0,64,0,87
1017,03/01/2020T01:30:00 ,156409,37,38,4,7,1,0,64,0,87
1018,03/01/2020T01:40:00 ,156409,37,38,4,7,1,0,64,0,87
1019,03/01/2020T01:50:00 ,156409,37,38,4,7,1,0,64,0,87
1020,03/01/2020T02:00:00 ,156409,36,39,4,7,1,0,64,0,87
1021,03/01/2020T02:10:00 ,156409,36,39,4,7,1,0,64,0,87
1022,03/01/2020T02:20:00 ,156409,36,39,4,7,1,0,64,0,87
1023,03/01/2020T02:30:00 ,156409,36,39,4,7,1,0,64,0,87
1024,03/01/2020T02:40:00 ,156409,36,39,4,7,1,0,64,0,87
1025,03/01/2020T02:50:00 ,156409,36,38,4,7,1,0,65,0,86
1026,03/01/2020T03:00:00 ,156409,36,38,4,7,1,0,65,0,86
1027,03/01/2020T03:10:00 ,156409,36,38,4,7,1,0,65,0,86
1028,03/01/2020T03:20:00 ,156409,36,38,4,7,1,0,65,0,86
1029,03/01/2020T03:30:00 ,156409,36,38,4,7,1,0,65,0,86
1030,03/01/2020T03:40:00 ,156408,37,37,4,7,1,0,66,0,86
1031,03/01/2020T03:50:00 ,156408,37,37,4,7,1,0,66,0,86
1032,03/01/2020T04:00:00 ,156408,37,37,4,7,1,0,66,0,86
1033,03/01/2020T04:10:00 ,156408,37,37,4,7,1,0,66,0,86
1034,03/01/2020T04:20:00 ,156408,36,38,4,7,1,0,66,0,86
1035,03/01/2020T04:30:00 ,156408,36,36,4,7,1,0,68,0,84
1036,03/01/2020T04:40:00 ,156408,36,36,4,7,1,0,68,0,84
1037,03/01/2020T04:50:00 ,156408,36,36,4,7,1,0,68,0,84
1038,03/01/2020T05:00:00 ,156408,36,36,4,7,1,0,68,0,84
1039,03/01/2020T05:10:00 ,156407,37,36,4,7,1,0,68,0,85
1040,03/01/2020T05:20:00 ,156407,37,36,4,6,1,0,69,0,84
1041,03/01/2020T05:30:00 ,156407,37,36,4,6,1,0,69,0,84
1042,03/01/2020T05:40:00 ,156407,37,36,4,6,1,0,69,0,84
1043,03/01/2020T05:50:00 ,156407,37,36,4,6,1,0,69,0,84
1044,03/01/2020T06:00:00 ,156407,37,36,4,6,1,0,69,0,84
1045,03/01/2020T06:10:00 ,156407,37,36,4,6,1,0,69,0,84
1046,03/01/2020T06:20:00 ,156407,37,36,4,6,1,0,69,0,84
1047,03/01/2020T06:30:00 ,156407,37,36,4,6,1,0,69,0,84
1048,03/01/2020T06:40:00 ,156407,37,36,4,6,1,0,69,0,84
1049,03/01/2020T06:50:00 ,156407,37,36,4,6,1,0,69,0,84
1050,03/01/2020T07:00:00 ,156407,37,36,4,6,1,0,69,0,84
1051,03/01/2020T07:10:00 ,156407,37,36,4,6,1,0,69,0,84
1052,03/01/2020T07:20:00 ,156407,37,36,4,6,1,0,69,0,84
1053,03/01/2020T07:30:00 ,156407,37,36,4,6,1,0,69,0,84
1054,03/01/2020T07:40:00 ,156407,37,36,4,6,1,0,69,0,84
1055,03/01/2020T07:50:00 ,156407,37,36,4,6,1,0,69,0,84
1056,03/01/2020T08:00:00 ,156407,37,36,4,6,1,0,69,0,84
1057,03/01/2020T08:10:00 ,156407,37,36,4,6,1,0,69,0,84
1058,03/01/2020T08:20:00 ,156407,37,35,4,6,1,0,70,0,83
1059,03/01/2020T08:30:00 ,156407,36,36,4,6,1,0,70,0,83
1060,03/01/2020T08:40:00 ,156407,36,36,4,6,1,0,70,0,83
1061,03/01/2020T08:50:00 ,156407,36,36,4,6,1,0,70,0,83
1062,03/01/2020T09:00:00 ,156407,36,36,4,6,1,0,70,0,83
1063,03/01/2020T09:10:00 ,156407,36,36,4,6,1,0,70,0,83
1064,03/01/2020T09:20:00 ,156407,35,37,4,6,1,0,70,0,83
1065,03/01/2020T09:30:00 ,156407,35,37,4,6,1,0,70,0,83
1066,03/01/2020T09:40:00 ,156407,35,37,4,6,1,0,70,0,83
1067,03/01/2020T09:50:00 ,156407,35,37,4,6,1,0,70,0,83
1068,03/01/2020T10:00:00 ,156407,35,36,4,6,1,0,71,0,82
1069,03/01/2020T10:10:00 ,156407,35,36,4,6,1,0,71,0,82
1070,03/01/2020T10:20:00 ,156407,34,37,4,6,1,0,71,0,82
1071,03/01/2020T10:30:00 ,156407,34,37,4,6,1,0,71,0,82
1072,03/01/2020T10:40:00 ,156407,34,37,4,6,1,0,71,0,82
1073,03/01/2020T10:50:00 ,156407,33,38,4,6,1,0,71,0,82
1074,03/01/2020T11:00:00 ,156407,33,38,4,6,1,0,71,0,82
1075,03/01/2020T11:10:00 ,156407,33,38,4,6,1,0,71,0,82
1076,03/01/2020T11:20:00 ,156407,33,38,4,6,1,0,71,0,82
1077,03/01/2020T11:30:00 ,156407,33,38,4,6,1,0,71,0,82
1078,03/01/2020T11:40:00 ,156407,33,38,4,6,1,0,71,0,82
1079,03/01/2020T11:50:00 ,156407,33,38,4,6,1,0,71,0,82
1080,03/01/2020T12:00:00 ,156407,33,38,4,6,1,0,71,0,82
1081,03/01/2020T12:10:00 ,156407,33,38,4,6,1,0,71,0,82
1082,03/01/2020T12:20:00 ,156407,33,38,4,6,1,0,71,0,82
1083,03/01/2020T12:30:00 ,156407,33,38,4,6,1,0,71,0,82
1084,03/01/2020T12:40:00 ,156407,33,38,4,6,1,0,71,0,82
1085,03/01/2020T12:50:00 ,156407,33,38,4,6,1,0,71,0,82
1086,03/01/2020T13:00:00 ,156407,32,39,4,6,1,0,71,0,82
1087,03/01/2020T13:10:00 ,156407,32,39,4,6,1,0,71,0,82
1088,03/01/2020T13:20:00 ,156407,32,39,4,6,1,0,71,0,82
1089,03/01/2020T13:30:00 ,156407,32,39,4,6,1,0,71,0,82
1090,03/01/2020T13:40:00 ,156407,32,39,4,6,1,0,71,0,82
1091,03/01/2020T13:50:00 ,156407,32,39,4,6,1,0,71,0,82
1092,03/01/2020T14:00:00 ,156407,32,39,4,6,1,0,71,0,82
1093,03/01/2020T14:10:00 ,156407,32,39,4,6,1,0,71,0,82
1094,03/01/2020T14:20:00 ,156407,32,39,4,6,1,0,71,0,82
1095,03/01/2020T14:30:00 ,156407,32,39,4,6,1,0,71,0,82
1096,03/01/2020T14:40:00 ,156407,32,39,4,6,1,0,71,0,82
1097,03/01/2020T14:50:00 ,156407,32,39,4,6,1,0,71,0,82
1098,03/01/2020T15:00:00 ,156406,33,39,4,6,1,0,71,0,83
1099,03/01/2020T15:10:00 ,156406,33,39,4,6,1,0,71,0,83
1100,03/01/2020T15:20:00 ,156406,33,39,4,6,1,0,71,0,83
1101,03/01/2020T15:30:00 ,156406,33,39,4,6,1,0,71,0,83
1102,03/01/2020T15:40:00 ,156406,33,39,4,6,1,0,71,0,83
1103,03/01/2020T15:50:00 ,156406,33,39,4,5,1,0,72,0,82
1104,03/01/2020T16:00:00 ,156406,33,39,4,5,1,0,72,0,82
1105,03/01/2020T16:10:00 ,156406,33,39,4,5,1,0,72,0,82
1106,03/01/2020T16:20:00 ,156406,33,39,4,5,1,0,72,0,82
1107,03/01/2020T16:30:00 ,156406,33,39,4,5,1,0,72,0,82
1108,03/01/2020T16:40:00 ,156405,34,39,4,5,1,0,72,0,83
1109,03/01/2020T16:50:00 ,156405,34,39,4,5,1,0,72,0,83
1110,03/01/2020T17:00:00 ,156405,34,39,4,5,1,0,72,0,83
1111,03/01/2020T17:10:00 ,156405,34,39,4,5,1,0,72,0,83
1112,03/01/2020T17:20:00 ,156405,34,39,4,5,1,0,72,0,83
1113,03/01/2020T17:30:00 ,156405,33,40,4,5,1,0,72,0,83
1114,03/01/2020T17:40:00 ,156405,33,40,4,5,1,0,72,0,83
1115,03/01/2020T17:50:00 ,156405,33,40,4,5,1,0,72,0,83
1116,03/01/2020T18:00:00 ,156405,33,40,4,5,1,0,72,0,83
1117,03/01/2020T18:10:00 ,156405,33,40,4,5,1,0,72,0,83
1118,03/01/2020T18:20:00 ,156405,33,40,4,5,1,0,72,0,83
1119,03/01/2020T18:30:00 ,156405,33,40,4,5,1,0,72,0,83
1120,03/01/2020T18:40:00 ,156405,33,40,4,5,1,0,72,0,83
1121,03/01/2020T18:50:00 ,156405,32,40,5,5,1,0,72,0,83
1122,03/01/2020T19:00:00 ,156405,32,40,5,5,1,0,72,0,83
1123,03/01/2020T19:10:00 ,156405,32,40,5,4,1,0,73,0,82
1124,03/01/2020T19:20:00 ,156405,32,40,5,4,1,0,73,0,82
1125,03/01/2020T19:30:00 ,156405,31,41,5,4,1,0,73,0,82
1126,03/01/2020T19:40:00 ,156405,31,41,5,4,1,0,73,0,82
1127,03/01/2020T19:50:00 ,156405,31,41,5,4,1,0,73,0,82
1128,03/01/2020T20:00:00 ,156405,31,41,5,4,1,0,73,0,82
1129,03/01/2020T20:10:00 ,156404,32,41,5,4,1,0,73,0,83
1130,03/01/2020T20:20:00 ,156404,32,41,5,4,1,0,73,0,83
1131,03/01/2020T20:30:00 ,156404,32,41,5,3,2,0,73,0,83
1132,03/01/2020T20:40:00 ,156404,32,41,5,3,2,0,73,0,83
1133,03/01/2020T20:50:00 ,156404,32,41,5,3,2,0,73,0,83
1134,03/01/2020T21:00:00 ,156404,32,41,5,3,2,0,73,0,83
1135,03/01/2020T21:10:00 ,156404,32,41,5,3,2,0,73,0,83
1136,03/01/2020T21:20:00 ,156403,33,41,5,3,2,0,73,0,84
1137,03/01/2020T21:30:00 ,156403,33,41,5,3,2,0,73,0,84
1138,03/01/2020T21:40:00 ,156403,33,41,5,3,2,0,73,0,84
1139,03/01/2020T21:50:00 ,156403,33,41,5,3,2,0,73,0,84
1140,03/01/2020T22:00:00 ,156403,33,41,5,3,2,0,73,0,84
1141,03/01/2020T22:10:00 ,156403,33,41,5,3,2,0,73,0,84
1142,03/01/2020T22:20:00 ,156403,33,40,5,3,2,0,74,0,83
1143,03/01/2020T22:30:00 ,156403,33,40,5,3,2,0,74,0,83
1144,03/01/2020T22:40:00 ,156403,33,40,5,3,2,0,74,0,83
1145,03/01/2020T22:50:00 ,156403,33,40,5,3,2,0,74,0,83
1146,03/01/2020T23:00:00 ,156403,33,40,5,3,2,0,74,0,83
1147,03/01/2020T23:10:00 ,156403,33,40,5,3,2,0,74,0,83
1148,03/01/2020T23:20:00 ,156403,33,40,5,3,2,0,74,0,83
1149,03/01/2020T23:30:00 ,156403,33,40,5,3,2,0,74,0,83
1150,03/01/2020T23:40:00 ,156403,33,40,5,3,2,0,74,0,83
1151,03/01/2020T23:50:00 ,156403,33,40,5,3,2,0,74,0,83
1152,03/02/2020T00:00:00 ,156403,33,40,5,3,2,0,74,0,83
1153,03/02/2020T00:10:00 ,156403,33,40,5,3,2,0,74,0,83
1154,03/02/2020T00:20:00 ,156403,33,40,5,3,2,0,74,0,83
1155,03/02/2020T00:30:00 ,156403,33,40,5,3,2,0,74,0,83
1156,03/02/2020T00:40:00 ,156403,33,40,5,3,2,0,74,0,83
1157,03/02/2020T00:50:00 ,156403,33,40,5,3,2,0,74,0,83
1158,03/02/2020T01:00:00 ,156403,33,40,5,3,2,0,74,0,83
1159,03/02/2020T01:10:00 ,156403,33,40,5,3,2,0,74,0,83
1160,03/02/2020T01:20:00 ,156403,33,40,5,3,2,0,74,0,83
1161,03/02/2020T01:30:00 ,156403,33,40,5,3,2,0,74,0,83
1162,03/02/2020T01:40:00 ,156403,33,40,5,3,2,0,74,0,83
1163,03/02/2020T01:50:00 ,156403,33,40,5,3,2,0,74,0,83
1164,03/02/2020T02:00:00 ,156403,33,40,5,3,2,0,74,0,83
1165,03/02/2020T02:10:00 ,156403,33,40,5,3,2,0,74,0,83
1166,03/02/2020T02:20:00 ,156403,33,40,5,3,2,0,74,0,83
1167,03/02/2020T02:30:00 ,156403,33,40,5,3,2,0,74,0,83
1168,03/02/2020T02:40:00 ,156403,33,40,5,3,2,0,74,0,83
1169,03/02/2020T02:50:00 ,156403,33,40,5,3,2,0,74,0,83
1170,03/02/2020T03:00:00 ,156403,33,40,5,3,2,0,74,0,83
1171,03/02/2020T03:10:00 ,156403,33,40,5,3,2,0,74,0,83
1172,03/02/2020T03:20:00 ,156403,33,40,5,3,2,0,74,0,83
1173,03/02/2020T03:30:00 ,156403,33,40,5,3,2,0,74,0,83
1174,03/02/2020T03:40:00 ,156402,34,40,5,3,2,0,74,0,84
1175,03/02/2020T03:50:00 ,156402,34,40,5,3,2,0,74,0,84
1176,03/02/2020T04:00:00 ,156402,34,40,5,3,2,0,74,0,84
1177,03/02/2020T04:10:00 ,156402,33,40,6,3,2,0,74,0,84
1178,03/02/2020T04:20:00 ,156402,33,40,6,3,2,0,74,0,84
1179,03/02/2020T04:30:00 ,156402,33,40,6,3,2,0,74,0,84
1180,03/02/2020T04:40:00 ,156402,33,40,6,3,2,0,74,0,84
1181,03/02/2020T04:50:00 ,156402,33,39,6,3,2,0,75,0,83
1182,03/02/2020T05:00:00 ,156402,33,39,6,3,2,0,75,0,83
1183,03/02/2020T05:10:00 ,156402,33,39,6,3,2,0,75,0,83
1184,03/02/2020T05:20:00 ,156402,33,39,6,3,2,0,75,0,83
1185,03/02/2020T05:30:00 ,156402,33,39,6,3,2,0,75,0,83
1186,03/02/2020T05:40:00 ,156402,32,40,6,3,2,0,75,0,83
1187,03/02/2020T05:50:00 ,156402,32,40,6,3,2,0,75,0,83
1188,03/02/2020T06:00:00 ,156402,31,40,7,3,2,0,75,0,83
1189,03/02/2020T06:10:00 ,156402,31,40,7,3,2,0,75,0,83
1190,03/02/2020T06:20:00 ,156402,31,40,7,3,2,0,75,0,83
1191,03/02/2020T06:30:00 ,156402,31,40,7,3,2,0,75,0,83
1192,03/02/2020T06:40:00 ,156402,31,40,7,3,2,0,75,0,83
1193,03/02/2020T06:50:00 ,156402,31,40,7,3,2,0,75,0,83
1194,03/02/2020T07:00:00 ,156402,30,41,7,3,2,0,75,0,83
1195,03/02/2020T07:10:00 ,156402,30,41,7,3,2,0,75,0,83
1196,03/02/2020T07:20:00 ,156402,30,41,7,3,2,0,75,0,83
1197,03/02/2020T07:30:00 ,156402,30,41,7,3,2,0,75,0,83
1198,03/02/2020T07:40:00 ,156402,30,41,7,3,2,0,75,0,83
1199,03/02/2020T07:50:00 ,156402,30,41,7,3,2,0,75,0,83
1200,03/02/2020T08:00:00 ,156402,30,41,7,3,2,0,75,0,83
1201,03/02/2020T08:10:00 ,156402,30,41,7,3,2,0,75,0,83
1202,03/02/2020T08:20:00 ,156402,30,41,7,3,2,0,75,0,83
1203,03/02/2020T08:30:00 ,156402,30,41,7,3,2,0,75,0,83
1204,03/02/2020T08:40:00 ,156402,30,41,7,3,2,0,75,0,83
1205,03/02/2020T08:50:00 ,156402,30,41,7,3,2,0,75,0,83
1206,03/02/2020T09:00:00 ,156402,30,41,7,3,2,0,75,0,83
1207,03/02/2020T09:10:00 ,156402,30,41,7,3,2,0,75,0,83
1208,03/02/2020T09:20:00 ,156402,30,41,7,3,2,0,75,0,83
1209,03/02/2020T09:30:00 ,156402,29,42,7,3,2,0,75,0,83
1210,03/02/2020T09:40:00 ,156402,29,42,7,3,2,0,75,0,83
1211,03/02/2020T09:50:00 ,156402,29,41,7,3,2,0,76,0,82
1212,03/02/2020T10:00:00 ,156402,29,41,7,3,2,0,76,0,82
1213,03/02/2020T10:10:00 ,156402,29,41,7,3,2,0,76,0,82
1214,03/02/2020T10:20:00 ,156402,29,41,7,3,2,0,76,0,82
1215,03/02/2020T10:30:00 ,156402,29,41,7,3,2,0,76,0,82
1216,03/02/2020T10:40:00 ,156402,28,42,7,3,2,0,76,0,82
1217,03/02/2020T10:50:00 ,156402,28,42,7,3,2,0,76,0,82
1218,03/02/2020T11:00:00 ,156402,28,42,7,3,2,0,76,0,82
1219,03/02/2020T11:10:00 ,156402,28,42,7,3,2,0,76,0,82
1220,03/02/2020T11:20:00 ,156402,28,42,7,3,2,0,76,0,82
1221,03/02/2020T11:30:00 ,156402,28,42,7,3,2,0,76,0,82
1222,03/02/2020T11:40:00 ,156402,28,42,7,3,2,0,76,0,82
1223,03/02/2020T11:50:00 ,156402,28,41,7,3,2,0,77,0,81
1224,03/02/2020T12:00:00 ,156402,28,41,7,3,2,0,77,0,81
1225,03/02/2020T12:10:00 ,156402,28,41,7,3,2,0,77,0,81
1226,03/02/2020T12:20:00 ,156402,28,41,7,3,2,0,77,0,81
1227,03/02/2020T12:30:00 ,156402,28,41,7,3,2,0,77,0,81
1228,03/02/2020T12:40:00 ,156402,28,41,7,3,2,0,77,0,81
1229,03/02/2020T12:50:00 ,156402,28,41,6,4,2,0,77,0,81
1230,03/02/2020T13:00:00 ,156402,28,41,5,5,2,0,77,0,81
1231,03/02/2020T13:10:00 ,156401,29,41,5,5,2,0,77,0,82
1232,03/02/2020T13:20:00 ,156401,29,41,5,5,2,0,77,0,82
1233,03/02/2020T13:30:00 ,156401,29,40,5,5,2,0,78,0,81
1234,03/02/2020T13:40:00 ,156401,29,40,5,5,2,0,78,0,81
1235,03/02/2020T13:50:00 ,156400,29,41,5,5,2,0,78,0,82
1236,03/02/2020T14:00:00 ,156400,29,41,5,5,2,0,78,0,82
1237,03/02/2020T14:10:00 ,156400,29,41,5,5,2,0,78,0,82
1238,03/02/2020T14:20:00 ,156400,29,41,5,5,2,0,78,0,82
1239,03/02/2020T14:30:00 ,156400,29,41,5,5,2,0,78,0,82
1240,03/02/2020T14:40:00 ,156400,29,41,5,5,2,0,78,0,82
1241,03/02/2020T14:50:00 ,156400,29,41,5,5,2,0,78,0,82
1242,03/02/2020T15:00:00 ,156400,29,41,5,5,2,0,78,0,82
1243,03/02/2020T15:10:00 ,156400,29,41,5,5,2,0,78,0,82
1244,03/02/2020T15:20:00 ,156400,29,41,5,5,2,0,78,0,82
1245,03/02/2020T15:30:00 ,156400,29,41,5,5,2,0,78,0,82
1246,03/02/2020T15:40:00 ,156400,29,41,5,5,2,0,78,0,82
1247,03/02/2020T15:50:00 ,156400,29,41,5,5,2,0,78,0,82
1248,03/02/2020T16:00:00 ,156400,29,41,5,5,2,0,78,0,82
1249,03/02/2020T16:10:00 ,156400,29,41,5,5,2,0,78,0,82
1250,03/02/2020T16:20:00 ,156400,29,41,5,5,2,0,78,0,82
1251,03/02/2020T16:30:00 ,156400,29,41,5,5,2,0,78,0,82
1252,03/02/2020T16:40:00 ,156400,29,41,5,5,2,0,78,0,82
1253,03/02/2020T16:50:00 ,156400,29,41,5,5,2,0,78,0,82
1254,03/02/2020T17:00:00 ,156400,29,41,5,5,2,0,78,0,82
1255,03/02/2020T17:10:00 ,156400,29,41,5,5,2,0,78,0,82
1256,03/02/2020T17:20:00 ,156399,30,41,5,5,2,0,78,0,83
1257,03/02/2020T17:30:00 ,156397,32,41,5,5,2,0,78,0,85
1258,03/02/2020T17:40:00 ,156397,32,41,5,5,2,0,78,0,85
1259,03/02/2020T17:50:00 ,156397,32,41,5,5,2,0,78,0,85
1260,03/02/2020T18:00:00 ,156397,32,41,5,5,2,0,78,0,85
1261,03/02/2020T18:10:00 ,156397,32,41,5,5,2,0,78,0,85
1262,03/02/2020T18:20:00 ,156397,32,41,5,5,2,0,78,0,85
1263,03/02/2020T18:30:00 ,156397,32,41,5,5,2,0,78,0,85
1264,03/02/2020T18:40:00 ,156397,32,41,5,5,2,0,78,0,85
1265,03/02/2020T18:50:00 ,156397,32,41,5,4,2,0,79,0,84
1266,03/02/2020T19:00:00 ,156397,32,41,5,4,2,0,79,0,84
1267,03/02/2020T19:10:00 ,156397,32,41,5,4,2,0,79,0,84
1268,03/02/2020T19:20:00 ,156397,32,41,5,4,2,0,79,0,84
1269,03/02/2020T19:30:00 ,156397,32,41,5,4,2,0,79,0,84
1270,03/02/2020T19:40:00 ,156397,32,41,5,4,2,0,79,0,84
1271,03/02/2020T19:50:00 ,156397,32,41,5,4,2,0,79,0,84
1272,03/02/2020T20:00:00 ,156397,31,42,5,4,2,0,79,0,84
1273,03/02/2020T20:10:00 ,156397,31,42,5,4,2,0,79,0,84
1274,03/02/2020T20:20:00 ,156397,31,42,5,4,2,0,79,0,84
1275,03/02/2020T20:30:00 ,156397,31,42,5,4,2,0,79,0,84
1276,03/02/2020T20:40:00 ,156397,31,42,5,4,2,0,79,0,84
1277,03/02/2020T20:50:00 ,156397,31,42,5,4,2,0,79,0,84
1278,03/02/2020T21:00:00 ,156397,31,42,5,4,2,0,79,0,84
1279,03/02/2020T21:10:00 ,156397,31,42,5,4,2,0,79,0,84
1280,03/02/2020T21:20:00 ,156397,31,42,5,4,2,0,79,0,84
1281,03/02/2020T21:30:00 ,156397,31,42,5,4,2,0,79,0,84
1282,03/02/2020T21:40:00 ,156397,31,42,5,4,2,0,79,0,84
1283,03/02/2020T21:50:00 ,156397,31,42,5,4,2,0,79,0,84
1284,03/02/2020T22:00:00 ,156397,31,42,5,4,2,0,79,0,84
1285,03/02/2020T22:10:00 ,156397,31,42,4,5,2,0,79,0,84
1286,03/02/2020T22:20:00 ,156397,31,42,4,5,2,0,79,0,84
1287,03/02/2020T22:30:00 ,156397,31,42,4,5,2,0,79,0,84
1288,03/02/2020T22:40:00 ,156397,31,42,4,5,2,0,79,0,84
1289,03/02/2020T22:50:00 ,156397,31,42,4,5,2,0,79,0,84
1290,03/02/2020T23:00:00 ,156397,31,42,4,5,2,0,79,0,84
1291,03/02/2020T23:10:00 ,156397,31,42,4,5,2,0,79,0,84
1292,03/02/2020T23:20:00 ,156397,31,42,4,5,2,0,79,0,84
1293,03/02/2020T23:30:00 ,156396,32,42,4,5,2,0,79,0,85
1294,03/02/2020T23:40:00 ,156396,32,42,4,5,2,0,79,0,85
1295,03/02/2020T23:50:00 ,156396,32,42,4,5,2,0,79,0,85
1296,03/03/2020T00:00:00 ,156396,32,42,4,5,2,0,79,0,85
1297,03/03/2020T00:10:00 ,156396,32,42,4,5,2,0,79,0,85
1298,03/03/2020T00:20:00 ,156396,32,42,4,5,2,0,79,0,85
1299,03/03/2020T00:30:00 ,156396,32,42,4,5,2,0,79,0,85
1300,03/03/2020T00:40:00 ,156396,32,42,4,5,2,0,79,0,85
1301,03/03/2020T00:50:00 ,156396,32,42,4,5,2,0,79,0,85
1302,03/03/2020T01:00:00 ,156396,32,42,4,5,2,0,79,0,85
1303,03/03/2020T01:10:00 ,156396,32,42,4,5,2,0,79,0,85
1304,03/03/2020T01:20:00 ,156396,32,42,4,5,2,0,79,0,85
1305,03/03/2020T01:30:00 ,156396,31,43,4,5,2,0,79,0,85
1306,03/03/2020T01:40:00 ,156396,31,43,4,5,2,0,79,0,85
1307,03/03/2020T01:50:00 ,156396,30,44,4,5,2,0,79,0,85
1308,03/03/2020T02:00:00 ,156396,29,45,4,5,2,0,79,0,85
1309,03/03/2020T02:10:00 ,156396,29,45,4,5,2,0,79,0,85
1310,03/03/2020T02:20:00 ,156396,28,46,4,5,2,0,79,0,85
1311,03/03/2020T02:30:00 ,156396,28,46,4,5,2,0,79,0,85
1312,03/03/2020T02:40:00 ,156396,28,46,4,5,2,0,79,0,85
1313,03/03/2020T02:50:00 ,156396,28,46,4,5,2,0,79,0,85
1314,03/03/2020T03:00:00 ,156396,28,46,4,5,2,0,79,0,85
1315,03/03/2020T03:10:00 ,156396,28,46,4,5,2,0,79,0,85
1316,03/03/2020T03:20:00 ,156396,28,45,4,5,2,0,80,0,84
1317,03/03/2020T03:30:00 ,156396,27,45,5,5,2,0,80,0,84
1318,03/03/2020T03:40:00 ,156396,27,45,5,5,2,0,80,0,84
1319,03/03/2020T03:50:00 ,156396,27,45,5,5,2,0,80,0,84
1320,03/03/2020T04:00:00 ,156396,27,45,5,5,2,0,80,0,84
1321,03/03/2020T04:10:00 ,156396,27,45,5,5,2,0,80,0,84
1322,03/03/2020T04:20:00 ,156396,27,45,5,5,2,0,80,0,84
1323,03/03/2020T04:30:00 ,156396,27,45,5,5,2,0,80,0,84
1324,03/03/2020T04:40:00 ,156396,27,45,5,5,2,0,80,0,84
1325,03/03/2020T04:50:00 ,156396,27,45,5,5,2,0,80,0,84
1326,03/03/2020T05:00:00 ,156396,26,46,5,5,2,0,80,0,84
1327,03/03/2020T05:10:00 ,156396,26,46,5,5,2,0,80,0,84
1328,03/03/2020T05:20:00 ,156396,26,46,5,5,2,0,80,0,84
1329,03/03/2020T05:30:00 ,156396,25,47,5,5,2,0,80,0,84
1330,03/03/2020T05:40:00 ,156396,25,47,5,5,2,0,80,0,84
1331,03/03/2020T05:50:00 ,156396,25,47,5,5,2,0,80,0,84
1332,03/03/2020T06:00:00 ,156396,25,47,5,5,2,0,80,0,84
1333,03/03/2020T06:10:00 ,156396,25,47,5,5,2,0,80,0,84
1334,03/03/2020T06:20:00 ,156396,25,47,5,5,2,0,80,0,84
1335,03/03/2020T06:30:00 ,156395,26,47,5,5,2,0,80,0,85
1336,03/03/2020T06:40:00 ,156395,26,47,5,5,2,0,80,0,85
1337,03/03/2020T06:50:00 ,156395,26,47,5,5,2,0,80,0,85
1338,03/03/2020T07:00:00 ,156395,26,47,5,5,2,0,80,0,85
1339,03/03/2020T07:10:00 ,156395,26,47,5,5,2,0,80,0,85
1340,03/03/2020T07:20:00 ,156395,26,47,5,5,2,0,80,0,85
1341,03/03/2020T07:30:00 ,156395,26,47,5,5,2,0,80,0,85
1342,03/03/2020T07:40:00 ,156395,26,47,5,5,2,0,80,0,85
1343,03/03/2020T07:50:00 ,156395,26,47,5,5,2,0,80,0,85
1344,03/03/2020T08:00:00 ,156394,27,47,5,5,2,0,80,0,86
1345,03/03/2020T08:10:00 ,156393,28,47,5,5,2,0,80,0,87
1346,03/03/2020T08:20:00 ,156391,30,47,5,5,2,0,80,0,89
1347,03/03/2020T08:30:00 ,156391,30,47,5,5,2,0,80,0,89
1348,03/03/2020T08:40:00 ,156390,31,47,5,5,2,0,80,0,90
1349,03/03/2020T08:50:00 ,156390,31,47,5,5,2,0,80,0,90
1350,03/03/2020T09:00:00 ,156390,31,47,5,5,2,0,80,0,90
1351,03/03/2020T09:10:00 ,156389,32,47,5,5,2,0,80,0,91
1352,03/03/2020T09:20:00 ,156389,32,47,4,6,2,0,80,0,91
1353,03/03/2020T09:30:00 ,156389,32,47,4,6,2,0,80,0,91
1354,03/03/2020T09:40:00 ,156389,32,47,4,6,2,0,80,0,91
1355,03/03/2020T09:50:00 ,156388,33,47,4,6,2,0,80,0,92
1356,03/03/2020T10:00:00 ,156386,35,47,4,6,2,0,80,0,94
1357,03/03/2020T10:10:00 ,156385,36,47,4,6,2,0,80,0,95
1358,03/03/2020T10:20:00 ,156385,36,47,4,6,2,0,80,0,95
1359,03/03/2020T10:30:00 ,156384,37,47,4,6,2,0,80,0,96
1360,03/03/2020T10:40:00 ,156383,37,48,4,6,2,0,80,0,97
1361,03/03/2020T10:50:00 ,156382,38,48,4,6,2,0,80,0,98
1362,03/03/2020T11:00:00 ,156382,38,48,4,6,2,0,80,0,98
1363,03/03/2020T11:10:00 ,156380,40,48,4,6,2,0,80,0,100
1364,03/03/2020T11:20:00 ,156380,40,48,4,6,2,0,80,0,100
1365,03/03/2020T11:30:00 ,156378,42,48,4,6,2,0,80,0,102
1366,03/03/2020T11:40:00 ,156377,43,48,3,7,2,0,80,0,103
1367,03/03/2020T11:50:00 ,156376,44,48,3,7,2,0,80,0,104
1368,03/03/2020T12:00:00 ,156376,44,48,3,7,2,0,80,0,104
1369,03/03/2020T12:10:00 ,156374,46,48,3,7,2,0,80,0,106
1370,03/03/2020T12:20:00 ,156374,46,48,3,7,2,0,80,0,106
1371,03/03/2020T12:30:00 ,156374,46,48,3,7,2,0,80,0,106
1372,03/03/2020T12:40:00 ,156374,46,48,3,7,2,0,80,0,106
1373,03/03/2020T12:50:00 ,156374,46,47,3,7,2,0,81,0,105
1374,03/03/2020T13:00:00 ,156374,46,47,3,7,2,0,81,0,105
1375,03/03/2020T13:10:00 ,156374,46,47,3,7,2,0,81,0,105
1376,03/03/2020T13:20:00 ,156373,47,47,3,7,2,0,81,0,106
1377,03/03/2020T13:30:00 ,156372,48,47,3,7,2,0,81,0,107
1378,03/03/2020T13:40:00 ,156369,51,47,3,7,2,0,81,0,110
1379,03/03/2020T13:50:00 ,156368,52,47,3,7,2,0,81,0,111
1380,03/03/2020T14:00:00 ,156368,52,47,3,7,2,0,81,0,111
1381,03/03/2020T14:10:00 ,156367,53,47,3,7,2,0,81,0,112
1382,03/03/2020T14:20:00 ,156366,54,47,3,7,2,0,81,0,113
1383,03/03/2020T14:30:00 ,156366,54,47,3,7,2,0,81,0,113
1384,03/03/2020T14:40:00 ,156363,57,47,3,7,2,0,81,0,116
1385,03/03/2020T14:50:00 ,156362,58,47,3,7,2,0,81,0,117
1386,03/03/2020T15:00:00 ,156362,58,47,3,7,2,0,81,0,117
1387,03/03/2020T15:10:00 ,156361,59,47,3,7,2,0,81,0,118
1388,03/03/2020T15:20:00 ,156361,59,47,3,7,2,0,81,0,118
1389,03/03/2020T15:30:00 ,156360,60,47,3,7,2,0,81,0,119
1390,03/03/2020T15:40:00 ,156360,60,47,3,7,2,0,81,0,119
1391,03/03/2020T15:50:00 ,156359,61,47,3,7,2,0,81,0,120
1392,03/03/2020T16:00:00 ,156359,61,47,3,7,2,0,81,0,120
1393,03/03/2020T16:10:00 ,156358,62,47,3,7,2,0,81,0,121
1394,03/03/2020T16:20:00 ,156358,62,47,3,7,2,0,81,0,121
1395,03/03/2020T16:30:00 ,156358,62,47,3,7,2,0,81,0,121
1396,03/03/2020T16:40:00 ,156358,62,47,3,7,2,0,81,0,121
1397,03/03/2020T16:50:00 ,156358,62,47,3,7,2,0,81,0,121
1398,03/03/2020T17:00:00 ,156357,63,47,3,7,2,0,81,0,122
1399,03/03/2020T17:10:00 ,156357,63,46,3,7,2,0,82,0,121
1400,03/03/2020T17:20:00 ,156357,61,48,3,7,2,0,82,0,121
1401,03/03/2020T17:30:00 ,156357,61,48,3,7,2,0,82,0,121
1402,03/03/2020T17:40:00 ,156357,61,48,3,7,2,0,82,0,121
1403,03/03/2020T17:50:00 ,156356,62,48,3,7,2,0,82,0,122
1404,03/03/2020T18:00:00 ,156356,62,48,3,7,2,0,82,0,122
1405,03/03/2020T18:10:00 ,156356,62,48,3,7,2,0,82,0,122
1406,03/03/2020T18:20:00 ,156356,62,48,3,7,2,0,82,0,122
1407,03/03/2020T18:30:00 ,156356,62,48,3,7,2,0,82,0,122
1408,03/03/2020T18:40:00 ,156356,62,48,3,7,2,0,82,0,122
1409,03/03/2020T18:50:00 ,156356,62,48,3,7,2,0,82,0,122
1410,03/03/2020T19:00:00 ,156356,62,48,3,7,2,0,82,0,122
1411,03/03/2020T19:10:00 ,156356,62,48,3,7,2,0,82,0,122
1412,03/03/2020T19:20:00 ,156356,62,48,3,7,2,0,82,0,122
1413,03/03/2020T19:30:00 ,156356,62,48,3,7,2,0,82,0,122
1414,03/03/2020T19:40:00 ,156356,62,48,3,7,2,0,82,0,122
1415,03/03/2020T19:50:00 ,156356,62,48,3,7,2,0,82,0,122
1416,03/03/2020T20:00:00 ,156356,62,47,3,7,2,0,83,0,121
1417,03/03/2020T20:10:00 ,156356,62,47,3,7,2,0,83,0,121
1418,03/03/2020T20:20:00 ,156356,61,48,3,7,2,0,83,0,121
1419,03/03/2020T20:30:00 ,156356,61,48,3,7,2,0,83,0,121
1420,03/03/2020T20:40:00 ,156356,61,48,3,7,2,0,83,0,121
1421,03/03/2020T20:50:00 ,156356,61,48,3,7,2,0,83,0,121
1422,03/03/2020T21:00:00 ,156356,61,48,3,7,2,0,83,0,121
1423,03/03/2020T21:10:00 ,156356,61,48,3,7,2,0,83,0,121
1424,03/03/2020T21:20:00 ,156356,61,48,3,7,2,0,83,0,121
1425,03/03/2020T21:30:00 ,156356,61,48,3,7,2,0,83,0,121
1426,03/03/2020T21:40:00 ,156356,61,48,3,7,2,0,83,0,121
1427,03/03/2020T21:50:00 ,156356,61,48,3,7,2,0,83,0,121
1428,03/03/2020T22:00:00 ,156356,61,48,3,7,2,0,83,0,121
1429,03/03/2020T22:10:00 ,156356,60,49,3,7,2,0,83,0,121
1430,03/03/2020T22:20:00 ,156356,60,49,3,7,2,0,83,0,121
1431,03/03/2020T22:30:00 ,156356,60,49,3,7,2,0,83,0,121
1432,03/03/2020T22:40:00 ,156356,60,49,3,7,2,0,83,0,121
1433,03/03/2020T22:50:00 ,156356,60,49,3,7,2,0,83,0,121
1434,03/03/2020T23:00:00 ,156356,60,48,3,7,2,0,84,0,120
1435,03/03/2020T23:10:00 ,156356,59,49,3,7,2,0,84,0,120
1436,03/03/2020T23:20:00 ,156356,59,49,3,7,2,0,84,0,120
1437,03/03/2020T23:30:00 ,156356,59,49,3,7,2,0,84,0,120
1438,03/03/2020T23:40:00 ,156356,59,49,3,7,2,0,84,0,120
1439,03/03/2020T23:50:00 ,156355,60,49,3,7,2,0,84,0,121
1440,03/04/2020T00:00:00 ,156355,60,49,3,7,2,0,84,0,121
1441,03/04/2020T00:10:00 ,156355,60,49,3,7,2,0,84,0,121
1442,03/04/2020T00:20:00 ,156355,60,49,3,7,2,0,84,0,121
1443,03/04/2020T00:30:00 ,156355,60,49,3,7,2,0,84,0,121
1444,03/04/2020T00:40:00 ,156355,60,49,3,7,2,0,84,0,121
1445,03/04/2020T00:50:00 ,156355,60,49,3,7,2,0,84,0,121
1446,03/04/2020T01:00:00 ,156355,60,49,3,7,2,0,84,0,121
1447,03/04/2020T01:10:00 ,156355,60,49,3,7,2,0,84,0,121
1448,03/04/2020T01:20:00 ,156355,60,49,3,7,2,0,84,0,121
1449,03/04/2020T01:30:00 ,156355,60,49,3,7,2,0,84,0,121
1450,03/04/2020T01:40:00 ,156355,60,49,3,7,2,0,84,0,121
1451,03/04/2020T01:50:00 ,156355,60,49,3,7,2,0,84,0,121
1452,03/04/2020T02:00:00 ,156355,60,48,3,7,2,0,85,0,120
1453,03/04/2020T02:10:00 ,156355,60,48,3,7,2,0,85,0,120
1454,03/04/2020T02:20:00 ,156355,60,48,3,7,2,0,85,0,120
1455,03/04/2020T02:30:00 ,156355,60,48,3,7,2,0,85,0,120
1456,03/04/2020T02:40:00 ,156355,60,48,3,7,2,0,85,0,120
1457,03/04/2020T02:50:00 ,156355,59,49,3,7,2,0,85,0,120
1458,03/04/2020T03:00:00 ,156355,59,49,3,7,2,0,85,0,120
1459,03/04/2020T03:10:00 ,156355,59,49,3,7,2,0,85,0,120
1460,03/04/2020T03:20:00 ,156355,58,50,3,7,2,0,85,0,120
1461,03/04/2020T03:30:00 ,156355,58,50,3,7,2,0,85,0,120
1462,03/04/2020T03:40:00 ,156355,58,50,3,7,2,0,85,0,120
1463,03/04/2020T03:50:00 ,156355,58,50,3,7,2,0,85,0,120
1464,03/04/2020T04:00:00 ,156354,59,50,3,7,2,0,85,0,121
1465,03/04/2020T04:10:00 ,156354,59,50,3,7,2,0,85,0,121
1466,03/04/2020T04:20:00 ,156354,59,50,3,7,2,0,85,0,121
1467,03/04/2020T04:30:00 ,156354,59,50,3,7,2,0,85,0,121
1468,03/04/2020T04:40:00 ,156354,59,50,3,7,2,0,85,0,121
1469,03/04/2020T04:50:00 ,156354,59,50,3,7,2,0,85,0,121
1470,03/04/2020T05:00:00 ,156354,59,50,3,7,2,0,85,0,121
1471,03/04/2020T05:10:00 ,156354,59,50,3,6,2,0,86,0,120
1472,03/04/2020T05:20:00 ,156354,59,50,3,6,2,0,86,0,120
1473,03/04/2020T05:30:00 ,156354,59,50,3,6,2,0,86,0,120
1474,03/04/2020T05:40:00 ,156354,59,50,3,6,2,0,86,0,120
1475,03/04/2020T05:50:00 ,156354,59,50,3,6,2,0,86,0,120
1476,03/04/2020T06:00:00 ,156354,59,50,3,6,2,0,86,0,120
1477,03/04/2020T06:10:00 ,156354,59,50,3,6,2,0,86,0,120
1478,03/04/2020T06:20:00 ,156354,59,50,3,5,3,0,86,0,120
1479,03/04/2020T06:30:00 ,156354,59,50,3,5,3,0,86,0,120
1480,03/04/2020T06:40:00 ,156354,59,49,3,5,3,0,87,0,119
1481,03/04/2020T06:50:00 ,156354,58,50,3,5,3,0,87,0,119
1482,03/04/2020T07:00:00 ,156354,58,50,3,5,3,0,87,0,119
1483,03/04/2020T07:10:00 ,156354,58,50,3,5,3,0,87,0,119
1484,03/04/2020T07:20:00 ,156354,58,49,3,5,3,0,88,0,118
1485,03/04/2020T07:30:00 ,156354,58,49,3,5,3,0,88,0,118
1486,03/04/2020T07:40:00 ,156354,58,49,3,5,3,0,88,0,118
1487,03/04/2020T07:50:00 ,156354,58,49,3,5,3,0,88,0,118
1488,03/04/2020T08:00:00 ,156354,58,49,3,5,3,0,88,0,118
1489,03/04/2020T08:10:00 ,156354,58,49,3,5,3,0,88,0,118
1490,03/04/2020T08:20:00 ,156353,59,49,3,5,3,0,88,0,119
1491,03/04/2020T08:30:00 ,156353,59,49,2,6,3,0,88,0,119
1492,03/04/2020T08:40:00 ,156353,58,50,2,6,3,0,88,0,119
1493,03/04/2020T08:50:00 ,156352,59,49,2,6,3,0,89,0,119
1494,03/04/2020T09:00:00 ,156351,60,49,2,6,3,0,89,0,120
1495,03/04/2020T09:10:00 ,156350,61,48,2,5,3,0,91,0,119
1496,03/04/2020T09:20:00 ,156350,61,48,2,5,3,0,91,0,119
1497,03/04/2020T09:30:00 ,156346,65,48,2,5,3,0,91,0,123
1498,03/04/2020T09:40:00 ,156344,67,48,2,5,3,0,91,0,125
1499,03/04/2020T09:50:00 ,156341,70,48,2,5,3,0,91,0,128
1500,03/04/2020T10:00:00 ,156340,70,49,2,5,3,0,91,0,129
1501,03/04/2020T10:10:00 ,156340,70,49,2,5,3,0,91,0,129
1502,03/04/2020T10:20:00 ,156340,70,49,2,5,3,0,91,0,129
1503,03/04/2020T10:30:00 ,156340,70,49,2,5,3,0,91,0,129
1504,03/04/2020T10:40:00 ,156340,70,49,2,5,3,0,91,0,129
1505,03/04/2020T10:50:00 ,156338,71,50,2,5,3,0,91,0,131
1506,03/04/2020T11:00:00 ,156338,71,50,2,5,3,0,91,0,131
1507,03/04/2020T11:10:00 ,156337,72,50,2,5,3,0,91,0,132
1508,03/04/2020T11:20:00 ,156335,74,50,2,5,3,0,91,0,134
1509,03/04/2020T11:30:00 ,156335,74,50,2,5,3,0,91,0,134
1510,03/04/2020T11:40:00 ,156335,74,50,2,5,3,0,91,0,134
1511,03/04/2020T11:50:00 ,156334,75,50,2,5,3,0,91,0,135
1512,03/04/2020T12:00:00 ,156334,75,50,2,5,3,0,91,0,135
1513,03/04/2020T12:10:00 ,156333,76,50,2,5,3,0,91,0,136
1514,03/04/2020T12:20:00 ,156332,77,50,2,5,3,0,91,0,137
1515,03/04/2020T12:30:00 ,156332,77,50,2,5,3,0,91,0,137
1516,03/04/2020T12:40:00 ,156332,76,50,2,5,3,0,92,0,136
1517,03/04/2020T12:50:00 ,156332,76,50,2,5,3,0,92,0,136
1518,03/04/2020T13:00:00 ,156331,77,50,2,5,3,0,92,0,137
1519,03/04/2020T13:10:00 ,156330,78,50,2,5,3,0,92,0,138
1520,03/04/2020T13:20:00 ,156329,79,50,2,5,3,0,92,0,139
1521,03/04/2020T13:30:00 ,156328,80,50,2,5,3,0,92,0,140
1522,03/04/2020T13:40:00 ,156327,81,49,2,5,3,0,93,0,140
1523,03/04/2020T13:50:00 ,156325,83,49,2,5,3,0,93,0,142
1524,03/04/2020T14:00:00 ,156324,84,49,2,5,3,0,93,0,143
1525,03/04/2020T14:10:00 ,156324,84,49,2,5,3,0,93,0,143
1526,03/04/2020T14:20:00 ,156324,84,48,2,5,3,0,94,0,142
1527,03/04/2020T14:30:00 ,156322,86,48,2,5,3,0,94,0,144
1528,03/04/2020T14:40:00 ,156320,88,48,2,5,3,0,94,0,146
1529,03/04/2020T14:50:00 ,156319,89,48,2,5,3,0,94,0,147
1530,03/04/2020T15:00:00 ,156319,89,48,2,5,3,0,94,0,147
1531,03/04/2020T15:10:00 ,156318,90,48,2,5,3,0,94,0,148
1532,03/04/2020T15:20:00 ,156318,90,47,2,5,3,0,95,0,147
1533,03/04/2020T15:30:00 ,156317,91,47,2,5,3,0,95,0,148
1534,03/04/2020T15:40:00 ,156316,92,47,2,5,3,0,95,0,149
1535,03/04/2020T15:50:00 ,156316,92,47,2,5,3,0,95,0,149
1536,03/04/2020T16:00:00 ,156316,92,47,2,5,3,0,95,0,149
1537,03/04/2020T16:10:00 ,156316,92,47,2,5,3,0,95,0,149
1538,03/04/2020T16:20:00 ,156314,93,48,2,5,3,0,95,0,151
1539,03/04/2020T16:30:00 ,156311,96,48,2,5,3,0,95,0,154
1540,03/04/2020T16:40:00 ,156310,97,48,2,5,3,0,95,0,155
1541,03/04/2020T16:50:00 ,156310,97,48,2,5,3,0,95,0,155
1542,03/04/2020T17:00:00 ,156310,97,48,2,5,3,0,95,0,155
1543,03/04/2020T17:10:00 ,156309,98,48,2,5,3,0,95,0,156
1544,03/04/2020T17:20:00 ,156309,97,49,2,5,3,0,95,0,156
1545,03/04/2020T17:30:00 ,156309,97,49,2,5,3,0,95,0,156
1546,03/04/2020T17:40:00 ,156308,98,49,2,5,3,0,95,0,157
1547,03/04/2020T17:50:00 ,156308,98,49,2,5,3,0,95,0,157
1548,03/04/2020T18:00:00 ,156307,99,49,2,5,3,0,95,0,158
1549,03/04/2020T18:10:00 ,156307,99,49,2,5,3,0,95,0,158
1550,03/04/2020T18:20:00 ,156307,99,49,2,5,3,0,95,0,158
1551,03/04/2020T18:30:00 ,156307,99,49,2,5,3,0,95,0,158
1552,03/04/2020T18:40:00 ,156307,99,49,2,5,3,0,95,0,158
1553,03/04/2020T18:50:00 ,156307,99,49,2,5,3,0,95,0,158
1554,03/04/2020T19:00:00 ,156307,99,49,2,5,3,0,95,0,158
1555,03/04/2020T19:10:00 ,156307,99,49,1,6,3,0,95,0,158
1556,03/04/2020T19:20:00 ,156307,98,50,1,6,3,0,95,0,158
1557,03/04/2020T19:30:00 ,156307,98,50,1,6,3,0,95,0,158
1558,03/04/2020T19:40:00 ,156307,98,50,1,6,3,0,95,0,158
1559,03/04/2020T19:50:00 ,156307,98,50,1,6,3,0,95,0,158
1560,03/04/2020T20:00:00 ,156307,98,50,1,6,3,0,95,0,158
1561,03/04/2020T20:10:00 ,156307,98,50,1,6,3,0,95,0,158
1562,03/04/2020T20:20:00 ,156307,98,50,1,6,3,0,95,0,158
1563,03/04/2020T20:30:00 ,156307,97,51,1,6,3,0,95,0,158
1564,03/04/2020T20:40:00 ,156307,97,51,1,6,3,0,95,0,158
1565,03/04/2020T20:50:00 ,156307,97,51,1,6,3,0,95,0,158
1566,03/04/2020T21:00:00 ,156307,97,51,1,6,3,0,95,0,158
1567,03/04/2020T21:10:00 ,156307,97,51,1,6,3,0,95,0,158
1568,03/04/2020T21:20:00 ,156307,97,51,1,6,3,0,95,0,158
1569,03/04/2020T21:30:00 ,156307,97,51,1,6,3,0,95,0,158
1570,03/04/2020T21:40:00 ,156307,97,51,1,6,3,0,95,0,158
1571,03/04/2020T21:50:00 ,156307,97,51,1,6,3,0,95,0,158
1572,03/04/2020T22:00:00 ,156305,99,51,1,6,3,0,95,0,160
1573,03/04/2020T22:10:00 ,156305,99,51,1,6,3,0,95,0,160
1574,03/04/2020T22:20:00 ,156305,99,51,1,6,3,0,95,0,160
1575,03/04/2020T22:30:00 ,156305,99,51,1,6,3,0,95,0,160
1576,03/04/2020T22:40:00 ,156305,99,51,1,6,3,0,95,0,160
1577,03/04/2020T22:50:00 ,156305,99,51,1,6,3,0,95,0,160
1578,03/04/2020T23:00:00 ,156305,98,52,1,6,3,0,95,0,160
1579,03/04/2020T23:10:00 ,156305,98,52,1,6,3,0,95,0,160
1580,03/04/2020T23:20:00 ,156305,98,52,1,6,3,0,95,0,160
1581,03/04/2020T23:30:00 ,156305,98,52,1,6,3,0,95,0,160
1582,03/04/2020T23:40:00 ,156305,98,52,1,6,3,0,95,0,160
1583,03/04/2020T23:50:00 ,156305,98,52,1,6,3,0,95,0,160
1584,03/05/2020T00:00:00 ,156305,98,52,1,6,3,0,95,0,160
1585,03/05/2020T00:10:00 ,156305,98,52,1,6,3,0,95,0,160
1586,03/05/2020T00:20:00 ,156305,98,52,1,6,3,0,95,0,160
1587,03/05/2020T00:30:00 ,156305,98,52,1,6,3,0,95,0,160
1588,03/05/2020T00:40:00 ,156305,98,52,1,6,3,0,95,0,160
1589,03/05/2020T00:50:00 ,156305,98,52,1,6,3,0,95,0,160
1590,03/05/2020T01:00:00 ,156305,98,52,1,6,3,0,95,0,160
1591,03/05/2020T01:10:00 ,156305,98,52,1,6,3,0,95,0,160
1592,03/05/2020T01:20:00 ,156305,98,51,1,6,3,0,96,0,159
1593,03/05/2020T01:30:00 ,156305,98,51,1,6,3,0,96,0,159
1594,03/05/2020T01:40:00 ,156305,98,51,1,6,3,0,96,0,159
1595,03/05/2020T01:50:00 ,156305,97,52,1,6,3,0,96,0,159
1596,03/05/2020T02:00:00 ,156305,97,52,1,6,3,0,96,0,159
1597,03/05/2020T02:10:00 ,156305,97,52,1,6,3,0,96,0,159
1598,03/05/2020T02:20:00 ,156305,95,54,0,7,3,0,96,0,159
1599,03/05/2020T02:30:00 ,156305,95,54,0,7,3,0,96,0,159
1600,03/05/2020T02:40:00 ,156305,95,54,0,7,3,0,96,0,159
1601,03/05/2020T02:50:00 ,156305,95,54,0,7,3,0,96,0,159
1602,03/05/2020T03:00:00 ,156305,94,55,0,7,3,0,96,0,159
1603,03/05/2020T03:10:00 ,156305,94,55,0,7,3,0,96,0,159
1604,03/05/2020T03:20:00 ,156305,94,55,0,7,3,0,96,0,159
1605,03/05/2020T03:30:00 ,156305,94,55,0,7,3,0,96,0,159
1606,03/05/2020T03:40:00 ,156305,92,57,0,7,3,0,96,0,159
1607,03/05/2020T03:50:00 ,156305,92,57,0,7,3,0,96,0,159
1608,03/05/2020T04:00:00 ,156305,92,57,0,7,3,0,96,0,159
1609,03/05/2020T04:10:00 ,156305,92,57,0,7,3,0,96,0,159
1610,03/05/2020T04:20:00 ,156305,92,57,0,7,3,0,96,0,159
1611,03/05/2020T04:30:00 ,156305,92,57,0,7,3,0,96,0,159
1612,03/05/2020T04:40:00 ,156305,92,57,0,7,3,0,96,0,159
1613,03/05/2020T04:50:00 ,156305,92,57,0,7,3,0,96,0,159
1614,03/05/2020T05:00:00 ,156305,92,56,0,7,3,0,97,0,158
1615,03/05/2020T05:10:00 ,156305,92,56,0,7,3,0,97,0,158
1616,03/05/2020T05:20:00 ,156305,92,56,0,7,3,0,97,0,158
1617,03/05/2020T05:30:00 ,156305,92,56,0,7,3,0,97,0,158
1618,03/05/2020T05:40:00 ,156305,92,56,0,7,3,0,97,0,158
1619,03/05/2020T05:50:00 ,156305,91,57,0,7,3,0,97,0,158
1620,03/05/2020T06:00:00 ,156305,91,57,0,7,3,0,97,0,158
1621,03/05/2020T06:10:00 ,156305,91,57,0,7,3,0,97,0,158
1622,03/05/2020T06:20:00 ,156305,91,57,0,7,3,0,97,0,158
1623,03/05/2020T06:30:00 ,156305,91,57,0,7,3,0,97,0,158
1624,03/05/2020T06:40:00 ,156305,91,57,0,7,3,0,97,0,158
1625,03/05/2020T06:50:00 ,156304,92,57,0,7,3,0,97,0,159
1626,03/05/2020T07:00:00 ,156304,92,57,0,7,3,0,97,0,159
1627,03/05/2020T07:10:00 ,156304,92,57,0,7,3,0,97,0,159
1628,03/05/2020T07:20:00 ,156304,92,57,0,7,3,0,97,0,159
1629,03/05/2020T07:30:00 ,156304,92,57,0,7,3,0,97,0,159
1630,03/05/2020T07:40:00 ,156304,92,57,0,7,3,0,97,0,159
1631,03/05/2020T07:50:00 ,156304,92,57,0,7,3,0,97,0,159
1632,03/05/2020T08:00:00 ,156304,92,57,0,7,3,0,97,0,159
1633,03/05/2020T08:10:00 ,156304,92,57,0,7,3,0,97,0,159
1634,03/05/2020T08:20:00 ,156304,92,56,0,7,3,0,98,0,158
1635,03/05/2020T08:30:00 ,156304,92,56,0,7,3,0,98,0,158
1636,03/05/2020T08:40:00 ,156304,92,56,0,7,3,0,98,0,158
1637,03/05/2020T08:50:00 ,156304,92,56,0,7,3,0,98,0,158
1638,03/05/2020T09:00:00 ,156304,91,57,0,7,3,0,98,0,158
1639,03/05/2020T09:10:00 ,156303,92,57,0,7,3,0,98,0,159
1640,03/05/2020T09:20:00 ,156302,93,57,0,7,3,0,98,0,160
1641,03/05/2020T09:30:00 ,156302,93,57,0,7,3,0,98,0,160
1642,03/05/2020T09:40:00 ,156300,95,57,0,7,3,0,98,0,162
1643,03/05/2020T09:50:00 ,156299,96,57,0,7,3,0,98,0,163
1644,03/05/2020T10:00:00 ,156298,97,57,0,7,3,0,98,0,164
1645,03/05/2020T10:10:00 ,156297,98,57,0,7,3,0,98,0,165
1646,03/05/2020T10:20:00 ,156296,99,57,0,7,3,0,98,0,166
1647,03/05/2020T10:30:00 ,156294,101,57,0,7,3,0,98,0,168
1648,03/05/2020T10:40:00 ,156293,102,57,0,7,3,0,98,0,169
1649,03/05/2020T10:50:00 ,156293,102,57,0,7,3,0,98,0,169
1650,03/05/2020T11:00:00 ,156293,102,57,0,7,3,0,98,0,169
1651,03/05/2020T11:10:00 ,156291,104,57,0,7,3,0,98,0,171
1652,03/05/2020T11:20:00 ,156290,105,57,0,7,3,0,98,0,172
1653,03/05/2020T11:30:00 ,156290,105,57,0,7,3,0,98,0,172
1654,03/05/2020T11:40:00 ,156290,105,57,0,7,3,0,98,0,172
1655,03/05/2020T11:50:00 ,156290,105,57,0,7,3,0,98,0,172
1656,03/05/2020T12:00:00 ,156289,106,57,0,7,3,0,98,0,173
1657,03/05/2020T12:10:00 ,156289,105,58,0,7,3,0,98,0,173
1658,03/05/2020T12:20:00 ,156287,107,58,0,7,3,0,98,0,175
1659,03/05/2020T12:30:00 ,156287,106,58,0,7,3,0,99,0,174
1660,03/05/2020T12:40:00 ,156286,107,58,0,7,3,0,99,0,175
1661,03/05/2020T12:50:00 ,156285,108,58,0,7,3,0,99,0,176
1662,03/05/2020T13:00:00 ,156284,109,57,0,7,3,0,100,0,176
1663,03/05/2020T13:10:00 ,156282,111,57,0,7,3,0,100,0,178
1664,03/05/2020T13:20:00 ,156282,111,57,0,7,3,0,100,0,178
1665,03/05/2020T13:30:00 ,156282,111,57,0,7,3,0,100,0,178
1666,03/05/2020T13:40:00 ,156282,111,57,0,7,3,0,100,0,178
1667,03/05/2020T13:50:00 ,156282,111,57,0,7,3,0,100,0,178
1668,03/05/2020T14:00:00 ,156281,111,58,0,7,3,0,100,0,179
1669,03/05/2020T14:10:00 ,156280,111,59,0,7,3,0,100,0,180
1670,03/05/2020T14:20:00 ,156277,113,60,0,7,3,0,100,0,183
1671,03/05/2020T14:30:00 ,156277,113,60,0,7,3,0,100,0,183
1672,03/05/2020T14:40:00 ,156275,115,59,0,7,3,0,101,0,184
1673,03/05/2020T14:50:00 ,156275,115,58,0,7,3,0,102,0,183
1674,03/05/2020T15:00:00 ,156275,114,58,1,7,3,0,102,0,183
1675,03/05/2020T15:10:00 ,156275,114,58,1,7,3,0,102,0,183
1676,03/05/2020T15:20:00 ,156273,116,57,1,7,3,0,103,0,184
1677,03/05/2020T15:30:00 ,156270,119,56,1,7,3,0,104,0,186
1678,03/05/2020T15:40:00 ,156267,122,56,1,7,3,0,104,0,189
1679,03/05/2020T15:50:00 ,156266,123,56,1,7,3,0,104,0,190
1680,03/05/2020T16:00:00 ,156266,122,57,1,7,3,0,104,0,190
1681,03/05/2020T16:10:00 ,156265,123,57,1,7,3,0,104,0,191
1682,03/05/2020T16:20:00 ,156264,124,56,1,7,3,0,105,0,191
1683,03/05/2020T16:30:00 ,156263,125,56,1,7,3,0,105,0,192
1684,03/05/2020T16:40:00 ,156263,125,56,1,7,3,0,105,0,192
1685,03/05/2020T16:50:00 ,156262,126,56,1,7,3,0,105,0,193
1686,03/05/2020T17:00:00 ,156262,125,57,1,7,3,0,105,0,193
1687,03/05/2020T17:10:00 ,156262,125,57,1,7,3,0,105,0,193
1688,03/05/2020T17:20:00 ,156262,125,57,1,7,3,0,105,0,193
1689,03/05/2020T17:30:00 ,156262,125,57,1,7,3,0,105,0,193
1690,03/05/2020T17:40:00 ,156262,124,57,1,7,3,0,106,0,192
1691,03/05/2020T17:50:00 ,156261,124,57,2,7,3,0,106,0,193
1692,03/05/2020T18:00:00 ,156261,124,57,2,7,3,0,106,0,193
1693,03/05/2020T18:10:00 ,156261,124,57,2,7,3,0,106,0,193
1694,03/05/2020T18:20:00 ,156261,124,57,2,7,3,0,106,0,193
1695,03/05/2020T18:30:00 ,156260,125,56,2,7,3,0,107,0,193
1696,03/05/2020T18:40:00 ,156260,125,56,2,7,3,0,107,0,193
1697,03/05/2020T18:50:00 ,156260,125,56,2,7,3,0,107,0,193
1698,03/05/2020T19:00:00 ,156260,125,56,2,7,3,0,107,0,193
1699,03/05/2020T19:10:00 ,156260,125,56,2,7,3,0,107,0,193
1700,03/05/2020T19:20:00 ,156260,125,56,2,7,3,0,107,0,193
1701,03/05/2020T19:30:00 ,156260,125,56,2,7,3,0,107,0,193
1702,03/05/2020T19:40:00 ,156260,125,56,2,7,3,0,107,0,193
1703,03/05/2020T19:50:00 ,156260,125,56,2,7,3,0,107,0,193
1704,03/05/2020T20:00:00 ,156260,125,56,2,7,3,0,107,0,193
1705,03/05/2020T20:10:00 ,156260,125,56,2,7,3,0,107,0,193
1706,03/05/2020T20:20:00 ,156260,125,56,2,7,3,0,107,0,193
1707,03/05/2020T20:30:00 ,156260,125,56,2,7,3,0,107,0,193
1708,03/05/2020T20:40:00 ,156260,125,56,2,7,3,0,107,0,193
1709,03/05/2020T20:50:00 ,156260,125,56,2,7,3,0,107,0,193
1710,03/05/2020T21:00:00 ,156260,125,56,2,7,3,0,107,0,193
1711,03/05/2020T21:10:00 ,156260,125,56,2,7,3,0,107,0,193
1712,03/05/2020T21:20:00 ,156260,123,57,3,7,3,0,107,0,193
1713,03/05/2020T21:30:00 ,156260,123,57,3,7,3,0,107,0,193
1714,03/05/2020T21:40:00 ,156260,122,58,3,7,3,0,107,0,193
1715,03/05/2020T21:50:00 ,156260,121,58,4,7,3,0,107,0,193
1716,03/05/2020T22:00:00 ,156260,121,58,4,7,3,0,107,0,193
1717,03/05/2020T22:10:00 ,156260,120,59,4,7,3,0,107,0,193
1718,03/05/2020T22:20:00 ,156260,120,59,4,7,3,0,107,0,193
1719,03/05/2020T22:30:00 ,156260,119,59,5,7,3,0,107,0,193
1720,03/05/2020T22:40:00 ,156260,119,59,5,7,3,0,107,0,193
1721,03/05/2020T22:50:00 ,156260,119,59,5,7,3,0,107,0,193
1722,03/05/2020T23:00:00 ,156260,118,59,6,7,3,0,107,0,193
1723,03/05/2020T23:10:00 ,156260,118,59,6,7,3,0,107,0,193
1724,03/05/2020T23:20:00 ,156260,118,59,6,7,3,0,107,0,193
1725,03/05/2020T23:30:00 ,156260,118,59,6,7,3,0,107,0,193
1726,03/05/2020T23:40:00 ,156260,118,59,6,7,3,0,107,0,193
1727,03/05/2020T23:50:00 ,156260,118,59,6,7,3,0,107,0,193
1728,03/06/2020T00:00:00 ,156260,118,59,6,7,3,0,107,0,193
1729,03/06/2020T00:10:00 ,156260,118,59,6,7,3,0,107,0,193
1730,03/06/2020T00:20:00 ,156260,118,59,6,7,3,0,107,0,193
1731,03/06/2020T00:30:00 ,156260,118,59,6,7,3,0,107,0,193
1732,03/06/2020T00:40:00 ,156260,118,59,6,7,3,0,107,0,193
1733,03/06/2020T00:50:00 ,156260,118,59,6,7,3,0,107,0,193
1734,03/06/2020T01:00:00 ,156260,117,60,6,7,3,0,107,0,193
1735,03/06/2020T01:10:00 ,156260,117,60,6,7,3,0,107,0,193
1736,03/06/2020T01:20:00 ,156259,118,60,6,7,3,0,107,0,194
1737,03/06/2020T01:30:00 ,156259,118,60,6,7,3,0,107,0,194
1738,03/06/2020T01:40:00 ,156259,118,60,6,7,3,0,107,0,194
1739,03/06/2020T01:50:00 ,156259,117,61,6,7,3,0,107,0,194
1740,03/06/2020T02:00:00 ,156259,116,62,6,7,3,0,107,0,194
1741,03/06/2020T02:10:00 ,156259,116,62,6,7,3,0,107,0,194
1742,03/06/2020T02:20:00 ,156259,116,62,6,7,3,0,107,0,194
1743,03/06/2020T02:30:00 ,156259,116,62,6,7,3,0,107,0,194
1744,03/06/2020T02:40:00 ,156259,116,62,6,7,3,0,107,0,194
1745,03/06/2020T02:50:00 ,156259,116,62,6,7,3,0,107,0,194
1746,03/06/2020T03:00:00 ,156259,116,62,6,7,3,0,107,0,194
1747,03/06/2020T03:10:00 ,156259,116,62,6,7,3,0,107,0,194
1748,03/06/2020T03:20:00 ,156259,116,62,6,7,3,0,107,0,194
1749,03/06/2020T03:30:00 ,156259,116,62,6,7,3,0,107,0,194
1750,03/06/2020T03:40:00 ,156259,116,62,6,7,3,0,107,0,194
1751,03/06/2020T03:50:00 ,156259,116,62,6,7,3,0,107,0,194
1752,03/06/2020T04:00:00 ,156259,115,63,6,7,3,0,107,0,194
1753,03/06/2020T04:10:00 ,156258,116,63,6,7,3,0,107,0,195
1754,03/06/2020T04:20:00 ,156258,116,63,6,7,3,0,107,0,195
1755,03/06/2020T04:30:00 ,156258,115,63,7,7,3,0,107,0,195
1756,03/06/2020T04:40:00 ,156258,115,63,7,7,3,0,107,0,195
1757,03/06/2020T04:50:00 ,156258,115,63,7,7,3,0,107,0,195
1758,03/06/2020T05:00:00 ,156258,115,62,7,7,3,0,108,0,194
1759,03/06/2020T05:10:00 ,156258,115,62,7,7,3,0,108,0,194
1760,03/06/2020T05:20:00 ,156258,113,63,8,7,3,0,108,0,194
1761,03/06/2020T05:30:00 ,156258,113,62,8,7,3,0,109,0,193
1762,03/06/2020T05:40:00 ,156258,113,62,8,7,3,0,109,0,193
1763,03/06/2020T05:50:00 ,156258,113,62,8,7,3,0,109,0,193
1764,03/06/2020T06:00:00 ,156258,112,61,9,7,3,0,110,0,192
1765,03/06/2020T06:10:00 ,156258,112,61,9,7,3,0,110,0,192
1766,03/06/2020T06:20:00 ,156258,112,61,9,7,3,0,110,0,192
1767,03/06/2020T06:30:00 ,156258,112,61,9,7,3,0,110,0,192
1768,03/06/2020T06:40:00 ,156258,112,61,9,7,3,0,110,0,192
1769,03/06/2020T06:50:00 ,156258,112,61,9,7,3,0,110,0,192
1770,03/06/2020T07:00:00 ,156258,112,61,9,7,3,0,110,0,192
1771,03/06/2020T07:10:00 ,156258,112,61,9,7,3,0,110,0,192
1772,03/06/2020T07:20:00 ,156258,112,61,9,7,3,0,110,0,192
1773,03/06/2020T07:30:00 ,156258,112,61,9,7,3,0,110,0,192
1774,03/06/2020T07:40:00 ,156257,112,62,9,7,3,0,110,0,193
1775,03/06/2020T07:50:00 ,156257,112,62,9,7,3,0,110,0,193
1776,03/06/2020T08:00:00 ,156257,112,62,9,7,3,0,110,0,193
1777,03/06/2020T08:10:00 ,156256,113,62,9,7,3,0,110,0,194
1778,03/06/2020T08:20:00 ,156255,114,62,9,7,3,0,110,0,195
1779,03/06/2020T08:30:00 ,156255,114,62,9,7,3,0,110,0,195
1780,03/06/2020T08:40:00 ,156254,115,62,9,7,3,0,110,0,196
1781,03/06/2020T08:50:00 ,156253,116,62,9,7,3,0,110,0,197
1782,03/06/2020T09:00:00 ,156252,117,62,9,7,3,0,110,0,198
1783,03/06/2020T09:10:00 ,156252,117,62,9,7,3,0,110,0,198
1784,03/06/2020T09:20:00 ,156251,117,62,10,7,3,0,110,0,199
1785,03/06/2020T09:30:00 ,156250,118,62,10,7,3,0,110,0,200
1786,03/06/2020T09:40:00 ,156250,117,63,10,7,3,0,110,0,200
1787,03/06/2020T09:50:00 ,156249,118,63,10,7,3,0,110,0,201
1788,03/06/2020T10:00:00 ,156249,117,64,10,7,3,0,110,0,201
1789,03/06/2020T10:10:00 ,156248,118,64,10,7,3,0,110,0,202
1790,03/06/2020T10:20:00 ,156244,122,64,10,6,3,0,111,0,205
1791,03/06/2020T10:30:00 ,156243,123,64,10,6,3,0,111,0,206
1792,03/06/2020T10:40:00 ,156240,126,64,10,6,3,0,111,0,209
1793,03/06/2020T10:50:00 ,156240,125,65,10,6,3,0,111,0,209
1794,03/06/2020T11:00:00 ,156235,130,65,10,6,3,0,111,0,214
1795,03/06/2020T11:10:00 ,156235,130,65,10,6,3,0,111,0,214
1796,03/06/2020T11:20:00 ,156234,131,65,10,6,3,0,111,0,215
1797,03/06/2020T11:30:00 ,156234,130,65,11,6,3,0,111,0,215
1798,03/06/2020T11:40:00 ,156233,131,65,11,6,3,0,111,0,216
1799,03/06/2020T11:50:00 ,156233,131,65,11,6,3,0,111,0,216
1800,03/06/2020T12:00:00 ,156232,132,65,11,6,3,0,111,0,217
1801,03/06/2020T12:10:00 ,156232,132,65,11,6,3,0,111,0,217
1802,03/06/2020T12:20:00 ,156230,133,66,11,6,3,0,111,0,219
1803,03/06/2020T12:30:00 ,156229,134,66,11,6,3,0,111,0,220
1804,03/06/2020T12:40:00 ,156229,134,66,11,6,3,0,111,0,220
1805,03/06/2020T12:50:00 ,156228,135,66,11,6,3,0,111,0,221
1806,03/06/2020T13:00:00 ,156228,135,66,11,6,3,0,111,0,221
1807,03/06/2020T13:10:00 ,156226,137,66,11,6,3,0,111,0,223
1808,03/06/2020T13:20:00 ,156226,137,66,11,6,3,0,111,0,223
1809,03/06/2020T13:30:00 ,156225,137,66,12,6,3,0,111,0,224
1810,03/06/2020T13:40:00 ,156224,138,65,12,6,3,0,112,0,224
1811,03/06/2020T13:50:00 ,156224,138,65,12,6,3,0,112,0,224
1812,03/06/2020T14:00:00 ,156224,137,66,12,6,3,0,112,0,224
1813,03/06/2020T14:10:00 ,156222,139,66,12,6,3,0,112,0,226
1814,03/06/2020T14:20:00 ,156220,141,65,12,6,3,0,113,0,227
1815,03/06/2020T14:30:00 ,156218,143,65,12,6,3,0,113,0,229
1816,03/06/2020T14:40:00 ,156217,144,65,12,6,3,0,113,0,230
1817,03/06/2020T14:50:00 ,156216,145,65,12,6,3,0,113,0,231
1818,03/06/2020T15:00:00 ,156215,146,65,12,6,3,0,113,0,232
1819,03/06/2020T15:10:00 ,156211,150,65,12,6,3,0,113,0,236
1820,03/06/2020T15:20:00 ,156211,149,66,12,6,3,0,113,0,236
1821,03/06/2020T15:30:00 ,156208,152,66,12,6,3,0,113,0,239
1822,03/06/2020T15:40:00 ,156207,153,66,12,6,3,0,113,0,240
1823,03/06/2020T15:50:00 ,156205,155,66,12,6,3,0,113,0,242
1824,03/06/2020T16:00:00 ,156205,154,67,12,6,3,0,113,0,242
1825,03/06/2020T16:10:00 ,156204,155,67,12,6,3,0,113,0,243
1826,03/06/2020T16:20:00 ,156204,155,67,12,6,3,0,113,0,243
1827,03/06/2020T16:30:00 ,156203,156,66,12,6,3,0,114,0,243
1828,03/06/2020T16:40:00 ,156202,157,66,12,6,3,0,114,0,244
1829,03/06/2020T16:50:00 ,156202,157,66,12,6,3,0,114,0,244
1830,03/06/2020T17:00:00 ,156202,157,66,12,6,3,0,114,0,244
1831,03/06/2020T17:10:00 ,156201,158,66,12,6,3,0,114,0,245
1832,03/06/2020T17:20:00 ,156200,159,66,12,6,3,0,114,0,246
1833,03/06/2020T17:30:00 ,156200,159,66,12,6,3,0,114,0,246
1834,03/06/2020T17:40:00 ,156200,158,67,12,6,3,0,114,0,246
1835,03/06/2020T17:50:00 ,156200,157,68,12,6,3,0,114,0,246
1836,03/06/2020T18:00:00 ,156200,156,69,12,6,3,0,114,0,246
1837,03/06/2020T18:10:00 ,156200,156,69,12,6,3,0,114,0,246
1838,03/06/2020T18:20:00 ,156200,156,69,12,6,3,0,114,0,246
1839,03/06/2020T18:30:00 ,156200,156,69,12,6,3,0,114,0,246
1840,03/06/2020T18:40:00 ,156200,156,69,12,6,3,0,114,0,246
1841,03/06/2020T18:50:00 ,156200,156,69,12,6,3,0,114,0,246
1842,03/06/2020T19:00:00 ,156200,156,69,12,6,3,0,114,0,246
1843,03/06/2020T19:10:00 ,156199,157,69,12,6,3,0,114,0,247
1844,03/06/2020T19:20:00 ,156199,157,69,12,6,3,0,114,0,247
1845,03/06/2020T19:30:00 ,156199,156,70,12,6,3,0,114,0,247
1846,03/06/2020T19:40:00 ,156199,156,70,12,6,3,0,114,0,247
1847,03/06/2020T19:50:00 ,156198,157,70,12,6,3,0,114,0,248
1848,03/06/2020T20:00:00 ,156198,157,70,12,6,3,0,114,0,248
1849,03/06/2020T20:10:00 ,156198,157,70,12,6,3,0,114,0,248
1850,03/06/2020T20:20:00 ,156198,157,70,12,6,3,0,114,0,248
1851,03/06/2020T20:30:00 ,156198,157,69,12,6,3,0,115,0,247
1852,03/06/2020T20:40:00 ,156196,159,69,12,6,3,0,115,0,249
1853,03/06/2020T20:50:00 ,156196,158,70,12,6,3,0,115,0,249
1854,03/06/2020T21:00:00 ,156196,158,70,12,6,3,0,115,0,249
1855,03/06/2020T21:10:00 ,156196,158,70,12,6,3,0,115,0,249
1856,03/06/2020T21:20:00 ,156196,158,70,12,6,3,0,115,0,249
1857,03/06/2020T21:30:00 ,156196,158,70,12,6,3,0,115,0,249
1858,03/06/2020T21:40:00 ,156196,157,71,12,6,3,0,115,0,249
1859,03/06/2020T21:50:00 ,156196,156,72,12,6,3,0,115,0,249
1860,03/06/2020T22:00:00 ,156196,156,72,12,6,3,0,115,0,249
1861,03/06/2020T22:10:00 ,156196,156,72,12,6,3,0,115,0,249
1862,03/06/2020T22:20:00 ,156196,156,72,12,6,3,0,115,0,249
1863,03/06/2020T22:30:00 ,156196,156,72,12,6,3,0,115,0,249
1864,03/06/2020T22:40:00 ,156196,155,72,13,6,3,0,115,0,249
1865,03/06/2020T22:50:00 ,156196,155,71,13,5,3,0,117,0,247
1866,03/06/2020T23:00:00 ,156196,155,71,13,5,3,0,117,0,247
1867,03/06/2020T23:10:00 ,156196,155,71,13,5,3,0,117,0,247
1868,03/06/2020T23:20:00 ,156196,155,71,13,5,3,0,117,0,247
1869,03/06/2020T23:30:00 ,156196,155,69,13,5,3,0,119,0,245
1870,03/06/2020T23:40:00 ,156196,155,69,13,5,3,0,119,0,245
1871,03/06/2020T23:50:00 ,156196,155,69,13,5,3,0,119,0,245
1872,03/07/2020T00:00:00 ,156196,153,70,13,5,3,0,120,0,244
1873,03/07/2020T00:10:00 ,156196,153,70,13,5,3,0,120,0,244
1874,03/07/2020T00:20:00 ,156196,152,71,13,5,3,0,120,0,244
1875,03/07/2020T00:30:00 ,156196,152,70,13,5,3,0,121,0,243
1876,03/07/2020T00:40:00 ,156196,152,70,12,6,3,0,121,0,243
1877,03/07/2020T00:50:00 ,156196,152,70,12,6,3,0,121,0,243
1878,03/07/2020T01:00:00 ,156196,152,70,12,6,3,0,121,0,243
1879,03/07/2020T01:10:00 ,156195,153,70,12,6,3,0,121,0,244
1880,03/07/2020T01:20:00 ,156195,153,70,11,7,3,0,121,0,244
1881,03/07/2020T01:30:00 ,156195,153,70,11,7,3,0,121,0,244
1882,03/07/2020T01:40:00 ,156195,152,71,11,7,3,0,121,0,244
1883,03/07/2020T01:50:00 ,156195,152,71,11,7,3,0,121,0,244
1884,03/07/2020T02:00:00 ,156195,152,71,11,7,3,0,121,0,244
1885,03/07/2020T02:10:00 ,156195,152,71,11,7,3,0,121,0,244
1886,03/07/2020T02:20:00 ,156195,152,71,11,7,3,0,121,0,244
1887,03/07/2020T02:30:00 ,156195,152,71,11,7,3,0,121,0,244
1888,03/07/2020T02:40:00 ,156195,152,71,11,7,3,0,121,0,244
1889,03/07/2020T02:50:00 ,156195,152,71,11,7,3,0,121,0,244
1890,03/07/2020T03:00:00 ,156195,152,70,11,7,3,0,122,0,243
1891,03/07/2020T03:10:00 ,156195,152,70,11,7,3,0,122,0,243
1892,03/07/2020T03:20:00 ,156195,152,70,11,7,3,0,122,0,243
1893,03/07/2020T03:30:00 ,156195,152,70,11,7,3,0,122,0,243
1894,03/07/2020T03:40:00 ,156195,152,70,11,7,3,0,122,0,243
1895,03/07/2020T03:50:00 ,156195,152,70,11,7,3,0,122,0,243
1896,03/07/2020T04:00:00 ,156195,152,70,11,7,3,0,122,0,243
1897,03/07/2020T04:10:00 ,156195,152,70,11,7,3,0,122,0,243
1898,03/07/2020T04:20:00 ,156195,152,70,11,7,3,0,122,0,243
1899,03/07/2020T04:30:00 ,156195,151,71,11,7,3,0,122,0,243
1900,03/07/2020T04:40:00 ,156195,150,71,12,7,3,0,122,0,243
1901,03/07/2020T04:50:00 ,156195,150,71,12,7,3,0,122,0,243
1902,03/07/2020T05:00:00 ,156195,150,71,12,7,3,0,122,0,243
1903,03/07/2020T05:10:00 ,156194,150,72,12,7,3,0,122,0,244
1904,03/07/2020T05:20:00 ,156194,150,71,12,7,3,0,123,0,243
1905,03/07/2020T05:30:00 ,156194,150,71,12,7,3,0,123,0,243
1906,03/07/2020T05:40:00 ,156194,150,71,12,7,3,0,123,0,243
1907,03/07/2020T05:50:00 ,156194,150,71,12,7,3,0,123,0,243
1908,03/07/2020T06:00:00 ,156194,149,72,12,7,3,0,123,0,243
1909,03/07/2020T06:10:00 ,156194,148,71,13,7,3,0,124,0,242
1910,03/07/2020T06:20:00 ,156194,147,72,13,7,3,0,124,0,242
1911,03/07/2020T06:30:00 ,156194,147,72,13,7,3,0,124,0,242
1912,03/07/2020T06:40:00 ,156194,147,72,13,7,2,1,124,0,242
1913,03/07/2020T06:50:00 ,156194,146,71,13,7,2,1,126,0,240
1914,03/07/2020T07:00:00 ,156194,146,71,13,7,2,1,126,0,240
1915,03/07/2020T07:10:00 ,156194,146,70,13,7,2,1,127,0,239
1916,03/07/2020T07:20:00 ,156194,145,71,13,7,2,1,127,0,239
1917,03/07/2020T07:30:00 ,156194,143,72,14,7,2,1,127,0,239
1918,03/07/2020T07:40:00 ,156194,143,72,14,7,2,1,127,0,239
1919,03/07/2020T07:50:00 ,156194,143,72,14,7,2,1,127,0,239
1920,03/07/2020T08:00:00 ,156194,140,74,15,7,2,1,127,0,239
1921,03/07/2020T08:10:00 ,156194,140,73,15,7,2,1,128,0,238
1922,03/07/2020T08:20:00 ,156194,140,73,14,8,2,1,128,0,238
1923,03/07/2020T08:30:00 ,156194,140,73,14,8,2,1,128,0,238
1924,03/07/2020T08:40:00 ,156193,140,74,14,8,2,1,128,0,239
1925,03/07/2020T08:50:00 ,156191,141,74,14,8,2,1,129,0,240
1926,03/07/2020T09:00:00 ,156190,142,74,14,8,2,1,129,0,241
1927,03/07/2020T09:10:00 ,156189,143,73,14,8,2,1,130,0,241
1928,03/07/2020T09:20:00 ,156189,141,75,14,8,2,1,130,0,241
1929,03/07/2020T09:30:00 ,156188,142,75,14,8,2,1,130,0,242
1930,03/07/2020T09:40:00 ,156185,144,76,14,8,2,1,130,0,245
1931,03/07/2020T09:50:00 ,156183,146,76,14,8,2,1,130,0,247
1932,03/07/2020T10:00:00 ,156183,146,76,14,8,2,1,130,0,247
1933,03/07/2020T10:10:00 ,156183,146,76,14,8,2,1,130,0,247
1934,03/07/2020T10:20:00 ,156183,146,76,14,8,2,1,130,0,247
1935,03/07/2020T10:30:00 ,156182,147,76,14,8,2,1,130,0,248
1936,03/07/2020T10:40:00 ,156181,146,77,15,8,2,1,130,0,249
1937,03/07/2020T10:50:00 ,156179,148,77,15,8,2,1,130,0,251
1938,03/07/2020T11:00:00 ,156175,151,78,15,8,2,1,130,0,255
1939,03/07/2020T11:10:00 ,156173,153,78,15,8,2,1,130,0,257
1940,03/07/2020T11:20:00 ,156168,158,78,15,8,2,1,130,0,262
1941,03/07/2020T11:30:00 ,156165,160,79,15,8,2,1,130,0,265
1942,03/07/2020T11:40:00 ,156165,160,79,15,8,2,1,130,0,265
1943,03/07/2020T11:50:00 ,156161,163,80,15,8,2,1,130,0,269
1944,03/07/2020T12:00:00 ,156158,165,80,16,8,2,1,130,0,272
1945,03/07/2020T12:10:00 ,156158,165,80,16,8,2,1,130,0,272
1946,03/07/2020T12:20:00 ,156156,166,81,16,8,2,1,130,0,274
1947,03/07/2020T12:30:00 ,156156,165,82,16,8,2,1,130,0,274
1948,03/07/2020T12:40:00 ,156156,164,82,17,8,2,1,130,0,274
1949,03/07/2020T12:50:00 ,156153,167,82,17,8,2,1,130,0,277
1950,03/07/2020T13:00:00 ,156151,169,82,17,8,2,1,130,0,279
1951,03/07/2020T13:10:00 ,156150,170,82,17,8,2,1,130,0,280
1952,03/07/2020T13:20:00 ,156149,170,83,17,8,2,1,130,0,281
1953,03/07/2020T13:30:00 ,156148,170,84,17,8,2,1,130,0,282
1954,03/07/2020T13:40:00 ,156146,172,84,17,8,2,1,130,0,284
1955,03/07/2020T13:50:00 ,156144,174,84,17,8,2,1,130,0,286
1956,03/07/2020T14:00:00 ,156142,176,84,17,8,2,1,130,0,288
1957,03/07/2020T14:10:00 ,156140,178,84,17,8,2,1,130,0,290
1958,03/07/2020T14:20:00 ,156139,179,84,17,8,2,1,130,0,291
1959,03/07/2020T14:30:00 ,156138,179,85,17,8,2,1,130,0,292
1960,03/07/2020T14:40:00 ,156137,180,85,17,8,2,1,130,0,293
1961,03/07/2020T14:50:00 ,156137,180,85,17,8,2,1,130,0,293
1962,03/07/2020T15:00:00 ,156136,181,85,17,8,2,1,130,0,294
1963,03/07/2020T15:10:00 ,156134,182,86,17,8,2,1,130,0,296
1964,03/07/2020T15:20:00 ,156133,183,86,17,8,2,1,130,0,297
1965,03/07/2020T15:30:00 ,156133,183,86,17,8,2,1,130,0,297
1966,03/07/2020T15:40:00 ,156133,183,86,17,8,2,1,130,0,297
1967,03/07/2020T15:50:00 ,156132,184,86,17,8,2,1,130,0,298
1968,03/07/2020T16:00:00 ,156130,184,88,17,8,2,1,130,0,300
1969,03/07/2020T16:10:00 ,156130,183,88,16,9,2,1,131,0,299
1970,03/07/2020T16:20:00 ,156129,184,88,16,9,2,1,131,0,300
1971,03/07/2020T16:30:00 ,156129,183,88,16,9,2,1,132,0,299
1972,03/07/2020T16:40:00 ,156129,183,88,16,9,2,1,132,0,299
1973,03/07/2020T16:50:00 ,156127,185,88,15,10,2,1,132,0,301
1974,03/07/2020T17:00:00 ,156125,187,88,15,10,2,1,132,0,303
1975,03/07/2020T17:10:00 ,156125,187,88,15,10,2,1,132,0,303
1976,03/07/2020T17:20:00 ,156125,186,89,15,10,2,1,132,0,303
1977,03/07/2020T17:30:00 ,156125,185,90,15,10,2,1,132,0,303
1978,03/07/2020T17:40:00 ,156125,185,90,15,10,2,1,132,0,303
1979,03/07/2020T17:50:00 ,156125,185,90,15,10,2,1,132,0,303
1980,03/07/2020T18:00:00 ,156125,185,90,15,10,2,1,132,0,303
1981,03/07/2020T18:10:00 ,156125,185,90,15,10,2,1,132,0,303
1982,03/07/2020T18:20:00 ,156124,186,90,15,10,2,1,132,0,304
1983,03/07/2020T18:30:00 ,156124,186,90,15,10,2,1,132,0,304
1984,03/07/2020T18:40:00 ,156123,187,89,15,10,2,1,133,0,304
1985,03/07/2020T18:50:00 ,156123,187,89,15,10,2,1,133,0,304
1986,03/07/2020T19:00:00 ,156123,187,89,15,10,2,1,133,0,304
1987,03/07/2020T19:10:00 ,156123,187,89,15,10,2,1,133,0,304
1988,03/07/2020T19:20:00 ,156123,187,89,15,10,2,1,133,0,304
1989,03/07/2020T19:30:00 ,156123,186,89,16,10,2,1,133,0,304
1990,03/07/2020T19:40:00 ,156123,186,89,16,10,2,1,133,0,304
1991,03/07/2020T19:50:00 ,156123,185,90,16,10,2,1,133,0,304
1992,03/07/2020T20:00:00 ,156123,185,90,16,10,2,1,133,0,304
1993,03/07/2020T20:10:00 ,156123,185,90,16,10,2,1,133,0,304
1994,03/07/2020T20:20:00 ,156123,184,91,16,10,2,1,133,0,304
1995,03/07/2020T20:30:00 ,156123,184,91,16,10,2,1,133,0,304
1996,03/07/2020T20:40:00 ,156123,184,91,16,10,2,1,133,0,304
1997,03/07/2020T20:50:00 ,156123,184,91,16,10,2,1,133,0,304
1998,03/07/2020T21:00:00 ,156123,184,91,16,10,2,1,133,0,304
1999,03/07/2020T21:10:00 ,156123,184,91,16,10,2,1,133,0,304
2000,03/07/2020T21:20:00 ,156123,184,91,16,10,2,1,133,0,304
2001,03/07/2020T21:30:00 ,156123,183,92,16,10,2,1,133,0,304
2002,03/07/2020T21:40:00 ,156122,183,93,16,10,2,1,133,0,305
2003,03/07/2020T21:50:00 ,156122,183,93,16,10,2,1,133,0,305
2004,03/07/2020T22:00:00 ,156122,182,93,17,10,2,1,133,0,305
2005,03/07/2020T22:10:00 ,156122,182,93,17,10,2,1,133,0,305
2006,03/07/2020T22:20:00 ,156122,182,93,17,10,2,1,133,0,305
2007,03/07/2020T22:30:00 ,156122,181,94,17,9,3,1,133,0,305
2008,03/07/2020T22:40:00 ,156122,180,95,17,9,3,1,133,0,305
2009,03/07/2020T22:50:00 ,156122,180,95,17,9,3,1,133,0,305
2010,03/07/2020T23:00:00 ,156122,180,94,17,9,3,1,134,0,304
2011,03/07/2020T23:10:00 ,156122,180,94,17,9,3,1,134,0,304
2012,03/07/2020T23:20:00 ,156122,177,97,17,9,3,1,134,0,304
2013,03/07/2020T23:30:00 ,156122,177,97,17,9,3,1,134,0,304
2014,03/07/2020T23:40:00 ,156122,177,97,17,9,3,1,134,0,304
2015,03/07/2020T23:50:00 ,156122,176,97,18,9,3,1,134,0,304
2016,03/08/2020T00:00:00 ,156122,176,97,18,9,3,1,134,0,304
2017,03/08/2020T00:10:00 ,156122,175,97,19,9,3,1,134,0,304
2018,03/08/2020T00:20:00 ,156122,175,97,19,9,3,1,134,0,304
2019,03/08/2020T00:30:00 ,156122,175,97,19,9,3,1,134,0,304
2020,03/08/2020T00:40:00 ,156122,175,97,19,9,3,1,134,0,304
2021,03/08/2020T00:50:00 ,156122,175,97,19,9,3,1,134,0,304
2022,03/08/2020T01:00:00 ,156122,175,96,19,9,3,1,135,0,303
2023,03/08/2020T01:10:00 ,156122,175,96,19,9,3,1,135,0,303
2024,03/08/2020T01:20:00 ,156122,175,96,19,9,3,1,135,0,303
2025,03/08/2020T01:30:00 ,156122,174,96,19,10,3,1,135,0,303
2026,03/08/2020T01:40:00 ,156122,174,96,19,10,3,1,135,0,303
2027,03/08/2020T01:50:00 ,156122,174,96,19,10,3,1,135,0,303
2028,03/08/2020T02:00:00 ,156121,175,96,19,10,3,1,135,0,304
2029,03/08/2020T02:10:00 ,156121,175,96,18,11,3,1,135,0,304
2030,03/08/2020T02:20:00 ,156121,175,96,18,11,3,1,135,0,304
2031,03/08/2020T02:30:00 ,156121,173,98,18,11,3,1,135,0,304
2032,03/08/2020T02:40:00 ,156121,173,98,18,11,3,1,135,0,304
2033,03/08/2020T02:50:00 ,156121,172,99,18,11,3,1,135,0,304
2034,03/08/2020T03:00:00 ,156121,172,99,18,11,3,1,135,0,304
2035,03/08/2020T03:10:00 ,156120,173,99,18,11,3,1,135,0,305
2036,03/08/2020T03:20:00 ,156120,172,100,18,11,3,1,135,0,305
2037,03/08/2020T03:30:00 ,156120,172,100,18,11,3,1,135,0,305
2038,03/08/2020T03:40:00 ,156120,171,100,19,11,3,1,135,0,305
2039,03/08/2020T03:50:00 ,156120,171,100,19,11,3,1,135,0,305
2040,03/08/2020T04:00:00 ,156120,169,101,19,11,3,1,136,0,304
2041,03/08/2020T04:10:00 ,156120,169,101,19,11,3,1,136,0,304
2042,03/08/2020T04:20:00 ,156120,169,101,19,11,3,1,136,0,304
2043,03/08/2020T04:30:00 ,156120,169,101,19,11,3,1,136,0,304
2044,03/08/2020T04:40:00 ,156120,169,101,19,11,3,1,136,0,304
2045,03/08/2020T04:50:00 ,156120,167,103,19,11,3,1,136,0,304
2046,03/08/2020T05:00:00 ,156120,167,103,19,11,3,1,136,0,304
2047,03/08/2020T05:10:00 ,156120,167,103,19,11,3,1,136,0,304
2048,03/08/2020T05:20:00 ,156120,167,103,19,11,3,1,136,0,304
2049,03/08/2020T05:30:00 ,156120,167,103,19,11,3,1,136,0,304
2050,03/08/2020T05:40:00 ,156120,167,103,19,10,3,1,137,0,303
2051,03/08/2020T05:50:00 ,156120,167,103,19,10,3,1,137,0,303
2052,03/08/2020T06:00:00 ,156120,166,104,19,10,3,1,137,0,303
2053,03/08/2020T06:10:00 ,156120,166,104,18,11,3,1,137,0,303
2054,03/08/2020T06:20:00 ,156120,166,104,18,11,3,1,137,0,303
2055,03/08/2020T06:30:00 ,156119,167,104,18,11,3,1,137,0,304
2056,03/08/2020T06:40:00 ,156119,167,104,18,11,3,1,137,0,304
2057,03/08/2020T06:50:00 ,156119,167,104,18,11,3,1,137,0,304
2058,03/08/2020T07:00:00 ,156119,167,103,18,11,3,1,138,0,303
2059,03/08/2020T07:10:00 ,156118,168,103,18,11,3,1,138,0,304
2060,03/08/2020T07:20:00 ,156118,168,103,18,11,3,1,138,0,304
2061,03/08/2020T07:30:00 ,156118,168,103,18,11,3,1,138,0,304
2062,03/08/2020T07:40:00 ,156118,167,103,19,11,3,1,138,0,304
2063,03/08/2020T07:50:00 ,156118,165,103,20,11,3,1,139,0,303
2064,03/08/2020T08:00:00 ,156118,165,103,20,11,3,1,139,0,303
2065,03/08/2020T08:10:00 ,156118,165,103,20,11,3,1,139,0,303
2066,03/08/2020T08:20:00 ,156118,165,103,20,11,3,1,139,0,303
2067,03/08/2020T08:30:00 ,156117,165,104,20,11,3,1,139,0,304
2068,03/08/2020T08:40:00 ,156117,165,104,20,11,3,1,139,0,304
2069,03/08/2020T08:50:00 ,156117,165,104,20,11,3,1,139,0,304
2070,03/08/2020T09:00:00 ,156117,165,104,20,11,3,1,139,0,304
2071,03/08/2020T09:10:00 ,156117,164,105,20,11,3,1,139,0,304
2072,03/08/2020T09:20:00 ,156117,164,104,20,11,3,1,140,0,303
2073,03/08/2020T09:30:00 ,156117,164,104,20,11,3,1,140,0,303
2074,03/08/2020T09:40:00 ,156117,164,104,20,11,3,1,140,0,303
2075,03/08/2020T09:50:00 ,156117,164,104,20,11,3,1,140,0,303
2076,03/08/2020T10:00:00 ,156117,164,104,20,11,3,1,140,0,303
2077,03/08/2020T10:10:00 ,156116,165,103,20,11,3,1,141,0,303
2078,03/08/2020T10:20:00 ,156116,164,104,20,11,3,1,141,0,303
2079,03/08/2020T10:30:00 ,156116,163,104,20,11,3,1,142,0,302
2080,03/08/2020T10:40:00 ,156116,162,105,20,11,3,1,142,0,302
2081,03/08/2020T10:50:00 ,156116,160,107,20,11,3,1,142,0,302
2082,03/08/2020T11:00:00 ,156116,160,107,20,11,3,1,142,0,302
2083,03/08/2020T11:10:00 ,156115,161,107,20,11,3,1,142,0,303
2084,03/08/2020T11:20:00 ,156115,161,107,20,11,3,1,142,0,303
2085,03/08/2020T11:30:00 ,156115,161,107,20,11,3,1,142,0,303
2086,03/08/2020T11:40:00 ,156115,160,108,20,11,3,1,142,0,303
2087,03/08/2020T11:50:00 ,156115,160,108,20,11,3,1,142,0,303
2088,03/08/2020T12:00:00 ,156115,160,108,20,11,3,1,142,0,303
2089,03/08/2020T12:10:00 ,156115,160,108,20,11,3,1,142,0,303
2090,03/08/2020T12:20:00 ,156115,160,108,20,11,3,1,142,0,303
2091,03/08/2020T12:30:00 ,156115,160,108,20,11,3,1,142,0,303
2092,03/08/2020T12:40:00 ,156115,158,110,20,11,3,1,142,0,303
2093,03/08/2020T12:50:00 ,156115,158,110,19,12,3,1,142,0,303
2094,03/08/2020T13:00:00 ,156115,158,110,19,12,3,1,142,0,303
2095,03/08/2020T13:10:00 ,156115,158,110,19,12,3,1,142,0,303
2096,03/08/2020T13:20:00 ,156115,158,110,19,11,4,1,142,0,303
2097,03/08/2020T13:30:00 ,156115,157,111,19,11,4,1,142,0,303
2098,03/08/2020T13:40:00 ,156115,157,111,19,11,4,1,142,0,303
2099,03/08/2020T13:50:00 ,156115,156,112,19,11,4,1,142,0,303
2100,03/08/2020T14:00:00 ,156115,155,113,18,12,4,1,142,0,303
2101,03/08/2020T14:10:00 ,156115,155,113,18,12,4,1,142,0,303
2102,03/08/2020T14:20:00 ,156115,155,113,18,12,4,1,142,0,303
2103,03/08/2020T14:30:00 ,156115,155,113,17,13,4,1,142,0,303
2104,03/08/2020T14:40:00 ,156115,155,113,17,13,4,1,142,0,303
2105,03/08/2020T14:50:00 ,156115,155,113,17,13,4,1,142,0,303
2106,03/08/2020T15:00:00 ,156115,155,112,17,13,4,1,143,0,302
2107,03/08/2020T15:10:00 ,156115,154,112,18,13,4,1,143,0,302
2108,03/08/2020T15:20:00 ,156115,152,114,17,14,4,1,143,0,302
2109,03/08/2020T15:30:00 ,156115,149,116,17,14,4,1,144,0,301
2110,03/08/2020T15:40:00 ,156115,149,116,17,14,4,1,144,0,301
2111,03/08/2020T15:50:00 ,156115,149,116,17,14,4,1,144,0,301
2112,03/08/2020T16:00:00 ,156115,147,117,18,14,4,1,144,0,301
2113,03/08/2020T16:10:00 ,156115,147,117,18,14,4,1,144,0,301
2114,03/08/2020T16:20:00 ,156115,145,119,18,14,4,1,144,0,301
2115,03/08/2020T16:30:00 ,156115,144,120,17,15,4,1,144,0,301
2116,03/08/2020T16:40:00 ,156114,145,120,17,15,4,1,144,0,302
2117,03/08/2020T16:50:00 ,156114,145,120,17,15,4,1,144,0,302
2118,03/08/2020T17:00:00 ,156114,144,121,17,15,4,1,144,0,302
2119,03/08/2020T17:10:00 ,156114,144,121,17,15,4,1,144,0,302
2120,03/08/2020T17:20:00 ,156114,143,122,17,15,4,1,144,0,302
2121,03/08/2020T17:30:00 ,156114,142,123,16,16,4,1,144,0,302
2122,03/08/2020T17:40:00 ,156114,142,123,16,16,4,1,144,0,302
2123,03/08/2020T17:50:00 ,156114,142,123,16,16,4,1,144,0,302
2124,03/08/2020T18:00:00 ,156114,141,124,16,16,4,1,144,0,302
2125,03/08/2020T18:10:00 ,156114,141,124,16,16,4,1,144,0,302
2126,03/08/2020T18:20:00 ,156114,140,125,16,16,4,1,144,0,302
2127,03/08/2020T18:30:00 ,156114,139,126,15,17,4,1,144,0,302
2128,03/08/2020T18:40:00 ,156114,139,126,15,17,4,1,144,0,302
2129,03/08/2020T18:50:00 ,156114,139,126,15,17,4,1,144,0,302
2130,03/08/2020T19:00:00 ,156113,139,127,15,17,4,1,144,0,303
2131,03/08/2020T19:10:00 ,156113,138,128,15,17,4,1,144,0,303
2132,03/08/2020T19:20:00 ,156113,138,128,15,17,4,1,144,0,303
2133,03/08/2020T19:30:00 ,156113,138,128,15,17,4,1,144,0,303
2134,03/08/2020T19:40:00 ,156113,138,127,15,17,4,1,145,0,302
2135,03/08/2020T19:50:00 ,156113,138,127,15,17,4,1,145,0,302
2136,03/08/2020T20:00:00 ,156113,138,126,15,17,4,1,146,0,301
2137,03/08/2020T20:10:00 ,156113,138,125,15,17,4,1,147,0,300
2138,03/08/2020T20:20:00 ,156112,138,126,15,17,4,1,147,0,301
2139,03/08/2020T20:30:00 ,156112,138,126,15,17,4,1,147,0,301
2140,03/08/2020T20:40:00 ,156111,139,125,15,17,4,1,148,0,301
2141,03/08/2020T20:50:00 ,156111,139,125,15,17,4,1,148,0,301
2142,03/08/2020T21:00:00 ,156111,139,125,15,17,4,1,148,0,301
2143,03/08/2020T21:10:00 ,156111,139,125,15,17,4,1,148,0,301
2144,03/08/2020T21:20:00 ,156111,139,125,15,17,4,1,148,0,301
2145,03/08/2020T21:30:00 ,156111,139,125,15,17,4,1,148,0,301
2146,03/08/2020T21:40:00 ,156111,139,125,15,17,4,1,148,0,301
2147,03/08/2020T21:50:00 ,156111,138,126,15,17,4,1,148,0,301
2148,03/08/2020T22:00:00 ,156111,138,126,15,17,4,1,148,0,301
2149,03/08/2020T22:10:00 ,156111,138,126,15,17,4,1,148,0,301
2150,03/08/2020T22:20:00 ,156111,138,126,15,17,4,1,148,0,301
2151,03/08/2020T22:30:00 ,156111,137,127,15,17,4,1,148,0,301
2152,03/08/2020T22:40:00 ,156111,137,127,15,17,4,1,148,0,301
2153,03/08/2020T22:50:00 ,156111,135,129,15,17,4,1,148,0,301
2154,03/08/2020T23:00:00 ,156111,135,129,15,17,4,1,148,0,301
2155,03/08/2020T23:10:00 ,156111,134,130,15,17,4,1,148,0,301
2156,03/08/2020T23:20:00 ,156111,134,130,15,17,4,1,148,0,301
2157,03/08/2020T23:30:00 ,156111,133,131,15,17,4,1,148,0,301
2158,03/08/2020T23:40:00 ,156111,133,131,15,17,4,1,148,0,301
2159,03/08/2020T23:50:00 ,156111,132,131,16,17,4,1,148,0,301
2160,03/09/2020T00:00:00 ,156111,132,131,16,17,4,1,148,0,301
2161,03/09/2020T00:10:00 ,156111,132,131,16,17,4,1,148,0,301
2162,03/09/2020T00:20:00 ,156111,132,131,16,17,4,1,148,0,301
2163,03/09/2020T00:30:00 ,156111,132,131,16,17,4,1,148,0,301
2164,03/09/2020T00:40:00 ,156110,133,131,16,17,4,1,148,0,302
2165,03/09/2020T00:50:00 ,156110,132,131,17,17,4,1,148,0,302
2166,03/09/2020T01:00:00 ,156110,132,131,17,17,4,1,148,0,302
2167,03/09/2020T01:10:00 ,156110,132,131,17,17,4,1,148,0,302
2168,03/09/2020T01:20:00 ,156110,132,131,17,17,4,1,148,0,302
2169,03/09/2020T01:30:00 ,156110,132,130,17,17,4,1,149,0,301
2170,03/09/2020T01:40:00 ,156110,132,130,17,17,4,1,149,0,301
2171,03/09/2020T01:50:00 ,156110,132,130,17,16,4,1,150,0,300
2172,03/09/2020T02:00:00 ,156110,131,130,18,16,4,1,150,0,300
2173,03/09/2020T02:10:00 ,156110,131,130,18,16,4,1,150,0,300
2174,03/09/2020T02:20:00 ,156109,131,130,19,16,4,1,150,0,301
2175,03/09/2020T02:30:00 ,156109,131,130,19,15,4,1,151,0,300
2176,03/09/2020T02:40:00 ,156108,132,130,19,15,4,1,151,0,301
2177,03/09/2020T02:50:00 ,156108,132,130,19,15,4,1,151,0,301
2178,03/09/2020T03:00:00 ,156108,132,130,19,15,4,1,151,0,301
2179,03/09/2020T03:10:00 ,156108,131,131,19,15,4,1,151,0,301
2180,03/09/2020T03:20:00 ,156108,130,131,20,15,4,1,151,0,301
2181,03/09/2020T03:30:00 ,156108,130,131,20,15,4,1,151,0,301
2182,03/09/2020T03:40:00 ,156108,130,131,20,15,4,1,151,0,301
2183,03/09/2020T03:50:00 ,156108,129,132,20,15,4,1,151,0,301
2184,03/09/2020T04:00:00 ,156108,126,133,22,15,4,1,151,0,301
2185,03/09/2020T04:10:00 ,156108,126,133,22,15,4,1,151,0,301
2186,03/09/2020T04:20:00 ,156108,126,133,22,15,4,1,151,0,301
2187,03/09/2020T04:30:00 ,156107,127,133,22,15,4,1,151,0,302
2188,03/09/2020T04:40:00 ,156107,127,132,22,15,4,1,152,0,301
2189,03/09/2020T04:50:00 ,156107,126,132,23,15,4,1,152,0,301
2190,03/09/2020T05:00:00 ,156106,126,132,24,15,4,1,152,0,302
2191,03/09/2020T05:10:00 ,156106,126,131,24,15,4,1,153,0,301
2192,03/09/2020T05:20:00 ,156106,126,131,24,15,4,1,153,0,301
2193,03/09/2020T05:30:00 ,156106,126,131,24,15,4,1,153,0,301
2194,03/09/2020T05:40:00 ,156106,125,131,24,15,4,1,154,0,300
2195,03/09/2020T05:50:00 ,156106,125,131,24,15,4,1,154,0,300
2196,03/09/2020T06:00:00 ,156106,124,131,25,15,4,1,154,0,300
2197,03/09/2020T06:10:00 ,156106,124,131,25,15,4,1,154,0,300
2198,03/09/2020T06:20:00 ,156105,125,131,25,15,4,1,154,0,301
2199,03/09/2020T06:30:00 ,156104,126,131,25,15,4,1,154,0,302
2200,03/09/2020T06:40:00 ,156104,125,132,25,15,4,1,154,0,302
2201,03/09/2020T06:50:00 ,156104,125,132,25,15,4,1,154,0,302
2202,03/09/2020T07:00:00 ,156104,124,132,25,15,4,1,155,0,301
2203,03/09/2020T07:10:00 ,156104,123,132,25,15,4,1,156,0,300
2204,03/09/2020T07:20:00 ,156104,123,131,25,15,4,1,157,0,299
2205,03/09/2020T07:30:00 ,156104,122,132,25,15,4,1,157,0,299
2206,03/09/2020T07:40:00 ,156104,122,132,25,15,4,1,157,0,299
2207,03/09/2020T07:50:00 ,156104,122,132,25,15,4,1,157,0,299
2208,03/09/2020T08:00:00 ,156104,122,132,24,16,4,1,157,0,299
2209,03/09/2020T08:10:00 ,156104,122,132,23,17,4,1,157,0,299
2210,03/09/2020T08:20:00 ,156104,122,131,23,17,4,1,158,0,298
2211,03/09/2020T08:30:00 ,156104,122,131,23,16,4,1,159,0,297
2212,03/09/2020T08:40:00 ,156104,122,131,23,16,4,1,159,0,297
2213,03/09/2020T08:50:00 ,156104,119,131,25,16,4,1,160,0,296
2214,03/09/2020T09:00:00 ,156104,118,132,25,16,4,1,160,0,296
2215,03/09/2020T09:10:00 ,156104,118,132,25,16,4,1,160,0,296
2216,03/09/2020T09:20:00 ,156104,118,132,25,16,4,1,160,0,296
2217,03/09/2020T09:30:00 ,156104,117,133,25,16,4,1,160,0,296
2218,03/09/2020T09:40:00 ,156104,117,133,24,17,4,1,160,0,296
2219,03/09/2020T09:50:00 ,156104,116,134,24,17,4,1,160,0,296
2220,03/09/2020T10:00:00 ,156104,116,134,24,17,4,1,160,0,296
2221,03/09/2020T10:10:00 ,156103,117,134,24,17,4,1,160,0,297
2222,03/09/2020T10:20:00 ,156103,117,134,24,17,4,1,160,0,297
2223,03/09/2020T10:30:00 ,156103,117,133,24,17,4,1,161,0,296
2224,03/09/2020T10:40:00 ,156103,117,133,24,17,4,1,161,0,296
2225,03/09/2020T10:50:00 ,156103,116,134,24,17,4,1,161,0,296
2226,03/09/2020T11:00:00 ,156103,116,134,24,17,4,1,161,0,296
2227,03/09/2020T11:10:00 ,156103,116,134,24,17,4,1,161,0,296
2228,03/09/2020T11:20:00 ,156103,115,135,24,17,4,1,161,0,296
2229,03/09/2020T11:30:00 ,156103,115,134,24,17,4,1,162,0,295
2230,03/09/2020T11:40:00 ,156102,116,134,24,17,4,1,162,0,296
2231,03/09/2020T11:50:00 ,156102,116,134,24,17,4,1,162,0,296
2232,03/09/2020T12:00:00 ,156102,115,135,24,17,4,1,162,0,296
2233,03/09/2020T12:10:00 ,156102,115,135,22,19,4,1,162,0,296
2234,03/09/2020T12:20:00 ,156102,114,135,23,19,4,1,162,0,296
2235,03/09/2020T12:30:00 ,156102,114,134,23,19,4,1,163,0,295
2236,03/09/2020T12:40:00 ,156102,114,133,23,19,4,1,164,0,294
2237,03/09/2020T12:50:00 ,156102,114,133,23,19,4,1,164,0,294
2238,03/09/2020T13:00:00 ,156102,114,133,23,18,4,1,165,0,293
2239,03/09/2020T13:10:00 ,156102,114,133,23,18,4,1,165,0,293
2240,03/09/2020T13:20:00 ,156102,114,133,23,18,4,1,165,0,293
2241,03/09/2020T13:30:00 ,156102,112,134,24,18,4,1,165,0,293
2242,03/09/2020T13:40:00 ,156102,112,134,24,18,4,1,165,0,293
2243,03/09/2020T13:50:00 ,156102,111,135,24,18,4,1,165,0,293
2244,03/09/2020T14:00:00 ,156102,111,135,24,18,4,1,165,0,293
2245,03/09/2020T14:10:00 ,156101,112,135,24,18,4,1,165,0,294
2246,03/09/2020T14:20:00 ,156101,112,135,24,18,4,1,165,0,294
2247,03/09/2020T14:30:00 ,156101,111,136,24,18,4,1,165,0,294
2248,03/09/2020T14:40:00 ,156099,113,136,24,18,4,1,165,0,296
2249,03/09/2020T14:50:00 ,156099,113,135,24,18,4,1,166,0,295
2250,03/09/2020T15:00:00 ,156099,113,135,24,18,4,1,166,0,295
2251,03/09/2020T15:10:00 ,156099,111,136,25,18,4,1,166,0,295
2252,03/09/2020T15:20:00 ,156099,111,136,25,18,4,1,166,0,295
2253,03/09/2020T15:30:00 ,156099,111,136,25,18,4,1,166,0,295
2254,03/09/2020T15:40:00 ,156099,111,136,25,18,4,1,166,0,295
2255,03/09/2020T15:50:00 ,156099,111,136,25,18,4,1,166,0,295
2256,03/09/2020T16:00:00 ,156099,111,136,25,18,4,1,166,0,295
2257,03/09/2020T16:10:00 ,156098,111,137,25,17,4,1,167,0,295
2258,03/09/2020T16:20:00 ,156097,112,137,25,17,4,1,167,0,296
2259,03/09/2020T16:30:00 ,156097,112,137,25,16,4,1,168,0,295
2260,03/09/2020T16:40:00 ,156097,112,137,25,16,4,1,168,0,295
2261,03/09/2020T16:50:00 ,156097,110,138,26,16,4,1,168,0,295
2262,03/09/2020T17:00:00 ,156095,112,138,26,16,4,1,168,0,297
2263,03/09/2020T17:10:00 ,156095,112,138,26,16,4,1,168,0,297
2264,03/09/2020T17:20:00 ,156095,112,138,26,16,4,1,168,0,297
2265,03/09/2020T17:30:00 ,156095,111,138,27,16,4,1,168,0,297
2266,03/09/2020T17:40:00 ,156094,109,139,29,16,4,1,168,0,298
2267,03/09/2020T17:50:00 ,156094,109,139,29,16,4,1,168,0,298
2268,03/09/2020T18:00:00 ,156094,109,139,29,16,4,1,168,0,298
2269,03/09/2020T18:10:00 ,156094,109,138,29,16,4,1,169,0,297
2270,03/09/2020T18:20:00 ,156094,109,138,29,16,4,1,169,0,297
2271,03/09/2020T18:30:00 ,156094,109,138,29,16,4,1,169,0,297
2272,03/09/2020T18:40:00 ,156094,109,138,29,16,4,1,169,0,297
2273,03/09/2020T18:50:00 ,156094,109,137,29,16,4,1,170,0,296
2274,03/09/2020T19:00:00 ,156093,110,136,29,16,4,1,171,0,296
2275,03/09/2020T19:10:00 ,156093,110,136,29,16,4,1,171,0,296
2276,03/09/2020T19:20:00 ,156092,110,136,30,16,4,1,171,0,297
2277,03/09/2020T19:30:00 ,156092,109,137,30,16,4,1,171,0,297
2278,03/09/2020T19:40:00 ,156092,109,136,30,16,4,1,172,0,296
2279,03/09/2020T19:50:00 ,156091,110,136,30,16,4,1,172,0,297
2280,03/09/2020T20:00:00 ,156091,110,136,30,16,4,1,172,0,297
2281,03/09/2020T20:10:00 ,156091,110,136,30,16,4,1,172,0,297
2282,03/09/2020T20:20:00 ,156091,110,136,30,16,4,1,172,0,297
2283,03/09/2020T20:30:00 ,156091,109,136,30,16,4,1,173,0,296
2284,03/09/2020T20:40:00 ,156091,109,136,30,16,4,1,173,0,296
2285,03/09/2020T20:50:00 ,156089,111,136,29,17,4,1,173,0,298
2286,03/09/2020T21:00:00 ,156089,111,136,29,17,4,1,173,0,298
2287,03/09/2020T21:10:00 ,156089,111,136,29,17,4,1,173,0,298
2288,03/09/2020T21:20:00 ,156089,111,136,29,17,4,1,173,0,298
2289,03/09/2020T21:30:00 ,156089,111,136,29,17,4,1,173,0,298
2290,03/09/2020T21:40:00 ,156088,112,136,29,17,4,1,173,0,299
2291,03/09/2020T21:50:00 ,156088,112,136,29,17,4,1,173,0,299
2292,03/09/2020T22:00:00 ,156087,112,137,29,17,4,1,173,0,300
2293,03/09/2020T22:10:00 ,156087,112,137,29,17,4,1,173,0,300
2294,03/09/2020T22:20:00 ,156087,112,137,29,17,4,1,173,0,300
2295,03/09/2020T22:30:00 ,156087,112,137,29,17,4,1,173,0,300
2296,03/09/2020T22:40:00 ,156087,110,139,29,17,4,1,173,0,300
2297,03/09/2020T22:50:00 ,156087,110,139,29,17,4,1,173,0,300
2298,03/09/2020T23:00:00 ,156087,110,139,29,17,4,1,173,0,300
2299,03/09/2020T23:10:00 ,156087,109,139,29,17,4,1,174,0,299
2300,03/09/2020T23:20:00 ,156087,109,139,29,17,4,1,174,0,299
2301,03/09/2020T23:30:00 ,156086,109,140,29,17,4,1,174,0,300
2302,03/09/2020T23:40:00 ,156086,109,140,29,17,4,1,174,0,300
2303,03/09/2020T23:50:00 ,156086,109,140,29,17,4,1,174,0,300
2304,03/10/2020T00:00:00 ,156086,108,139,28,19,4,1,175,0,299
2305,03/10/2020T00:10:00 ,156086,107,140,28,19,4,1,175,0,299
2306,03/10/2020T00:20:00 ,156086,107,140,28,19,4,1,175,0,299
2307,03/10/2020T00:30:00 ,156086,107,140,28,19,4,1,175,0,299
2308,03/10/2020T00:40:00 ,156086,107,140,28,19,4,1,175,0,299
2309,03/10/2020T00:50:00 ,156086,106,141,27,20,4,1,175,0,299
2310,03/10/2020T01:00:00 ,156086,106,141,27,20,4,1,175,0,299
2311,03/10/2020T01:10:00 ,156086,106,141,27,20,4,1,175,0,299
2312,03/10/2020T01:20:00 ,156086,105,141,28,20,4,1,175,0,299
2313,03/10/2020T01:30:00 ,156086,105,141,28,20,4,1,175,0,299
2314,03/10/2020T01:40:00 ,156086,105,141,28,20,4,1,175,0,299
2315,03/10/2020T01:50:00 ,156086,105,140,28,20,4,1,176,0,298
2316,03/10/2020T02:00:00 ,156086,105,140,28,20,4,1,176,0,298
2317,03/10/2020T02:10:00 ,156086,104,141,28,20,4,1,176,0,298
2318,03/10/2020T02:20:00 ,156085,105,141,28,20,4,1,176,0,299
2319,03/10/2020T02:30:00 ,156085,105,141,28,20,4,1,176,0,299
2320,03/10/2020T02:40:00 ,156085,105,141,28,20,4,1,176,0,299
2321,03/10/2020T02:50:00 ,156085,103,143,28,20,4,1,176,0,299
2322,03/10/2020T03:00:00 ,156085,103,142,28,20,4,1,177,0,298
2323,03/10/2020T03:10:00 ,156085,103,142,28,20,4,1,177,0,298
2324,03/10/2020T03:20:00 ,156085,103,141,28,20,4,1,178,0,297
2325,03/10/2020T03:30:00 ,156085,103,141,28,20,4,1,178,0,297
2326,03/10/2020T03:40:00 ,156085,102,142,28,20,4,1,178,0,297
2327,03/10/2020T03:50:00 ,156085,101,143,28,20,4,1,178,0,297
2328,03/10/2020T04:00:00 ,156085,101,142,28,20,4,1,179,0,296
2329,03/10/2020T04:10:00 ,156085,101,142,28,20,4,1,179,0,296
2330,03/10/2020T04:20:00 ,156084,102,142,28,20,4,1,179,0,297
2331,03/10/2020T04:30:00 ,156084,102,141,28,20,4,1,180,0,296
2332,03/10/2020T04:40:00 ,156084,102,141,28,20,4,1,180,0,296
2333,03/10/2020T04:50:00 ,156084,102,141,28,20,4,1,180,0,296
2334,03/10/2020T05:00:00 ,156084,102,141,28,20,4,1,180,0,296
2335,03/10/2020T05:10:00 ,156084,101,142,28,20,4,1,180,0,296
2336,03/10/2020T05:20:00 ,156084,100,143,28,20,4,1,180,0,296
2337,03/10/2020T05:30:00 ,156084,99,144,28,20,4,1,180,0,296
2338,03/10/2020T05:40:00 ,156084,99,144,28,20,4,1,180,0,296
2339,03/10/2020T05:50:00 ,156084,99,144,28,20,4,1,180,0,296
2340,03/10/2020T06:00:00 ,156084,99,144,28,20,4,1,180,0,296
2341,03/10/2020T06:10:00 ,156083,100,144,28,20,4,1,180,0,297
2342,03/10/2020T06:20:00 ,156083,100,144,28,20,4,1,180,0,297
2343,03/10/2020T06:30:00 ,156083,100,144,28,20,4,1,180,0,297
2344,03/10/2020T06:40:00 ,156083,100,144,28,20,4,1,180,0,297
2345,03/10/2020T06:50:00 ,156083,100,144,28,20,4,1,180,0,297
2346,03/10/2020T07:00:00 ,156083,100,144,27,21,4,1,180,0,297
2347,03/10/2020T07:10:00 ,156082,100,145,27,21,4,1,180,0,298
2348,03/10/2020T07:20:00 ,156081,101,145,27,21,4,1,180,0,299
2349,03/10/2020T07:30:00 ,156081,101,145,27,21,4,1,180,0,299
2350,03/10/2020T07:40:00 ,156081,101,145,26,22,4,1,180,0,299
2351,03/10/2020T07:50:00 ,156080,102,145,26,22,4,1,180,0,300
2352,03/10/2020T08:00:00 ,156079,103,145,26,22,4,1,180,0,301
2353,03/10/2020T08:10:00 ,156078,104,145,26,22,4,1,180,0,302
2354,03/10/2020T08:20:00 ,156076,105,146,26,22,4,1,180,0,304
2355,03/10/2020T08:30:00 ,156075,106,146,26,22,4,1,180,0,305
2356,03/10/2020T08:40:00 ,156072,109,145,26,22,4,1,181,0,307
2357,03/10/2020T08:50:00 ,156068,112,146,26,22,4,1,181,0,311
2358,03/10/2020T09:00:00 ,156066,114,146,26,22,4,1,181,0,313
2359,03/10/2020T09:10:00 ,156061,119,145,26,22,4,1,182,0,317
2360,03/10/2020T09:20:00 ,156058,121,146,26,22,4,1,182,0,320
2361,03/10/2020T09:30:00 ,156055,124,146,26,22,4,1,182,0,323
2362,03/10/2020T09:40:00 ,156052,126,147,26,22,4,1,182,0,326
2363,03/10/2020T09:50:00 ,156051,127,147,26,22,4,1,182,0,327
2364,03/10/2020T10:00:00 ,156047,131,147,26,22,4,1,182,0,331
2365,03/10/2020T10:10:00 ,156044,134,147,26,22,4,1,182,0,334
2366,03/10/2020T10:20:00 ,156040,138,147,26,22,4,1,182,0,338
2367,03/10/2020T10:30:00 ,156035,143,147,26,22,4,1,182,0,343
2368,03/10/2020T10:40:00 ,156031,147,147,26,22,4,1,182,0,347
2369,03/10/2020T10:50:00 ,156029,149,147,26,22,4,1,182,0,349
2370,03/10/2020T11:00:00 ,156025,153,147,26,22,4,1,182,0,353
2371,03/10/2020T11:10:00 ,156020,157,148,26,22,4,1,182,0,358
2372,03/10/2020T11:20:00 ,156017,160,148,25,23,4,1,182,0,361
2373,03/10/2020T11:30:00 ,156013,164,147,25,23,4,1,183,0,364
2374,03/10/2020T11:40:00 ,156010,167,147,25,23,4,1,183,0,367
2375,03/10/2020T11:50:00 ,156009,168,146,25,23,4,1,184,0,367
2376,03/10/2020T12:00:00 ,156005,172,146,25,23,4,1,184,0,371
2377,03/10/2020T12:10:00 ,156001,175,147,25,23,4,1,184,0,375
2378,03/10/2020T12:20:00 ,156001,175,147,25,23,4,1,184,0,375
2379,03/10/2020T12:30:00 ,156000,175,148,25,23,4,1,184,0,376
2380,03/10/2020T12:40:00 ,155999,176,148,24,24,4,1,184,0,377
2381,03/10/2020T12:50:00 ,155999,176,148,24,23,4,1,185,0,376
2382,03/10/2020T13:00:00 ,155998,176,149,24,23,4,1,185,0,377
2383,03/10/2020T13:10:00 ,155995,179,149,24,23,4,1,185,0,380
2384,03/10/2020T13:20:00 ,155993,181,149,24,23,4,1,185,0,382
2385,03/10/2020T13:30:00 ,155993,181,149,24,23,4,1,185,0,382
2386,03/10/2020T13:40:00 ,155990,184,149,24,23,4,1,185,0,385
2387,03/10/2020T13:50:00 ,155989,185,149,24,23,4,1,185,0,386
2388,03/10/2020T14:00:00 ,155986,188,149,24,23,4,1,185,0,389
2389,03/10/2020T14:10:00 ,155985,189,149,23,24,4,1,185,0,390
2390,03/10/2020T14:20:00 ,155981,193,149,23,24,4,1,185,0,394
2391,03/10/2020T14:30:00 ,155979,195,149,23,24,4,1,185,0,396
2392,03/10/2020T14:40:00 ,155975,199,149,23,24,4,1,185,0,400
2393,03/10/2020T14:50:00 ,155971,203,149,23,24,4,1,185,0,404
2394,03/10/2020T15:00:00 ,155967,207,149,23,24,4,1,185,0,408
2395,03/10/2020T15:10:00 ,155965,208,150,23,24,4,1,185,0,410
2396,03/10/2020T15:20:00 ,155964,209,150,23,24,4,1,185,0,411
2397,03/10/2020T15:30:00 ,155963,210,150,23,24,4,1,185,0,412
2398,03/10/2020T15:40:00 ,155962,210,150,23,24,4,1,186,0,412
2399,03/10/2020T15:50:00 ,155958,214,150,23,24,4,1,186,0,416
2400,03/10/2020T16:00:00 ,155955,217,150,23,24,4,1,186,0,419
2401,03/10/2020T16:10:00 ,155954,218,150,22,25,4,1,186,0,420
2402,03/10/2020T16:20:00 ,155953,219,150,22,25,4,1,186,0,421
2403,03/10/2020T16:30:00 ,155951,220,150,23,25,4,1,186,0,423
2404,03/10/2020T16:40:00 ,155951,220,150,23,25,4,1,186,0,423
2405,03/10/2020T16:50:00 ,155948,222,149,23,24,4,1,189,0,423
2406,03/10/2020T17:00:00 ,155948,222,149,23,24,4,1,189,0,423
2407,03/10/2020T17:10:00 ,155947,223,149,23,24,4,1,189,0,424
2408,03/10/2020T17:20:00 ,155947,223,148,23,24,4,1,190,0,423
2409,03/10/2020T17:30:00 ,155946,224,147,23,24,4,1,191,0,423
2410,03/10/2020T17:40:00 ,155945,224,147,23,24,4,1,192,0,423
2411,03/10/2020T17:50:00 ,155945,224,146,23,24,4,1,193,0,422
2412,03/10/2020T18:00:00 ,155944,225,146,23,24,4,1,193,0,423
2413,03/10/2020T18:10:00 ,155944,224,147,23,24,4,1,193,0,423
2414,03/10/2020T18:20:00 ,155944,224,147,23,24,4,1,193,0,423
2415,03/10/2020T18:30:00 ,155944,224,147,23,24,4,1,193,0,423
2416,03/10/2020T18:40:00 ,155944,224,147,23,24,4,1,193,0,423
2417,03/10/2020T18:50:00 ,155944,224,147,23,24,4,1,193,0,423
2418,03/10/2020T19:00:00 ,155943,225,147,23,24,4,1,193,0,424
2419,03/10/2020T19:10:00 ,155943,225,147,23,24,4,1,193,0,424
2420,03/10/2020T19:20:00 ,155943,225,147,23,24,4,1,193,0,424
2421,03/10/2020T19:30:00 ,155943,225,147,23,24,4,1,193,0,424
2422,03/10/2020T19:40:00 ,155943,223,148,23,24,4,1,194,0,423
2423,03/10/2020T19:50:00 ,155943,223,148,23,24,4,1,194,0,423
2424,03/10/2020T20:00:00 ,155943,222,148,24,24,4,1,194,0,423
2425,03/10/2020T20:10:00 ,155943,221,149,24,23,4,1,195,0,422
2426,03/10/2020T20:20:00 ,155943,221,149,24,23,4,1,195,0,422
2427,03/10/2020T20:30:00 ,155943,221,148,24,23,4,1,196,0,421
2428,03/10/2020T20:40:00 ,155943,221,148,24,23,4,1,196,0,421
2429,03/10/2020T20:50:00 ,155943,221,148,24,23,4,1,196,0,421
2430,03/10/2020T21:00:00 ,155943,220,149,24,23,4,1,196,0,421
2431,03/10/2020T21:10:00 ,155943,220,149,24,23,4,1,196,0,421
2432,03/10/2020T21:20:00 ,155943,220,149,24,23,4,1,196,0,421
2433,03/10/2020T21:30:00 ,155942,221,149,24,21,4,1,198,0,420
2434,03/10/2020T21:40:00 ,155942,221,149,24,21,4,1,198,0,420
2435,03/10/2020T21:50:00 ,155942,221,149,24,21,4,1,198,0,420
2436,03/10/2020T22:00:00 ,155942,221,149,24,21,4,1,198,0,420
2437,03/10/2020T22:10:00 ,155942,220,150,24,21,4,1,198,0,420
2438,03/10/2020T22:20:00 ,155942,220,150,24,21,4,1,198,0,420
2439,03/10/2020T22:30:00 ,155942,220,150,24,21,4,1,198,0,420
2440,03/10/2020T22:40:00 ,155942,220,150,24,21,4,1,198,0,420
2441,03/10/2020T22:50:00 ,155942,218,151,25,21,4,1,198,0,420
2442,03/10/2020T23:00:00 ,155942,218,151,25,21,4,1,198,0,420
2443,03/10/2020T23:10:00 ,155942,218,151,25,21,4,1,198,0,420
2444,03/10/2020T23:20:00 ,155942,218,151,25,21,4,1,198,0,420
2445,03/10/2020T23:30:00 ,155942,218,151,25,21,4,1,198,0,420
2446,03/10/2020T23:40:00 ,155942,218,151,25,21,4,1,198,0,420
2447,03/10/2020T23:50:00 ,155942,218,151,25,21,4,1,198,0,420
2448,03/11/2020T00:00:00 ,155942,218,151,25,21,4,1,198,0,420
2449,03/11/2020T00:10:00 ,155942,218,151,25,20,4,1,199,0,419
2450,03/11/2020T00:20:00 ,155942,217,152,25,20,4,1,199,0,419
2451,03/11/2020T00:30:00 ,155942,217,152,25,20,4,1,199,0,419
2452,03/11/2020T00:40:00 ,155942,217,152,25,20,4,1,199,0,419
2453,03/11/2020T00:50:00 ,155942,217,152,25,20,4,1,199,0,419
2454,03/11/2020T01:00:00 ,155942,216,152,26,20,4,1,199,0,419
2455,03/11/2020T01:10:00 ,155942,216,152,26,20,4,1,199,0,419
2456,03/11/2020T01:20:00 ,155942,215,152,27,20,4,1,199,0,419
2457,03/11/2020T01:30:00 ,155942,215,152,27,20,4,1,199,0,419
2458,03/11/2020T01:40:00 ,155942,215,151,27,20,4,1,200,0,418
2459,03/11/2020T01:50:00 ,155942,214,152,27,20,4,1,200,0,418
2460,03/11/2020T02:00:00 ,155942,213,151,28,20,4,1,201,0,417
2461,03/11/2020T02:10:00 ,155942,212,152,28,20,4,1,201,0,417
2462,03/11/2020T02:20:00 ,155942,212,151,28,20,4,1,202,0,416
2463,03/11/2020T02:30:00 ,155942,212,151,28,20,4,1,202,0,416
2464,03/11/2020T02:40:00 ,155942,212,151,28,20,4,1,202,0,416
2465,03/11/2020T02:50:00 ,155942,211,152,28,20,4,1,202,0,416
2466,03/11/2020T03:00:00 ,155942,210,151,29,20,4,1,203,0,415
2467,03/11/2020T03:10:00 ,155942,210,149,29,20,4,1,205,0,413
2468,03/11/2020T03:20:00 ,155942,210,148,29,20,4,1,206,0,412
2469,03/11/2020T03:30:00 ,155942,209,148,30,20,4,1,206,0,412
2470,03/11/2020T03:40:00 ,155942,208,148,31,20,4,1,206,0,412
2471,03/11/2020T03:50:00 ,155942,208,148,31,20,4,1,206,0,412
2472,03/11/2020T04:00:00 ,155942,208,148,31,20,4,1,206,0,412
2473,03/11/2020T04:10:00 ,155942,208,147,31,20,4,1,207,0,411
2474,03/11/2020T04:20:00 ,155942,208,147,31,20,4,1,207,0,411
2475,03/11/2020T04:30:00 ,155942,207,148,31,20,4,1,207,0,411
2476,03/11/2020T04:40:00 ,155942,207,148,31,20,4,1,207,0,411
2477,03/11/2020T04:50:00 ,155942,207,148,31,20,4,1,207,0,411
2478,03/11/2020T05:00:00 ,155942,207,148,31,20,4,1,207,0,411
2479,03/11/2020T05:10:00 ,155942,206,149,30,21,4,1,207,0,411
2480,03/11/2020T05:20:00 ,155942,205,149,31,21,4,1,207,0,411
2481,03/11/2020T05:30:00 ,155942,205,149,31,21,4,1,207,0,411
2482,03/11/2020T05:40:00 ,155942,203,151,30,22,4,1,207,0,411
2483,03/11/2020T05:50:00 ,155942,203,150,30,22,4,1,208,0,410
2484,03/11/2020T06:00:00 ,155942,202,151,30,22,4,1,208,0,410
2485,03/11/2020T06:10:00 ,155941,203,151,30,22,4,1,208,0,411
2486,03/11/2020T06:20:00 ,155941,203,151,30,22,4,1,208,0,411
2487,03/11/2020T06:30:00 ,155940,204,151,30,22,4,1,208,0,412
2488,03/11/2020T06:40:00 ,155940,204,150,30,22,4,1,209,0,411
2489,03/11/2020T06:50:00 ,155940,203,150,30,22,4,1,210,0,410
2490,03/11/2020T07:00:00 ,155940,203,149,30,22,4,1,211,0,409
2491,03/11/2020T07:10:00 ,155940,203,149,30,22,4,1,211,0,409
2492,03/11/2020T07:20:00 ,155940,203,148,30,22,4,1,212,0,408
2493,03/11/2020T07:30:00 ,155940,202,149,30,22,4,1,212,0,408
2494,03/11/2020T07:40:00 ,155939,201,151,30,22,4,1,212,0,409
2495,03/11/2020T07:50:00 ,155938,202,151,30,22,4,1,212,0,410
2496,03/11/2020T08:00:00 ,155937,202,152,30,22,4,1,212,0,411
2497,03/11/2020T08:10:00 ,155937,202,152,30,22,4,1,212,0,411
2498,03/11/2020T08:20:00 ,155936,203,152,30,22,4,1,212,0,412
2499,03/11/2020T08:30:00 ,155934,205,152,30,22,4,1,212,0,414
2500,03/11/2020T08:40:00 ,155932,207,151,30,22,4,1,213,0,415
2501,03/11/2020T08:50:00 ,155932,207,151,30,21,4,1,214,0,414
2502,03/11/2020T09:00:00 ,155931,208,151,30,21,4,1,214,0,415
2503,03/11/2020T09:10:00 ,155928,211,151,30,21,4,1,214,0,418
2504,03/11/2020T09:20:00 ,155926,212,151,31,21,4,1,214,0,420
2505,03/11/2020T09:30:00 ,155925,212,151,31,21,4,1,215,0,420
2506,03/11/2020T09:40:00 ,155923,214,151,31,21,4,1,215,0,422
2507,03/11/2020T09:50:00 ,155921,216,151,31,21,4,1,215,0,424
2508,03/11/2020T10:00:00 ,155920,216,152,31,21,4,1,215,0,425
2509,03/11/2020T10:10:00 ,155917,219,151,31,21,3,1,217,0,426
2510,03/11/2020T10:20:00 ,155916,220,151,31,21,3,1,217,0,427
2511,03/11/2020T10:30:00 ,155912,223,152,31,21,3,1,217,0,431
2512,03/11/2020T10:40:00 ,155909,226,152,31,21,3,1,217,0,434
2513,03/11/2020T10:50:00 ,155908,227,152,31,21,3,1,217,0,435
2514,03/11/2020T11:00:00 ,155907,227,152,30,23,3,1,217,0,436
2515,03/11/2020T11:10:00 ,155906,228,151,30,23,3,1,218,0,436
2516,03/11/2020T11:20:00 ,155902,231,152,29,24,3,1,218,0,440
2517,03/11/2020T11:30:00 ,155901,230,154,29,24,3,1,218,0,441
2518,03/11/2020T11:40:00 ,155901,230,154,29,24,3,1,218,0,441
2519,03/11/2020T11:50:00 ,155900,230,155,29,24,3,1,218,0,442
2520,03/11/2020T12:00:00 ,155898,231,155,30,24,3,1,218,0,444
2521,03/11/2020T12:10:00 ,155896,233,155,30,24,3,1,218,0,446
2522,03/11/2020T12:20:00 ,155895,234,155,30,24,3,1,218,0,447
2523,03/11/2020T12:30:00 ,155894,235,155,30,24,3,1,218,0,448
2524,03/11/2020T12:40:00 ,155894,235,155,30,24,3,1,218,0,448
2525,03/11/2020T12:50:00 ,155891,237,155,30,24,3,1,219,0,450
2526,03/11/2020T13:00:00 ,155889,238,156,30,24,3,1,219,0,452
2527,03/11/2020T13:10:00 ,155886,240,157,30,24,3,1,219,0,455
2528,03/11/2020T13:20:00 ,155883,243,156,30,24,3,1,220,0,457
2529,03/11/2020T13:30:00 ,155883,243,156,30,24,3,1,220,0,457
2530,03/11/2020T13:40:00 ,155882,244,156,30,24,3,1,220,0,458
2531,03/11/2020T13:50:00 ,155877,249,156,30,24,3,1,220,0,463
2532,03/11/2020T14:00:00 ,155877,249,156,30,24,3,1,220,0,463
2533,03/11/2020T14:10:00 ,155873,253,156,30,24,3,1,220,0,467
2534,03/11/2020T14:20:00 ,155873,251,156,30,25,3,1,221,0,466
2535,03/11/2020T14:30:00 ,155871,252,156,31,25,3,1,221,0,468
2536,03/11/2020T14:40:00 ,155871,252,156,31,25,3,1,221,0,468
2537,03/11/2020T14:50:00 ,155870,253,156,31,25,3,1,221,0,469
2538,03/11/2020T15:00:00 ,155870,252,157,31,25,3,1,221,0,469
2539,03/11/2020T15:10:00 ,155869,253,156,31,25,3,1,222,0,469
2540,03/11/2020T15:20:00 ,155866,256,156,31,25,3,1,222,0,472
2541,03/11/2020T15:30:00 ,155865,257,156,31,25,3,1,222,0,473
2542,03/11/2020T15:40:00 ,155862,259,157,31,25,3,1,222,0,476
2543,03/11/2020T15:50:00 ,155860,261,156,31,25,3,1,223,0,477
2544,03/11/2020T16:00:00 ,155860,260,155,32,25,3,1,224,0,476
2545,03/11/2020T16:10:00 ,155857,262,156,32,25,3,1,224,0,479
2546,03/11/2020T16:20:00 ,155857,262,156,32,25,3,1,224,0,479
2547,03/11/2020T16:30:00 ,155856,263,156,32,25,3,1,224,0,480
2548,03/11/2020T16:40:00 ,155856,263,156,32,25,3,1,224,0,480
2549,03/11/2020T16:50:00 ,155856,263,155,32,25,3,1,225,0,479
2550,03/11/2020T17:00:00 ,155856,263,153,32,25,3,1,227,0,477
2551,03/11/2020T17:10:00 ,155853,266,153,32,25,3,1,227,0,480
2552,03/11/2020T17:20:00 ,155853,266,153,31,26,3,1,227,0,480
2553,03/11/2020T17:30:00 ,155853,266,153,31,26,3,1,227,0,480
2554,03/11/2020T17:40:00 ,155852,267,153,31,26,3,1,227,0,481
2555,03/11/2020T17:50:00 ,155850,269,153,30,27,3,1,227,0,483
2556,03/11/2020T18:00:00 ,155850,268,154,30,27,3,1,227,0,483
2557,03/11/2020T18:10:00 ,155850,268,154,30,27,3,1,227,0,483
2558,03/11/2020T18:20:00 ,155850,268,153,30,27,3,1,228,0,482
2559,03/11/2020T18:30:00 ,155850,268,153,29,28,3,1,228,0,482
2560,03/11/2020T18:40:00 ,155849,269,152,29,28,3,1,229,0,482
2561,03/11/2020T18:50:00 ,155848,270,152,29,28,3,1,229,0,483
2562,03/11/2020T19:00:00 ,155848,269,153,29,28,3,1,229,0,483
2563,03/11/2020T19:10:00 ,155848,269,153,29,28,3,1,229,0,483
2564,03/11/2020T19:20:00 ,155848,269,153,29,28,3,1,229,0,483
2565,03/11/2020T19:30:00 ,155848,269,153,29,28,3,1,229,0,483
2566,03/11/2020T19:40:00 ,155848,269,153,29,28,3,1,229,0,483
2567,03/11/2020T19:50:00 ,155848,269,153,29,28,3,1,229,0,483
2568,03/11/2020T20:00:00 ,155848,269,153,28,29,3,1,229,0,483
2569,03/11/2020T20:10:00 ,155848,269,153,28,29,3,1,229,0,483
2570,03/11/2020T20:20:00 ,155848,269,153,28,29,3,1,229,0,483
2571,03/11/2020T20:30:00 ,155848,269,153,28,29,3,1,229,0,483
2572,03/11/2020T20:40:00 ,155848,268,154,28,29,3,1,229,0,483
2573,03/11/2020T20:50:00 ,155848,268,154,28,29,3,1,229,0,483
2574,03/11/2020T21:00:00 ,155847,268,155,28,29,3,1,229,0,484
2575,03/11/2020T21:10:00 ,155847,267,155,29,29,3,1,229,0,484
2576,03/11/2020T21:20:00 ,155846,268,155,29,29,3,1,229,0,485
2577,03/11/2020T21:30:00 ,155846,268,153,29,29,3,1,231,0,483
2578,03/11/2020T21:40:00 ,155846,268,153,29,29,3,1,231,0,483
2579,03/11/2020T21:50:00 ,155845,269,153,29,29,3,1,231,0,484
2580,03/11/2020T22:00:00 ,155845,269,153,28,30,3,1,231,0,484
2581,03/11/2020T22:10:00 ,155845,268,152,28,30,3,1,233,0,482
2582,03/11/2020T22:20:00 ,155844,269,152,28,30,3,1,233,0,483
2583,03/11/2020T22:30:00 ,155844,269,152,28,30,3,1,233,0,483
2584,03/11/2020T22:40:00 ,155844,269,151,28,30,3,1,234,0,482
2585,03/11/2020T22:50:00 ,155844,269,151,28,30,3,1,234,0,482
2586,03/11/2020T23:00:00 ,155844,269,150,28,30,3,1,235,0,481
2587,03/11/2020T23:10:00 ,155844,269,150,27,31,3,1,235,0,481
2588,03/11/2020T23:20:00 ,155844,269,150,27,31,3,1,235,0,481
2589,03/11/2020T23:30:00 ,155844,269,150,27,31,3,1,235,0,481
2590,03/11/2020T23:40:00 ,155844,269,150,27,31,3,1,235,0,481
2591,03/11/2020T23:50:00 ,155844,268,150,28,31,3,1,235,0,481
2592,03/12/2020T00:00:00 ,155844,267,150,28,32,3,1,235,0,481
2593,03/12/2020T00:10:00 ,155844,267,149,28,32,3,1,236,0,480
2594,03/12/2020T00:20:00 ,155843,268,149,28,32,3,1,236,0,481
2595,03/12/2020T00:30:00 ,155843,268,149,28,32,3,1,236,0,481
2596,03/12/2020T00:40:00 ,155843,267,149,28,32,3,1,237,0,480
2597,03/12/2020T00:50:00 ,155843,267,149,28,32,3,1,237,0,480
2598,03/12/2020T01:00:00 ,155843,267,149,28,32,3,1,237,0,480
2599,03/12/2020T01:10:00 ,155843,266,150,28,32,3,1,237,0,480
2600,03/12/2020T01:20:00 ,155843,265,151,28,32,3,1,237,0,480
2601,03/12/2020T01:30:00 ,155843,264,152,28,32,3,1,237,0,480
2602,03/12/2020T01:40:00 ,155843,264,151,28,32,3,1,238,0,479
2603,03/12/2020T01:50:00 ,155843,263,152,28,32,3,1,238,0,479
2604,03/12/2020T02:00:00 ,155843,263,152,28,32,3,1,238,0,479
2605,03/12/2020T02:10:00 ,155843,262,153,28,32,3,1,238,0,479
2606,03/12/2020T02:20:00 ,155843,262,153,28,31,3,1,239,0,478
2607,03/12/2020T02:30:00 ,155842,263,152,27,32,3,1,240,0,478
2608,03/12/2020T02:40:00 ,155841,264,150,27,32,3,1,242,0,477
2609,03/12/2020T02:50:00 ,155841,264,149,26,33,3,1,243,0,476
2610,03/12/2020T03:00:00 ,155841,264,149,26,33,3,1,243,0,476
2611,03/12/2020T03:10:00 ,155840,265,148,26,33,3,1,244,0,476
2612,03/12/2020T03:20:00 ,155840,265,148,26,33,3,1,244,0,476
2613,03/12/2020T03:30:00 ,155840,265,148,26,33,3,1,244,0,476
2614,03/12/2020T03:40:00 ,155840,263,150,26,33,3,1,244,0,476
2615,03/12/2020T03:50:00 ,155840,263,150,26,33,3,1,244,0,476
2616,03/12/2020T04:00:00 ,155840,262,150,27,33,3,1,244,0,476
2617,03/12/2020T04:10:00 ,155840,261,151,27,33,3,1,244,0,476
2618,03/12/2020T04:20:00 ,155840,260,151,27,33,3,1,245,0,475
2619,03/12/2020T04:30:00 ,155840,259,150,28,33,3,1,246,0,474
2620,03/12/2020T04:40:00 ,155840,258,151,28,33,3,1,246,0,474
2621,03/12/2020T04:50:00 ,155840,258,151,28,33,3,1,246,0,474
2622,03/12/2020T05:00:00 ,155840,257,151,28,34,3,1,246,0,474
2623,03/12/2020T05:10:00 ,155840,257,150,28,34,3,1,247,0,473
2624,03/12/2020T05:20:00 ,155840,257,150,28,34,3,1,247,0,473
2625,03/12/2020T05:30:00 ,155840,257,148,28,34,3,1,249,0,471
2626,03/12/2020T05:40:00 ,155840,256,149,28,34,3,1,249,0,471
2627,03/12/2020T05:50:00 ,155840,255,150,28,34,3,1,249,0,471
2628,03/12/2020T06:00:00 ,155840,255,150,27,35,3,1,249,0,471
2629,03/12/2020T06:10:00 ,155840,255,150,27,35,3,1,249,0,471
2630,03/12/2020T06:20:00 ,155840,255,150,27,35,3,1,249,0,471
2631,03/12/2020T06:30:00 ,155840,254,151,27,35,3,1,249,0,471
2632,03/12/2020T06:40:00 ,155840,254,151,27,35,3,1,249,0,471
2633,03/12/2020T06:50:00 ,155840,254,151,27,35,3,1,249,0,471
2634,03/12/2020T07:00:00 ,155840,253,151,27,35,3,1,250,0,470
2635,03/12/2020T07:10:00 ,155840,253,151,27,35,3,1,250,0,470
2636,03/12/2020T07:20:00 ,155839,254,151,26,36,3,1,250,0,471
2637,03/12/2020T07:30:00 ,155839,252,153,26,36,3,1,250,0,471
2638,03/12/2020T07:40:00 ,155839,251,154,26,35,3,1,251,0,470
2639,03/12/2020T07:50:00 ,155839,251,154,26,35,3,1,251,0,470
2640,03/12/2020T08:00:00 ,155839,250,154,27,35,3,1,251,0,470
2641,03/12/2020T08:10:00 ,155839,250,154,27,35,3,1,251,0,470
2642,03/12/2020T08:20:00 ,155839,250,154,26,36,3,1,251,0,470
2643,03/12/2020T08:30:00 ,155838,251,153,25,37,3,1,252,0,470
2644,03/12/2020T08:40:00 ,155837,252,151,25,37,3,1,254,0,469
2645,03/12/2020T08:50:00 ,155836,251,152,26,37,3,1,254,0,470
2646,03/12/2020T09:00:00 ,155835,252,152,26,37,3,1,254,0,471
2647,03/12/2020T09:10:00 ,155832,255,152,26,37,3,1,254,0,474
2648,03/12/2020T09:20:00 ,155832,255,151,26,37,3,1,255,0,473
2649,03/12/2020T09:30:00 ,155831,255,152,26,37,3,1,255,0,474
2650,03/12/2020T09:40:00 ,155830,255,152,27,37,3,1,255,0,475
2651,03/12/2020T09:50:00 ,155828,257,151,27,37,3,1,256,0,476
2652,03/12/2020T10:00:00 ,155826,259,151,27,36,3,1,257,0,477
2653,03/12/2020T10:10:00 ,155825,259,152,27,36,3,1,257,0,478
2654,03/12/2020T10:20:00 ,155825,259,152,27,36,3,1,257,0,478
2655,03/12/2020T10:30:00 ,155824,257,155,26,37,3,1,257,0,479
2656,03/12/2020T10:40:00 ,155822,259,155,26,37,3,1,257,0,481
2657,03/12/2020T10:50:00 ,155822,259,155,26,37,3,1,257,0,481
2658,03/12/2020T11:00:00 ,155819,260,155,27,37,3,1,258,0,483
2659,03/12/2020T11:10:00 ,155819,258,156,28,37,3,1,258,0,483
2660,03/12/2020T11:20:00 ,155816,261,156,28,36,3,1,259,0,485
2661,03/12/2020T11:30:00 ,155814,263,156,27,37,3,1,259,0,487
2662,03/12/2020T11:40:00 ,155811,266,156,27,37,3,1,259,0,490
2663,03/12/2020T11:50:00 ,155810,267,156,27,37,3,1,259,0,491
2664,03/12/2020T12:00:00 ,155809,268,156,27,37,3,1,259,0,492
2665,03/12/2020T12:10:00 ,155808,265,160,27,37,3,1,259,0,493
2666,03/12/2020T12:20:00 ,155806,266,160,28,37,3,1,259,0,495
2667,03/12/2020T12:30:00 ,155805,264,163,28,37,3,1,259,0,496
2668,03/12/2020T12:40:00 ,155804,264,164,28,37,3,1,259,0,497
2669,03/12/2020T12:50:00 ,155802,266,164,28,37,3,1,259,0,499
2670,03/12/2020T13:00:00 ,155801,266,163,29,37,3,1,260,0,499
2671,03/12/2020T13:10:00 ,155801,264,164,30,37,3,1,260,0,499
2672,03/12/2020T13:20:00 ,155800,265,164,30,37,3,1,260,0,500
2673,03/12/2020T13:30:00 ,155798,267,164,30,37,3,1,260,0,502
2674,03/12/2020T13:40:00 ,155796,269,164,30,37,3,1,260,0,504
2675,03/12/2020T13:50:00 ,155795,270,164,30,37,3,1,260,0,505
2676,03/12/2020T14:00:00 ,155793,272,164,30,37,3,1,260,0,507
2677,03/12/2020T14:10:00 ,155789,275,164,30,37,3,1,261,0,510
2678,03/12/2020T14:20:00 ,155786,278,164,30,37,3,1,261,0,513
2679,03/12/2020T14:30:00 ,155783,281,164,30,37,3,1,261,0,516
2680,03/12/2020T14:40:00 ,155783,281,164,30,37,3,1,261,0,516
2681,03/12/2020T14:50:00 ,155781,283,164,30,37,3,1,261,0,518
2682,03/12/2020T15:00:00 ,155780,283,164,30,37,3,1,262,0,518
2683,03/12/2020T15:10:00 ,155780,282,165,30,37,3,1,262,0,518
2684,03/12/2020T15:20:00 ,155779,283,165,30,37,3,1,262,0,519
2685,03/12/2020T15:30:00 ,155778,284,165,30,37,3,1,262,0,520
2686,03/12/2020T15:40:00 ,155776,286,165,30,37,3,1,262,0,522
2687,03/12/2020T15:50:00 ,155773,289,164,30,37,3,1,263,0,524
2688,03/12/2020T16:00:00 ,155769,292,165,30,37,3,1,263,0,528
2689,03/12/2020T16:10:00 ,155769,291,165,31,37,3,1,263,0,528
2690,03/12/2020T16:20:00 ,155768,291,166,31,37,3,1,263,0,529
2691,03/12/2020T16:30:00 ,155768,290,167,31,37,3,1,263,0,529
2692,03/12/2020T16:40:00 ,155767,291,167,31,37,3,1,263,0,530
2693,03/12/2020T16:50:00 ,155766,292,167,31,37,3,1,263,0,531
2694,03/12/2020T17:00:00 ,155765,292,168,31,37,3,1,263,0,532
2695,03/12/2020T17:10:00 ,155764,292,169,31,36,4,1,263,0,533
2696,03/12/2020T17:20:00 ,155764,292,169,31,36,4,1,263,0,533
2697,03/12/2020T17:30:00 ,155764,291,170,31,36,4,1,263,0,533
2698,03/12/2020T17:40:00 ,155764,290,168,31,36,4,1,266,0,530
2699,03/12/2020T17:50:00 ,155763,291,167,31,36,4,1,267,0,530
2700,03/12/2020T18:00:00 ,155762,292,167,31,36,4,1,267,0,531
2701,03/12/2020T18:10:00 ,155762,292,167,31,36,4,1,267,0,531
2702,03/12/2020T18:20:00 ,155761,291,169,31,36,4,1,267,0,532
2703,03/12/2020T18:30:00 ,155761,290,169,31,37,4,1,267,0,532
2704,03/12/2020T18:40:00 ,155760,291,169,31,37,4,1,267,0,533
2705,03/12/2020T18:50:00 ,155760,291,169,31,37,4,1,267,0,533
2706,03/12/2020T19:00:00 ,155760,289,170,32,37,4,1,267,0,533
2707,03/12/2020T19:10:00 ,155760,289,170,32,37,4,1,267,0,533
2708,03/12/2020T19:20:00 ,155760,289,170,32,37,4,1,267,0,533
2709,03/12/2020T19:30:00 ,155760,289,170,32,37,4,1,267,0,533
2710,03/12/2020T19:40:00 ,155760,289,169,32,37,4,1,268,0,532
2711,03/12/2020T19:50:00 ,155760,288,170,32,37,4,1,268,0,532
2712,03/12/2020T20:00:00 ,155760,287,171,31,38,4,1,268,0,532
2713,03/12/2020T20:10:00 ,155760,284,174,31,38,4,1,268,0,532
2714,03/12/2020T20:20:00 ,155760,283,175,31,38,4,1,268,0,532
2715,03/12/2020T20:30:00 ,155760,283,175,31,38,4,1,268,0,532
2716,03/12/2020T20:40:00 ,155760,283,175,31,38,4,1,268,0,532
2717,03/12/2020T20:50:00 ,155760,282,176,30,39,4,1,268,0,532
2718,03/12/2020T21:00:00 ,155760,282,176,30,39,4,1,268,0,532
2719,03/12/2020T21:10:00 ,155760,281,176,30,40,4,1,268,0,532
2720,03/12/2020T21:20:00 ,155760,281,176,30,39,4,1,269,0,531
2721,03/12/2020T21:30:00 ,155758,282,177,30,39,4,1,269,0,533
2722,03/12/2020T21:40:00 ,155758,282,177,30,39,4,1,269,0,533
2723,03/12/2020T21:50:00 ,155758,281,178,30,39,4,1,269,0,533
2724,03/12/2020T22:00:00 ,155758,278,180,31,39,4,1,269,0,533
2725,03/12/2020T22:10:00 ,155758,278,180,30,40,4,1,269,0,533
2726,03/12/2020T22:20:00 ,155758,278,179,30,39,4,1,271,0,531
2727,03/12/2020T22:30:00 ,155758,278,179,30,39,4,1,271,0,531
2728,03/12/2020T22:40:00 ,155758,277,180,29,40,4,1,271,0,531
2729,03/12/2020T22:50:00 ,155757,278,180,29,40,4,1,271,0,532
2730,03/12/2020T23:00:00 ,155757,278,180,29,40,4,1,271,0,532
2731,03/12/2020T23:10:00 ,155757,278,180,29,40,4,1,271,0,532
2732,03/12/2020T23:20:00 ,155757,278,180,29,39,4,1,272,0,531
2733,03/12/2020T23:30:00 ,155757,278,180,29,39,4,1,272,0,531
2734,03/12/2020T23:40:00 ,155756,279,180,29,39,4,1,272,0,532
2735,03/12/2020T23:50:00 ,155756,278,181,29,39,4,1,272,0,532
2736,03/13/2020T00:00:00 ,155756,277,182,29,39,4,1,272,0,532
2737,03/13/2020T00:10:00 ,155756,277,180,29,39,4,1,274,0,530
2738,03/13/2020T00:20:00 ,155756,275,182,29,39,4,1,274,0,530
2739,03/13/2020T00:30:00 ,155756,273,183,30,39,4,1,274,0,530
2740,03/13/2020T00:40:00 ,155756,273,183,30,39,4,1,274,0,530
2741,03/13/2020T00:50:00 ,155756,272,184,30,39,4,1,274,0,530
2742,03/13/2020T01:00:00 ,155755,272,184,30,39,4,1,275,0,530
2743,03/13/2020T01:10:00 ,155755,272,184,30,39,4,1,275,0,530
2744,03/13/2020T01:20:00 ,155755,272,184,30,39,4,1,275,0,530
2745,03/13/2020T01:30:00 ,155755,272,184,30,39,4,1,275,0,530
2746,03/13/2020T01:40:00 ,155755,272,183,30,39,4,1,276,0,529
2747,03/13/2020T01:50:00 ,155755,272,183,30,39,4,1,276,0,529
2748,03/13/2020T02:00:00 ,155754,272,183,31,39,4,1,276,0,530
2749,03/13/2020T02:10:00 ,155754,270,184,32,38,4,1,277,0,529
2750,03/13/2020T02:20:00 ,155754,269,185,32,38,4,1,277,0,529
2751,03/13/2020T02:30:00 ,155754,268,186,32,38,4,1,277,0,529
2752,03/13/2020T02:40:00 ,155754,267,186,33,38,4,1,277,0,529
2753,03/13/2020T02:50:00 ,155754,266,187,33,38,4,1,277,0,529
2754,03/13/2020T03:00:00 ,155753,266,188,33,38,4,1,277,0,530
2755,03/13/2020T03:10:00 ,155753,265,189,33,38,4,1,277,0,530
2756,03/13/2020T03:20:00 ,155753,263,191,33,38,4,1,277,0,530
2757,03/13/2020T03:30:00 ,155753,263,191,33,38,4,1,277,0,530
2758,03/13/2020T03:40:00 ,155753,261,192,33,38,4,1,278,0,529
2759,03/13/2020T03:50:00 ,155753,261,192,33,38,4,1,278,0,529
2760,03/13/2020T04:00:00 ,155752,261,190,33,38,4,1,281,0,527
2761,03/13/2020T04:10:00 ,155750,262,191,33,38,4,1,281,0,529
2762,03/13/2020T04:20:00 ,155750,261,192,33,38,4,1,281,0,529
2763,03/13/2020T04:30:00 ,155750,258,194,34,38,4,1,281,0,529
2764,03/13/2020T04:40:00 ,155750,258,194,34,38,4,1,281,0,529
2765,03/13/2020T04:50:00 ,155750,258,193,34,38,4,1,282,0,528
2766,03/13/2020T05:00:00 ,155748,260,193,34,38,4,1,282,0,530
2767,03/13/2020T05:10:00 ,155748,259,194,34,37,4,1,283,0,529
2768,03/13/2020T05:20:00 ,155748,257,195,34,37,4,1,284,0,528
2769,03/13/2020T05:30:00 ,155748,257,195,34,37,4,1,284,0,528
2770,03/13/2020T05:40:00 ,155748,257,195,34,37,4,1,284,0,528
2771,03/13/2020T05:50:00 ,155748,256,196,34,37,4,1,284,0,528
2772,03/13/2020T06:00:00 ,155748,255,197,33,38,4,1,284,0,528
2773,03/13/2020T06:10:00 ,155748,255,197,33,38,4,1,284,0,528
2774,03/13/2020T06:20:00 ,155748,254,198,33,38,4,1,284,0,528
2775,03/13/2020T06:30:00 ,155747,254,199,33,38,4,1,284,0,529
2776,03/13/2020T06:40:00 ,155747,254,199,33,38,4,1,284,0,529
2777,03/13/2020T06:50:00 ,155747,254,199,33,38,4,1,284,0,529
2778,03/13/2020T07:00:00 ,155747,254,199,33,38,4,1,284,0,529
2779,03/13/2020T07:10:00 ,155747,254,199,33,38,4,1,284,0,529
2780,03/13/2020T07:20:00 ,155747,253,199,34,38,4,1,284,0,529
2781,03/13/2020T07:30:00 ,155747,253,199,34,38,4,1,284,0,529
2782,03/13/2020T07:40:00 ,155747,253,199,34,38,4,1,284,0,529
2783,03/13/2020T07:50:00 ,155746,254,199,34,38,4,1,284,0,530
2784,03/13/2020T08:00:00 ,155746,254,199,34,38,4,1,284,0,530
2785,03/13/2020T08:10:00 ,155746,252,201,34,38,4,1,284,0,530
2786,03/13/2020T08:20:00 ,155744,252,202,35,38,4,1,284,0,532
2787,03/13/2020T08:30:00 ,155744,252,202,35,38,4,1,284,0,532
2788,03/13/2020T08:40:00 ,155743,253,201,35,38,4,1,285,0,532
2789,03/13/2020T08:50:00 ,155743,253,201,35,38,4,1,285,0,532
2790,03/13/2020T09:00:00 ,155742,254,201,35,38,4,1,285,0,533
2791,03/13/2020T09:10:00 ,155740,256,201,35,38,4,1,285,0,535
2792,03/13/2020T09:20:00 ,155737,258,202,35,38,4,1,285,0,538
2793,03/13/2020T09:30:00 ,155734,261,202,35,38,4,1,285,0,541
2794,03/13/2020T09:40:00 ,155729,265,202,36,38,4,1,285,0,546
2795,03/13/2020T09:50:00 ,155728,266,202,36,38,4,1,285,0,547
2796,03/13/2020T10:00:00 ,155725,266,203,38,38,4,1,285,0,550
2797,03/13/2020T10:10:00 ,155724,267,203,38,38,4,1,285,0,551
2798,03/13/2020T10:20:00 ,155724,267,203,38,38,4,1,285,0,551
2799,03/13/2020T10:30:00 ,155723,267,204,38,38,4,1,285,0,552
2800,03/13/2020T10:40:00 ,155721,269,204,38,37,4,1,286,0,553
2801,03/13/2020T10:50:00 ,155718,271,205,38,37,4,1,286,0,556
2802,03/13/2020T11:00:00 ,155716,273,205,38,37,4,1,286,0,558
2803,03/13/2020T11:10:00 ,155713,275,205,38,37,4,1,287,0,560
2804,03/13/2020T11:20:00 ,155710,277,205,39,37,4,1,287,0,563
2805,03/13/2020T11:30:00 ,155710,277,205,39,37,4,1,287,0,563
2806,03/13/2020T11:40:00 ,155705,282,205,39,37,4,1,287,0,568
2807,03/13/2020T11:50:00 ,155704,283,204,39,37,4,1,288,0,568
2808,03/13/2020T12:00:00 ,155704,283,203,39,37,4,1,289,0,567
2809,03/13/2020T12:10:00 ,155703,284,203,39,37,4,1,289,0,568
2810,03/13/2020T12:20:00 ,155701,286,203,39,37,4,1,289,0,570
2811,03/13/2020T12:30:00 ,155698,288,204,38,38,4,1,289,0,573
2812,03/13/2020T12:40:00 ,155697,287,205,39,38,4,1,289,0,574
2813,03/13/2020T12:50:00 ,155697,287,205,39,38,4,1,289,0,574
2814,03/13/2020T13:00:00 ,155696,286,207,38,39,4,1,289,0,575
2815,03/13/2020T13:10:00 ,155693,289,206,38,39,4,1,290,0,577
2816,03/13/2020T13:20:00 ,155690,290,207,39,39,4,1,290,0,580
2817,03/13/2020T13:30:00 ,155689,290,208,39,39,4,1,290,0,581
2818,03/13/2020T13:40:00 ,155683,295,209,39,38,4,1,291,0,586
2819,03/13/2020T13:50:00 ,155682,296,208,39,38,4,1,292,0,586
2820,03/13/2020T14:00:00 ,155681,296,209,38,39,4,1,292,0,587
2821,03/13/2020T14:10:00 ,155680,297,209,38,39,4,1,292,0,588
2822,03/13/2020T14:20:00 ,155678,299,209,38,39,4,1,292,0,590
2823,03/13/2020T14:30:00 ,155677,297,211,39,39,4,1,292,0,591
2824,03/13/2020T14:40:00 ,155676,298,211,39,39,4,1,292,0,592
2825,03/13/2020T14:50:00 ,155673,300,212,39,39,4,1,292,0,595
2826,03/13/2020T15:00:00 ,155672,301,212,39,39,4,1,292,0,596
2827,03/13/2020T15:10:00 ,155670,303,212,39,39,4,1,292,0,598
2828,03/13/2020T15:20:00 ,155669,304,212,39,39,4,1,292,0,599
2829,03/13/2020T15:30:00 ,155667,305,211,40,38,4,1,294,0,599
2830,03/13/2020T15:40:00 ,155665,306,212,40,38,4,1,294,0,601
2831,03/13/2020T15:50:00 ,155664,307,212,40,38,4,1,294,0,602
2832,03/13/2020T16:00:00 ,155664,307,212,40,38,4,1,294,0,602
2833,03/13/2020T16:10:00 ,155661,309,212,41,38,4,1,294,0,605
2834,03/13/2020T16:20:00 ,155658,311,212,41,38,4,1,295,0,607
2835,03/13/2020T16:30:00 ,155658,311,212,41,38,4,1,295,0,607
2836,03/13/2020T16:40:00 ,155657,312,212,40,39,4,1,295,0,608
2837,03/13/2020T16:50:00 ,155654,313,214,40,39,4,1,295,0,611
2838,03/13/2020T17:00:00 ,155654,313,214,40,39,4,1,295,0,611
2839,03/13/2020T17:10:00 ,155651,316,214,40,39,4,1,295,0,614
2840,03/13/2020T17:20:00 ,155650,317,213,40,39,4,1,296,0,614
2841,03/13/2020T17:30:00 ,155649,317,214,40,39,4,1,296,0,615
2842,03/13/2020T17:40:00 ,155649,317,213,40,39,4,1,297,0,614
2843,03/13/2020T17:50:00 ,155648,317,214,40,39,4,1,297,0,615
2844,03/13/2020T18:00:00 ,155648,316,215,40,39,4,1,297,0,615
2845,03/13/2020T18:10:00 ,155648,315,216,40,39,4,1,297,0,615
2846,03/13/2020T18:20:00 ,155648,314,217,40,39,4,1,297,0,615
2847,03/13/2020T18:30:00 ,155648,313,217,41,39,4,1,297,0,615
2848,03/13/2020T18:40:00 ,155648,313,217,41,39,4,1,297,0,615
2849,03/13/2020T18:50:00 ,155646,313,218,41,39,4,1,298,0,616
2850,03/13/2020T19:00:00 ,155646,312,218,42,39,4,1,298,0,616
2851,03/13/2020T19:10:00 ,155646,311,219,42,39,4,1,298,0,616
2852,03/13/2020T19:20:00 ,155645,312,219,42,39,4,1,298,0,617
2853,03/13/2020T19:30:00 ,155645,312,219,42,39,4,1,298,0,617
2854,03/13/2020T19:40:00 ,155645,312,218,42,39,4,1,299,0,616
2855,03/13/2020T19:50:00 ,155645,311,218,42,39,4,1,300,0,615
2856,03/13/2020T20:00:00 ,155645,311,217,42,39,4,1,301,0,614
2857,03/13/2020T20:10:00 ,155645,309,219,41,40,4,1,301,0,614
2858,03/13/2020T20:20:00 ,155645,309,219,41,40,4,1,301,0,614
2859,03/13/2020T20:30:00 ,155644,309,220,41,40,4,1,301,0,615
2860,03/13/2020T20:40:00 ,155643,310,220,41,40,4,1,301,0,616
2861,03/13/2020T20:50:00 ,155643,308,220,41,40,4,1,303,0,614
2862,03/13/2020T21:00:00 ,155643,307,221,41,40,4,1,303,0,614
2863,03/13/2020T21:10:00 ,155643,307,221,41,40,4,1,303,0,614
2864,03/13/2020T21:20:00 ,155642,307,221,41,40,4,1,304,0,614
2865,03/13/2020T21:30:00 ,155640,309,219,39,42,4,1,306,0,614
2866,03/13/2020T21:40:00 ,155640,308,219,40,42,4,1,306,0,614
2867,03/13/2020T21:50:00 ,155640,308,219,39,43,4,1,306,0,614
2868,03/13/2020T22:00:00 ,155640,308,219,39,43,4,1,306,0,614
2869,03/13/2020T22:10:00 ,155640,308,219,38,44,4,1,306,0,614
2870,03/13/2020T22:20:00 ,155640,307,220,38,44,4,1,306,0,614
2871,03/13/2020T22:30:00 ,155640,307,220,38,44,4,1,306,0,614
2872,03/13/2020T22:40:00 ,155640,307,220,38,44,4,1,306,0,614
2873,03/13/2020T22:50:00 ,155640,306,221,38,44,4,1,306,0,614
2874,03/13/2020T23:00:00 ,155640,306,221,38,44,4,1,306,0,614
2875,03/13/2020T23:10:00 ,155639,306,221,39,44,4,1,306,0,615
2876,03/13/2020T23:20:00 ,155639,306,221,39,44,4,1,306,0,615
2877,03/13/2020T23:30:00 ,155639,306,220,39,44,4,1,307,0,614
2878,03/13/2020T23:40:00 ,155639,306,219,39,44,4,1,308,0,613
2879,03/13/2020T23:50:00 ,155639,305,218,40,43,4,1,310,0,611
2880,03/14/2020T00:00:00 ,155639,304,218,40,43,4,1,311,0,610
2881,03/14/2020T00:10:00 ,155639,304,217,40,43,4,1,312,0,609
2882,03/14/2020T00:20:00 ,155639,304,217,40,43,4,1,312,0,609
2883,03/14/2020T00:30:00 ,155639,304,217,39,44,4,1,312,0,609
2884,03/14/2020T00:40:00 ,155639,304,217,39,44,4,1,312,0,609
2885,03/14/2020T00:50:00 ,155639,304,217,39,44,4,1,312,0,609
2886,03/14/2020T01:00:00 ,155639,304,217,39,44,4,1,312,0,609
2887,03/14/2020T01:10:00 ,155639,304,217,39,44,4,1,312,0,609
2888,03/14/2020T01:20:00 ,155639,304,217,39,44,4,1,312,0,609
2889,03/14/2020T01:30:00 ,155639,303,217,40,44,4,1,312,0,609
2890,03/14/2020T01:40:00 ,155638,304,217,40,44,4,1,312,0,610
2891,03/14/2020T01:50:00 ,155638,303,217,41,44,4,1,312,0,610
2892,03/14/2020T02:00:00 ,155638,303,217,41,44,4,1,312,0,610
2893,03/14/2020T02:10:00 ,155637,303,218,41,44,4,1,312,0,611
2894,03/14/2020T02:20:00 ,155637,302,219,41,44,4,1,312,0,611
2895,03/14/2020T02:30:00 ,155637,302,219,41,44,4,1,312,0,611
2896,03/14/2020T02:40:00 ,155637,301,220,41,44,4,1,312,0,611
2897,03/14/2020T02:50:00 ,155637,301,220,41,44,4,1,312,0,611
2898,03/14/2020T03:00:00 ,155637,301,220,41,44,4,1,312,0,611
2899,03/14/2020T03:10:00 ,155637,300,221,41,44,4,1,312,0,611
2900,03/14/2020T03:20:00 ,155637,300,221,41,44,4,1,312,0,611
2901,03/14/2020T03:30:00 ,155637,300,221,41,44,4,1,312,0,611
2902,03/14/2020T03:40:00 ,155637,300,221,41,44,4,1,312,0,611
2903,03/14/2020T03:50:00 ,155637,300,221,41,44,4,1,312,0,611
2904,03/14/2020T04:00:00 ,155637,300,221,40,45,4,1,312,0,611
2905,03/14/2020T04:10:00 ,155637,300,221,40,45,4,1,312,0,611
2906,03/14/2020T04:20:00 ,155637,299,221,40,45,4,1,313,0,610
2907,03/14/2020T04:30:00 ,155636,299,222,40,45,4,1,313,0,611
2908,03/14/2020T04:40:00 ,155636,298,223,40,45,4,1,313,0,611
2909,03/14/2020T04:50:00 ,155636,297,224,40,45,4,1,313,0,611
2910,03/14/2020T05:00:00 ,155636,297,224,40,45,4,1,313,0,611
2911,03/14/2020T05:10:00 ,155636,297,224,39,45,4,1,314,0,610
2912,03/14/2020T05:20:00 ,155636,297,223,39,45,4,1,315,0,609
2913,03/14/2020T05:30:00 ,155636,296,223,38,46,4,1,316,0,608
2914,03/14/2020T05:40:00 ,155636,296,223,38,46,4,1,316,0,608
2915,03/14/2020T05:50:00 ,155636,295,224,38,46,4,1,316,0,608
2916,03/14/2020T06:00:00 ,155636,292,226,39,46,4,1,316,0,608
2917,03/14/2020T06:10:00 ,155636,292,226,39,46,4,1,316,0,608
2918,03/14/2020T06:20:00 ,155635,292,226,40,46,4,1,316,0,609
2919,03/14/2020T06:30:00 ,155635,289,229,40,46,4,1,316,0,609
2920,03/14/2020T06:40:00 ,155635,289,229,40,46,4,1,316,0,609
2921,03/14/2020T06:50:00 ,155635,289,229,40,46,4,1,316,0,609
2922,03/14/2020T07:00:00 ,155635,289,229,40,46,4,1,316,0,609
2923,03/14/2020T07:10:00 ,155635,288,229,40,46,4,1,317,0,608
2924,03/14/2020T07:20:00 ,155635,287,230,40,46,4,1,317,0,608
2925,03/14/2020T07:30:00 ,155635,287,229,40,46,4,1,318,0,607
2926,03/14/2020T07:40:00 ,155635,285,231,40,46,4,1,318,0,607
2927,03/14/2020T07:50:00 ,155634,286,231,40,46,4,1,318,0,608
2928,03/14/2020T08:00:00 ,155633,284,234,40,46,4,1,318,0,609
2929,03/14/2020T08:10:00 ,155633,282,235,41,46,4,1,318,0,609
2930,03/14/2020T08:20:00 ,155629,285,235,42,46,4,1,318,0,613
2931,03/14/2020T08:30:00 ,155628,286,235,42,45,4,1,319,0,613
2932,03/14/2020T08:40:00 ,155626,288,235,42,45,4,1,319,0,615
2933,03/14/2020T08:50:00 ,155626,288,235,42,45,4,1,319,0,615
2934,03/14/2020T09:00:00 ,155625,288,236,42,45,4,1,319,0,616
2935,03/14/2020T09:10:00 ,155624,289,236,42,45,4,1,319,0,617
2936,03/14/2020T09:20:00 ,155623,289,237,42,45,4,1,319,0,618
2937,03/14/2020T09:30:00 ,155620,292,237,42,45,4,1,319,0,621
2938,03/14/2020T09:40:00 ,155618,294,237,41,45,4,1,320,0,622
2939,03/14/2020T09:50:00 ,155614,298,236,41,45,4,1,321,0,625
2940,03/14/2020T10:00:00 ,155611,301,236,41,45,4,1,321,0,628
2941,03/14/2020T10:10:00 ,155608,302,238,41,45,4,1,321,0,631
2942,03/14/2020T10:20:00 ,155608,301,239,40,46,4,1,321,0,631
2943,03/14/2020T10:30:00 ,155603,306,239,40,46,4,1,321,0,636
2944,03/14/2020T10:40:00 ,155599,309,239,40,46,4,1,322,0,639
2945,03/14/2020T10:50:00 ,155594,314,239,40,46,4,1,322,0,644
2946,03/14/2020T11:00:00 ,155588,318,240,41,46,4,1,322,0,650
2947,03/14/2020T11:10:00 ,155587,319,240,41,46,4,1,322,0,651
2948,03/14/2020T11:20:00 ,155586,320,239,41,46,4,1,323,0,651
2949,03/14/2020T11:30:00 ,155585,321,239,41,46,4,1,323,0,652
2950,03/14/2020T11:40:00 ,155581,325,238,41,46,4,1,324,0,655
2951,03/14/2020T11:50:00 ,155578,328,238,41,46,4,1,324,0,658
2952,03/14/2020T12:00:00 ,155578,327,238,41,45,4,1,326,0,656
2953,03/14/2020T12:10:00 ,155578,325,239,41,46,4,1,326,0,656
2954,03/14/2020T12:20:00 ,155577,326,239,41,45,4,1,327,0,656
2955,03/14/2020T12:30:00 ,155576,327,239,41,45,4,1,327,0,657
2956,03/14/2020T12:40:00 ,155576,327,239,41,45,4,1,327,0,657
2957,03/14/2020T12:50:00 ,155574,328,239,41,45,4,1,328,0,658
2958,03/14/2020T13:00:00 ,155574,328,239,41,44,4,1,329,0,657
2959,03/14/2020T13:10:00 ,155571,331,239,41,44,4,1,329,0,660
2960,03/14/2020T13:20:00 ,155571,331,238,41,44,4,1,330,0,659
2961,03/14/2020T13:30:00 ,155570,332,238,41,44,4,1,330,0,660
2962,03/14/2020T13:40:00 ,155569,332,239,41,43,4,1,331,0,660
2963,03/14/2020T13:50:00 ,155564,336,239,41,43,4,1,332,0,664
2964,03/14/2020T14:00:00 ,155564,335,240,40,44,4,1,332,0,664
2965,03/14/2020T14:10:00 ,155564,334,240,40,44,4,1,333,0,663
2966,03/14/2020T14:20:00 ,155562,335,239,39,45,4,1,335,0,663
2967,03/14/2020T14:30:00 ,155561,335,239,39,46,4,1,335,0,664
2968,03/14/2020T14:40:00 ,155560,334,241,37,48,4,1,335,0,665
2969,03/14/2020T14:50:00 ,155559,334,241,38,48,4,1,335,0,666
2970,03/14/2020T15:00:00 ,155557,335,242,38,48,4,1,335,0,668
2971,03/14/2020T15:10:00 ,155556,336,242,38,47,4,1,336,0,668
2972,03/14/2020T15:20:00 ,155554,336,244,38,47,4,1,336,0,670
2973,03/14/2020T15:30:00 ,155549,339,246,38,47,4,1,336,0,675
2974,03/14/2020T15:40:00 ,155548,339,247,38,47,4,1,336,0,676
2975,03/14/2020T15:50:00 ,155544,342,248,38,46,4,1,337,0,679
2976,03/14/2020T16:00:00 ,155542,343,248,39,46,4,1,337,0,681
2977,03/14/2020T16:10:00 ,155540,344,249,39,46,4,1,337,0,683
2978,03/14/2020T16:20:00 ,155540,343,250,38,47,4,1,337,0,683
2979,03/14/2020T16:30:00 ,155538,345,250,38,46,4,1,338,0,684
2980,03/14/2020T16:40:00 ,155536,346,250,39,46,4,1,338,0,686
2981,03/14/2020T16:50:00 ,155535,347,250,39,46,4,1,338,0,687
2982,03/14/2020T17:00:00 ,155534,347,251,38,47,4,1,338,0,688
2983,03/14/2020T17:10:00 ,155533,347,252,38,47,4,1,338,0,689
2984,03/14/2020T17:20:00 ,155531,349,252,38,47,4,1,338,0,691
2985,03/14/2020T17:30:00 ,155531,348,251,38,48,4,1,339,0,690
2986,03/14/2020T17:40:00 ,155531,347,251,39,48,4,1,339,0,690
2987,03/14/2020T17:50:00 ,155531,347,251,39,48,4,1,339,0,690
2988,03/14/2020T18:00:00 ,155531,345,252,39,48,4,1,340,0,689
2989,03/14/2020T18:10:00 ,155531,345,252,39,48,4,1,340,0,689
2990,03/14/2020T18:20:00 ,155531,345,251,39,48,4,1,341,0,688
2991,03/14/2020T18:30:00 ,155531,343,251,41,48,4,1,341,0,688
2992,03/14/2020T18:40:00 ,155530,344,251,41,48,4,1,341,0,689
2993,03/14/2020T18:50:00 ,155529,344,252,41,48,4,1,341,0,690
2994,03/14/2020T19:00:00 ,155528,345,251,41,48,4,1,342,0,690
2995,03/14/2020T19:10:00 ,155528,345,251,41,48,4,1,342,0,690
2996,03/14/2020T19:20:00 ,155528,345,250,41,48,4,1,343,0,689
2997,03/14/2020T19:30:00 ,155528,345,249,41,48,4,1,344,0,688
2998,03/14/2020T19:40:00 ,155528,345,248,41,48,4,1,345,0,687
2999,03/14/2020T19:50:00 ,155528,345,248,41,48,4,1,345,0,687
3000,03/14/2020T20:00:00 ,155528,345,247,41,48,4,1,346,0,686
3001,03/14/2020T20:10:00 ,155528,343,247,42,48,4,1,347,0,685
3002,03/14/2020T20:20:00 ,155528,342,248,42,48,4,1,347,0,685
3003,03/14/2020T20:30:00 ,155528,341,249,42,48,4,1,347,0,685
3004,03/14/2020T20:40:00 ,155528,340,250,42,48,4,1,347,0,685
3005,03/14/2020T20:50:00 ,155527,338,251,43,48,4,1,348,0,685
3006,03/14/2020T21:00:00 ,155527,338,251,43,48,4,1,348,0,685
3007,03/14/2020T21:10:00 ,155527,334,252,43,48,4,1,351,0,682
3008,03/14/2020T21:20:00 ,155527,334,251,43,48,4,1,352,0,681
3009,03/14/2020T21:30:00 ,155527,334,251,43,47,4,1,353,0,680
3010,03/14/2020T21:40:00 ,155527,334,251,43,47,4,1,353,0,680
3011,03/14/2020T21:50:00 ,155527,333,252,43,47,4,1,353,0,680
3012,03/14/2020T22:00:00 ,155527,333,252,43,47,4,1,353,0,680
3013,03/14/2020T22:10:00 ,155527,332,252,44,47,4,1,353,0,680
3014,03/14/2020T22:20:00 ,155527,330,253,45,47,4,1,353,0,680
3015,03/14/2020T22:30:00 ,155526,331,253,45,47,4,1,353,0,681
3016,03/14/2020T22:40:00 ,155524,333,252,45,47,4,1,354,0,682
3017,03/14/2020T22:50:00 ,155524,333,252,45,47,4,1,354,0,682
3018,03/14/2020T23:00:00 ,155524,332,253,45,47,4,1,354,0,682
3019,03/14/2020T23:10:00 ,155524,331,254,45,47,4,1,354,0,682
3020,03/14/2020T23:20:00 ,155524,331,254,45,47,4,1,354,0,682
3021,03/14/2020T23:30:00 ,155524,330,255,45,47,4,1,354,0,682
3022,03/14/2020T23:40:00 ,155524,329,256,45,47,4,1,354,0,682
3023,03/14/2020T23:50:00 ,155524,329,255,44,48,4,1,355,0,681
3024,03/15/2020T00:00:00 ,155522,330,256,44,48,4,1,355,0,683
3025,03/15/2020T00:10:00 ,155522,329,257,44,47,4,1,356,0,682
3026,03/15/2020T00:20:00 ,155522,328,257,45,47,4,1,356,0,682
3027,03/15/2020T00:30:00 ,155522,328,255,45,47,4,1,358,0,680
3028,03/15/2020T00:40:00 ,155522,326,256,45,47,4,1,359,0,679
3029,03/15/2020T00:50:00 ,155522,325,257,45,47,4,1,359,0,679
3030,03/15/2020T01:00:00 ,155522,322,259,46,47,4,1,359,0,679
3031,03/15/2020T01:10:00 ,155522,322,259,46,47,4,1,359,0,679
3032,03/15/2020T01:20:00 ,155522,319,261,47,47,4,1,359,0,679
3033,03/15/2020T01:30:00 ,155522,319,261,47,47,4,1,359,0,679
3034,03/15/2020T01:40:00 ,155522,318,262,47,47,4,1,359,0,679
3035,03/15/2020T01:50:00 ,155522,317,262,47,48,4,1,359,0,679
3036,03/15/2020T02:00:00 ,155522,317,262,47,48,4,1,359,0,679
3037,03/15/2020T02:10:00 ,155521,317,263,47,48,4,1,359,0,680
3038,03/15/2020T02:20:00 ,155521,316,263,47,47,4,1,361,0,678
3039,03/15/2020T02:30:00 ,155521,316,263,47,46,5,1,361,0,678
3040,03/15/2020T02:40:00 ,155521,316,262,46,47,5,1,362,0,677
3041,03/15/2020T02:50:00 ,155521,315,263,46,47,5,1,362,0,677
3042,03/15/2020T03:00:00 ,155521,314,264,46,47,5,1,362,0,677
3043,03/15/2020T03:10:00 ,155521,313,265,45,48,5,1,362,0,677
3044,03/15/2020T03:20:00 ,155521,312,266,45,48,5,1,362,0,677
3045,03/15/2020T03:30:00 ,155521,311,267,45,48,5,1,362,0,677
3046,03/15/2020T03:40:00 ,155521,310,268,45,48,5,1,362,0,677
3047,03/15/2020T03:50:00 ,155521,310,268,45,48,5,1,362,0,677
3048,03/15/2020T04:00:00 ,155521,310,268,45,48,5,1,362,0,677
3049,03/15/2020T04:10:00 ,155521,309,269,45,48,5,1,362,0,677
3050,03/15/2020T04:20:00 ,155521,309,269,45,48,5,1,362,0,677
3051,03/15/2020T04:30:00 ,155521,308,270,45,48,5,1,362,0,677
3052,03/15/2020T04:40:00 ,155521,308,270,44,49,5,1,362,0,677
3053,03/15/2020T04:50:00 ,155521,305,272,45,49,5,1,362,0,677
3054,03/15/2020T05:00:00 ,155520,306,272,45,49,5,1,362,0,678
3055,03/15/2020T05:10:00 ,155520,305,271,45,49,5,1,364,0,676
3056,03/15/2020T05:20:00 ,155520,303,273,44,50,5,1,364,0,676
3057,03/15/2020T05:30:00 ,155520,302,274,44,50,5,1,364,0,676
3058,03/15/2020T05:40:00 ,155520,301,274,45,50,5,1,364,0,676
3059,03/15/2020T05:50:00 ,155520,300,275,45,50,5,1,364,0,676
3060,03/15/2020T06:00:00 ,155520,298,276,45,50,5,1,365,0,675
3061,03/15/2020T06:10:00 ,155519,299,276,45,50,5,1,365,0,676
3062,03/15/2020T06:20:00 ,155518,299,277,44,51,5,1,365,0,677
3063,03/15/2020T06:30:00 ,155518,299,276,44,50,5,1,367,0,675
3064,03/15/2020T06:40:00 ,155518,298,277,44,50,5,1,367,0,675
3065,03/15/2020T06:50:00 ,155518,297,278,44,50,5,1,367,0,675
3066,03/15/2020T07:00:00 ,155518,296,279,44,50,5,1,367,0,675
3067,03/15/2020T07:10:00 ,155518,291,282,46,50,5,1,367,0,675
3068,03/15/2020T07:20:00 ,155518,291,282,46,50,5,1,367,0,675
3069,03/15/2020T07:30:00 ,155518,291,282,46,50,5,1,367,0,675
3070,03/15/2020T07:40:00 ,155518,291,282,46,50,5,1,367,0,675
3071,03/15/2020T07:50:00 ,155518,290,282,46,50,5,1,368,0,674
3072,03/15/2020T08:00:00 ,155517,291,282,46,49,6,1,368,0,675
3073,03/15/2020T08:10:00 ,155516,291,283,45,50,6,1,368,0,676
3074,03/15/2020T08:20:00 ,155515,291,284,45,50,6,1,368,0,677
3075,03/15/2020T08:30:00 ,155515,291,284,45,49,7,1,368,0,677
3076,03/15/2020T08:40:00 ,155515,289,285,46,49,7,1,368,0,677
3077,03/15/2020T08:50:00 ,155515,289,285,46,49,7,1,368,0,677
3078,03/15/2020T09:00:00 ,155515,289,285,46,49,7,1,368,0,677
3079,03/15/2020T09:10:00 ,155514,289,284,47,49,7,1,369,0,677
3080,03/15/2020T09:20:00 ,155514,289,284,47,49,7,1,369,0,677
3081,03/15/2020T09:30:00 ,155514,289,284,47,48,7,1,370,0,676
3082,03/15/2020T09:40:00 ,155514,288,285,47,48,7,1,370,0,676
3083,03/15/2020T09:50:00 ,155514,287,285,47,48,7,1,371,0,675
3084,03/15/2020T10:00:00 ,155514,286,286,47,48,7,1,371,0,675
3085,03/15/2020T10:10:00 ,155514,284,286,48,48,7,1,372,0,674
3086,03/15/2020T10:20:00 ,155514,282,288,48,47,7,1,373,0,673
3087,03/15/2020T10:30:00 ,155514,282,287,47,48,7,1,374,0,672
3088,03/15/2020T10:40:00 ,155514,280,289,47,48,7,1,374,0,672
3089,03/15/2020T10:50:00 ,155513,279,291,47,48,7,1,374,0,673
3090,03/15/2020T11:00:00 ,155513,279,290,47,48,7,1,375,0,672
3091,03/15/2020T11:10:00 ,155513,277,291,48,48,7,1,375,0,672
3092,03/15/2020T11:20:00 ,155512,278,291,47,49,7,1,375,0,673
3093,03/15/2020T11:30:00 ,155512,276,292,47,49,7,1,376,0,672
3094,03/15/2020T11:40:00 ,155512,276,292,47,49,7,1,376,0,672
3095,03/15/2020T11:50:00 ,155512,276,291,47,49,7,1,377,0,671
3096,03/15/2020T12:00:00 ,155512,276,291,47,49,7,1,377,0,671
3097,03/15/2020T12:10:00 ,155512,275,290,48,49,7,1,378,0,670
3098,03/15/2020T12:20:00 ,155512,275,290,48,49,7,1,378,0,670
3099,03/15/2020T12:30:00 ,155511,275,291,48,49,7,1,378,0,671
3100,03/15/2020T12:40:00 ,155511,275,291,48,49,7,1,378,0,671
3101,03/15/2020T12:50:00 ,155511,274,291,48,48,7,1,380,0,669
3102,03/15/2020T13:00:00 ,155511,274,291,48,48,7,1,380,0,669
3103,03/15/2020T13:10:00 ,155511,272,292,49,47,7,1,381,0,668
3104,03/15/2020T13:20:00 ,155511,272,292,49,47,7,1,381,0,668
3105,03/15/2020T13:30:00 ,155510,272,292,49,46,7,1,383,0,667
3106,03/15/2020T13:40:00 ,155510,272,292,49,45,7,1,384,0,666
3107,03/15/2020T13:50:00 ,155510,272,292,49,45,7,1,384,0,666
3108,03/15/2020T14:00:00 ,155510,272,292,49,45,7,1,384,0,666
3109,03/15/2020T14:10:00 ,155508,273,292,49,45,7,1,385,0,667
3110,03/15/2020T14:20:00 ,155508,271,294,49,44,7,1,386,0,666
3111,03/15/2020T14:30:00 ,155508,270,295,49,44,7,1,386,0,666
3112,03/15/2020T14:40:00 ,155508,270,295,49,44,7,1,386,0,666
3113,03/15/2020T14:50:00 ,155507,271,295,49,44,7,1,386,0,667
3114,03/15/2020T15:00:00 ,155507,271,295,49,43,7,1,387,0,666
3115,03/15/2020T15:10:00 ,155507,271,295,49,43,7,1,387,0,666
3116,03/15/2020T15:20:00 ,155507,271,294,49,43,7,1,388,0,665
3117,03/15/2020T15:30:00 ,155507,269,296,49,43,7,1,388,0,665
3118,03/15/2020T15:40:00 ,155507,269,296,48,44,7,1,388,0,665
3119,03/15/2020T15:50:00 ,155507,269,296,48,44,7,1,388,0,665
3120,03/15/2020T16:00:00 ,155506,270,295,48,44,7,1,389,0,665
3121,03/15/2020T16:10:00 ,155506,270,295,48,44,7,1,389,0,665
3122,03/15/2020T16:20:00 ,155506,270,295,48,44,7,1,389,0,665
3123,03/15/2020T16:30:00 ,155506,269,296,48,44,7,1,389,0,665
3124,03/15/2020T16:40:00 ,155506,266,297,49,44,7,1,390,0,664
3125,03/15/2020T16:50:00 ,155506,265,298,49,44,7,1,390,0,664
3126,03/15/2020T17:00:00 ,155505,265,299,49,44,7,1,390,0,665
3127,03/15/2020T17:10:00 ,155505,265,299,49,44,7,1,390,0,665
3128,03/15/2020T17:20:00 ,155505,265,298,49,44,7,1,391,0,664
3129,03/15/2020T17:30:00 ,155505,264,299,49,44,7,1,391,0,664
3130,03/15/2020T17:40:00 ,155503,266,298,49,44,7,1,392,0,665
3131,03/15/2020T17:50:00 ,155503,265,298,49,44,7,1,393,0,664
3132,03/15/2020T18:00:00 ,155503,265,298,49,44,7,1,393,0,664
3133,03/15/2020T18:10:00 ,155503,264,299,49,44,7,1,393,0,664
3134,03/15/2020T18:20:00 ,155503,264,299,49,44,7,1,393,0,664
3135,03/15/2020T18:30:00 ,155503,264,299,49,44,7,1,393,0,664
3136,03/15/2020T18:40:00 ,155503,263,299,49,44,7,1,394,0,663
3137,03/15/2020T18:50:00 ,155502,263,299,49,43,7,1,396,0,662
3138,03/15/2020T19:00:00 ,155502,260,300,50,43,7,1,397,0,661
3139,03/15/2020T19:10:00 ,155502,260,300,50,43,7,1,397,0,661
3140,03/15/2020T19:20:00 ,155500,261,301,50,43,7,1,397,0,663
3141,03/15/2020T19:30:00 ,155499,262,300,50,43,7,1,398,0,663
3142,03/15/2020T19:40:00 ,155498,263,299,50,43,7,1,399,0,663
3143,03/15/2020T19:50:00 ,155498,263,299,49,44,7,1,399,0,663
3144,03/15/2020T20:00:00 ,155498,262,300,49,44,7,1,399,0,663
3145,03/15/2020T20:10:00 ,155498,262,300,49,44,7,1,399,0,663
3146,03/15/2020T20:20:00 ,155496,263,301,49,44,7,1,399,0,665
3147,03/15/2020T20:30:00 ,155496,262,301,49,44,7,1,400,0,664
3148,03/15/2020T20:40:00 ,155494,264,301,49,43,7,1,401,0,665
3149,03/15/2020T20:50:00 ,155494,263,302,48,44,7,1,401,0,665
3150,03/15/2020T21:00:00 ,155493,263,303,48,44,7,1,401,0,666
3151,03/15/2020T21:10:00 ,155491,265,302,48,44,7,1,402,0,667
3152,03/15/2020T21:20:00 ,155491,264,303,48,44,7,1,402,0,667
3153,03/15/2020T21:30:00 ,155491,264,303,48,44,7,1,402,0,667
3154,03/15/2020T21:40:00 ,155491,263,303,48,44,7,1,403,0,666
3155,03/15/2020T21:50:00 ,155491,262,303,48,45,7,1,403,0,666
3156,03/15/2020T22:00:00 ,155491,258,305,50,45,7,1,403,0,666
3157,03/15/2020T22:10:00 ,155491,257,305,49,47,7,1,403,0,666
3158,03/15/2020T22:20:00 ,155491,257,305,49,46,7,1,404,0,665
3159,03/15/2020T22:30:00 ,155491,257,303,49,46,7,1,406,0,663
3160,03/15/2020T22:40:00 ,155491,255,304,50,46,7,1,406,0,663
3161,03/15/2020T22:50:00 ,155491,254,304,50,46,7,1,407,0,662
3162,03/15/2020T23:00:00 ,155491,254,304,50,46,7,1,407,0,662
3163,03/15/2020T23:10:00 ,155491,254,303,49,47,7,1,408,0,661
3164,03/15/2020T23:20:00 ,155491,254,303,49,47,7,1,408,0,661
3165,03/15/2020T23:30:00 ,155491,252,302,50,47,7,1,410,0,659
3166,03/15/2020T23:40:00 ,155491,252,302,50,47,7,1,410,0,659
3167,03/15/2020T23:50:00 ,155491,252,302,50,47,7,1,410,0,659
3168,03/16/2020T00:00:00 ,155491,251,303,50,47,7,1,410,0,659
3169,03/16/2020T00:10:00 ,155491,248,304,52,46,7,1,411,0,658
3170,03/16/2020T00:20:00 ,155491,246,306,51,47,7,1,411,0,658
3171,03/16/2020T00:30:00 ,155491,245,307,51,47,7,1,411,0,658
3172,03/16/2020T00:40:00 ,155491,245,306,51,47,7,1,412,0,657
3173,03/16/2020T00:50:00 ,155491,244,306,50,48,7,1,413,0,656
3174,03/16/2020T01:00:00 ,155491,244,306,50,48,7,1,413,0,656
3175,03/16/2020T01:10:00 ,155491,244,306,50,48,7,1,413,0,656
3176,03/16/2020T01:20:00 ,155491,243,307,50,48,7,1,413,0,656
3177,03/16/2020T01:30:00 ,155491,243,307,50,48,7,1,413,0,656
3178,03/16/2020T01:40:00 ,155491,242,306,50,49,7,1,414,0,655
3179,03/16/2020T01:50:00 ,155491,242,306,49,49,8,1,414,0,655
3180,03/16/2020T02:00:00 ,155491,242,306,49,49,8,1,414,0,655
3181,03/16/2020T02:10:00 ,155491,242,306,49,49,8,1,414,0,655
3182,03/16/2020T02:20:00 ,155490,242,307,49,49,8,1,414,0,656
3183,03/16/2020T02:30:00 ,155490,241,307,49,49,8,1,415,0,655
3184,03/16/2020T02:40:00 ,155490,241,307,49,49,8,1,415,0,655
3185,03/16/2020T02:50:00 ,155489,237,310,50,47,8,1,418,0,653
3186,03/16/2020T03:00:00 ,155486,239,308,51,47,8,1,420,0,654
3187,03/16/2020T03:10:00 ,155486,238,309,51,47,8,1,420,0,654
3188,03/16/2020T03:20:00 ,155485,239,308,50,48,8,1,421,0,654
3189,03/16/2020T03:30:00 ,155485,239,308,49,49,8,1,421,0,654
3190,03/16/2020T03:40:00 ,155484,239,308,49,49,8,1,422,0,654
3191,03/16/2020T03:50:00 ,155484,238,308,50,49,8,1,422,0,654
3192,03/16/2020T04:00:00 ,155484,237,309,50,49,8,1,422,0,654
3193,03/16/2020T04:10:00 ,155484,236,309,50,49,8,1,423,0,653
3194,03/16/2020T04:20:00 ,155483,237,308,50,49,8,1,424,0,653
3195,03/16/2020T04:30:00 ,155483,235,308,52,49,8,1,424,0,653
3196,03/16/2020T04:40:00 ,155483,235,308,52,49,8,1,424,0,653
3197,03/16/2020T04:50:00 ,155482,236,308,52,49,8,1,424,0,654
3198,03/16/2020T05:00:00 ,155482,233,310,53,49,8,1,424,0,654
3199,03/16/2020T05:10:00 ,155482,232,311,53,49,8,1,424,0,654
3200,03/16/2020T05:20:00 ,155482,232,311,53,49,8,1,424,0,654
3201,03/16/2020T05:30:00 ,155482,232,311,53,49,8,1,424,0,654
3202,03/16/2020T05:40:00 ,155482,232,311,53,49,8,1,424,0,654
3203,03/16/2020T05:50:00 ,155481,233,311,52,50,8,1,424,0,655
3204,03/16/2020T06:00:00 ,155481,233,310,52,50,8,1,425,0,654
3205,03/16/2020T06:10:00 ,155481,231,310,53,50,8,1,426,0,653
3206,03/16/2020T06:20:00 ,155481,231,310,53,50,8,1,426,0,653
3207,03/16/2020T06:30:00 ,155480,230,312,53,50,8,1,426,0,654
3208,03/16/2020T06:40:00 ,155480,229,312,52,51,8,1,427,0,653
3209,03/16/2020T06:50:00 ,155480,229,312,52,51,8,1,427,0,653
3210,03/16/2020T07:00:00 ,155480,229,312,52,51,9,0,427,0,653
3211,03/16/2020T07:10:00 ,155480,229,312,52,51,9,0,427,0,653
3212,03/16/2020T07:20:00 ,155480,229,312,52,50,10,0,427,0,653
3213,03/16/2020T07:30:00 ,155480,228,312,53,50,10,0,427,0,653
3214,03/16/2020T07:40:00 ,155480,227,313,53,50,10,0,427,0,653
3215,03/16/2020T07:50:00 ,155480,227,313,53,50,10,0,427,0,653
3216,03/16/2020T08:00:00 ,155480,227,312,52,51,10,0,428,0,652
3217,03/16/2020T08:10:00 ,155480,227,312,52,51,10,0,428,0,652
3218,03/16/2020T08:20:00 ,155480,225,314,52,51,10,0,428,0,652
3219,03/16/2020T08:30:00 ,155480,223,315,52,51,10,0,429,0,651
3220,03/16/2020T08:40:00 ,155480,223,315,52,51,10,0,429,0,651
3221,03/16/2020T08:50:00 ,155480,223,314,52,50,10,0,431,0,649
3222,03/16/2020T09:00:00 ,155480,222,315,52,50,10,0,431,0,649
3223,03/16/2020T09:10:00 ,155480,221,316,52,50,10,0,431,0,649
3224,03/16/2020T09:20:00 ,155480,219,316,53,50,10,0,432,0,648
3225,03/16/2020T09:30:00 ,155480,219,316,53,50,10,0,432,0,648
3226,03/16/2020T09:40:00 ,155480,218,317,53,50,10,0,432,0,648
3227,03/16/2020T09:50:00 ,155479,216,320,52,51,10,0,432,0,649
3228,03/16/2020T10:00:00 ,155479,215,321,52,51,10,0,432,0,649
3229,03/16/2020T10:10:00 ,155479,214,322,52,51,10,0,432,0,649
3230,03/16/2020T10:20:00 ,155479,212,323,53,51,10,0,432,0,649
3231,03/16/2020T10:30:00 ,155479,211,324,53,51,10,0,432,0,649
3232,03/16/2020T10:40:00 ,155479,211,323,52,52,10,0,433,0,648
3233,03/16/2020T10:50:00 ,155479,211,322,52,52,10,0,434,0,647
3234,03/16/2020T11:00:00 ,155479,211,321,52,52,10,0,435,0,646
3235,03/16/2020T11:10:00 ,155479,208,323,53,50,10,0,437,0,644
3236,03/16/2020T11:20:00 ,155479,206,323,53,51,10,0,438,0,643
3237,03/16/2020T11:30:00 ,155479,205,324,53,50,10,0,439,0,642
3238,03/16/2020T11:40:00 ,155479,204,324,53,50,10,0,440,0,641
3239,03/16/2020T11:50:00 ,155479,203,325,52,51,10,0,440,0,641
3240,03/16/2020T12:00:00 ,155479,202,324,52,52,10,0,441,0,640
3241,03/16/2020T12:10:00 ,155479,202,324,50,54,10,0,441,0,640
3242,03/16/2020T12:20:00 ,155479,202,324,50,54,10,0,441,0,640
3243,03/16/2020T12:30:00 ,155477,204,323,50,54,10,0,442,0,641
3244,03/16/2020T12:40:00 ,155476,204,324,49,55,10,0,442,0,642
3245,03/16/2020T12:50:00 ,155475,204,322,50,55,10,0,444,0,641
3246,03/16/2020T13:00:00 ,155475,202,324,50,55,10,0,444,0,641
3247,03/16/2020T13:10:00 ,155475,201,325,50,55,10,0,444,0,641
3248,03/16/2020T13:20:00 ,155474,202,325,49,55,10,0,445,0,641
3249,03/16/2020T13:30:00 ,155474,202,325,49,55,10,0,445,0,641
3250,03/16/2020T13:40:00 ,155474,201,325,49,54,10,0,447,0,639
3251,03/16/2020T13:50:00 ,155474,201,325,49,54,10,0,447,0,639
3252,03/16/2020T14:00:00 ,155473,202,325,49,54,10,0,447,0,640
3253,03/16/2020T14:10:00 ,155473,201,323,50,54,10,0,449,0,638
3254,03/16/2020T14:20:00 ,155473,201,323,50,54,10,0,449,0,638
3255,03/16/2020T14:30:00 ,155473,199,325,49,55,10,0,449,0,638
3256,03/16/2020T14:40:00 ,155473,199,325,49,55,10,0,449,0,638
3257,03/16/2020T14:50:00 ,155472,200,325,48,55,10,0,450,0,638
3258,03/16/2020T15:00:00 ,155472,200,325,48,55,10,0,450,0,638
3259,03/16/2020T15:10:00 ,155472,199,326,48,55,10,0,450,0,638
3260,03/16/2020T15:20:00 ,155472,199,326,48,55,10,0,450,0,638
3261,03/16/2020T15:30:00 ,155472,198,327,47,56,10,0,450,0,638
3262,03/16/2020T15:40:00 ,155472,198,327,47,56,10,0,450,0,638
3263,03/16/2020T15:50:00 ,155472,198,327,47,56,10,0,450,0,638
3264,03/16/2020T16:00:00 ,155472,198,326,47,56,10,0,451,0,637
3265,03/16/2020T16:10:00 ,155472,198,325,47,56,10,0,452,0,636
3266,03/16/2020T16:20:00 ,155472,198,324,47,56,10,0,453,0,635
3267,03/16/2020T16:30:00 ,155471,199,324,45,58,10,0,453,0,636
3268,03/16/2020T16:40:00 ,155471,199,324,45,58,10,0,453,0,636
3269,03/16/2020T16:50:00 ,155470,200,324,45,58,10,0,453,0,637
3270,03/16/2020T17:00:00 ,155470,200,324,45,58,10,0,453,0,637
3271,03/16/2020T17:10:00 ,155470,200,324,43,60,10,0,453,0,637
3272,03/16/2020T17:20:00 ,155470,200,323,43,60,10,0,454,0,636
3273,03/16/2020T17:30:00 ,155470,200,322,43,60,10,0,455,0,635
3274,03/16/2020T17:40:00 ,155470,200,322,43,59,10,0,456,0,634
3275,03/16/2020T17:50:00 ,155470,199,322,44,59,10,0,456,0,634
3276,03/16/2020T18:00:00 ,155470,198,322,44,59,10,0,457,0,633
3277,03/16/2020T18:10:00 ,155470,196,324,44,58,10,0,458,0,632
3278,03/16/2020T18:20:00 ,155469,197,324,44,58,10,0,458,0,633
3279,03/16/2020T18:30:00 ,155469,197,323,44,58,10,0,459,0,632
3280,03/16/2020T18:40:00 ,155469,197,323,44,58,10,0,459,0,632
3281,03/16/2020T18:50:00 ,155469,197,323,44,58,10,0,459,0,632
3282,03/16/2020T19:00:00 ,155469,196,324,44,58,10,0,459,0,632
3283,03/16/2020T19:10:00 ,155468,197,324,44,58,10,0,459,0,633
3284,03/16/2020T19:20:00 ,155467,196,324,43,59,10,0,461,0,632
3285,03/16/2020T19:30:00 ,155467,196,324,43,59,10,0,461,0,632
3286,03/16/2020T19:40:00 ,155467,196,324,43,59,10,0,461,0,632
3287,03/16/2020T19:50:00 ,155466,195,325,44,59,10,0,461,0,633
3288,03/16/2020T20:00:00 ,155465,196,323,44,59,10,0,463,0,632
3289,03/16/2020T20:10:00 ,155464,197,323,44,59,10,0,463,0,633
3290,03/16/2020T20:20:00 ,155464,196,323,45,58,10,0,464,0,632
3291,03/16/2020T20:30:00 ,155464,195,322,45,58,10,0,466,0,630
3292,03/16/2020T20:40:00 ,155463,194,323,45,59,10,0,466,0,631
3293,03/16/2020T20:50:00 ,155461,196,323,45,59,9,0,467,0,632
3294,03/16/2020T21:00:00 ,155460,196,324,45,59,9,0,467,0,633
3295,03/16/2020T21:10:00 ,155460,196,324,45,59,9,0,467,0,633
3296,03/16/2020T21:20:00 ,155460,196,324,45,59,9,0,467,0,633
3297,03/16/2020T21:30:00 ,155458,198,324,45,59,9,0,467,0,635
3298,03/16/2020T21:40:00 ,155457,198,325,45,59,9,0,467,0,636
3299,03/16/2020T21:50:00 ,155454,200,324,45,59,9,0,469,0,637
3300,03/16/2020T22:00:00 ,155454,199,325,45,59,9,0,469,0,637
3301,03/16/2020T22:10:00 ,155454,198,326,45,59,9,0,469,0,637
3302,03/16/2020T22:20:00 ,155454,198,326,45,58,9,0,470,0,636
3303,03/16/2020T22:30:00 ,155453,199,326,44,59,9,0,470,0,637
3304,03/16/2020T22:40:00 ,155453,198,327,43,60,9,0,470,0,637
3305,03/16/2020T22:50:00 ,155453,198,325,43,60,9,0,472,0,635
3306,03/16/2020T23:00:00 ,155453,195,327,44,60,9,0,472,0,635
3307,03/16/2020T23:10:00 ,155453,194,327,45,60,9,0,472,0,635
3308,03/16/2020T23:20:00 ,155453,191,330,45,60,9,0,472,0,635
3309,03/16/2020T23:30:00 ,155453,191,329,45,60,9,0,473,0,634
3310,03/16/2020T23:40:00 ,155452,190,329,45,61,9,0,474,0,634
3311,03/16/2020T23:50:00 ,155451,190,327,45,62,9,0,476,0,633
3312,03/17/2020T00:00:00 ,155451,190,326,45,62,9,0,477,0,632
3313,03/17/2020T00:10:00 ,155451,189,327,45,62,9,0,477,0,632
3314,03/17/2020T00:20:00 ,155451,188,328,45,62,9,0,477,0,632
3315,03/17/2020T00:30:00 ,155451,188,328,45,62,9,0,477,0,632
3316,03/17/2020T00:40:00 ,155451,188,328,45,62,9,0,477,0,632
3317,03/17/2020T00:50:00 ,155451,187,329,45,62,9,0,477,0,632
3318,03/17/2020T01:00:00 ,155451,187,327,45,62,9,0,479,0,630
3319,03/17/2020T01:10:00 ,155451,187,327,45,62,9,0,479,0,630
3320,03/17/2020T01:20:00 ,155451,187,327,45,62,9,0,479,0,630
3321,03/17/2020T01:30:00 ,155451,185,328,46,62,9,0,479,0,630
3322,03/17/2020T01:40:00 ,155451,184,329,46,62,9,0,479,0,630
3323,03/17/2020T01:50:00 ,155451,184,329,46,62,9,0,479,0,630
3324,03/17/2020T02:00:00 ,155450,183,329,47,62,9,0,480,0,630
3325,03/17/2020T02:10:00 ,155450,182,329,48,62,9,0,480,0,630
3326,03/17/2020T02:20:00 ,155450,181,329,49,62,9,0,480,0,630
3327,03/17/2020T02:30:00 ,155450,181,329,49,62,9,0,480,0,630
3328,03/17/2020T02:40:00 ,155450,181,329,49,62,9,0,480,0,630
3329,03/17/2020T02:50:00 ,155450,179,329,51,62,9,0,480,0,630
3330,03/17/2020T03:00:00 ,155450,177,329,52,62,9,0,481,0,629
3331,03/17/2020T03:10:00 ,155450,177,329,52,61,9,0,482,0,628
3332,03/17/2020T03:20:00 ,155450,177,328,52,61,9,0,483,0,627
3333,03/17/2020T03:30:00 ,155450,177,328,52,61,9,0,483,0,627
3334,03/17/2020T03:40:00 ,155450,176,329,52,61,9,0,483,0,627
3335,03/17/2020T03:50:00 ,155450,175,329,53,61,9,0,483,0,627
3336,03/17/2020T04:00:00 ,155450,174,330,53,61,9,0,483,0,627
3337,03/17/2020T04:10:00 ,155450,173,331,53,61,9,0,483,0,627
3338,03/17/2020T04:20:00 ,155450,173,331,53,61,9,0,483,0,627
3339,03/17/2020T04:30:00 ,155450,173,330,53,61,9,0,484,0,626
3340,03/17/2020T04:40:00 ,155450,173,330,53,61,9,0,484,0,626
3341,03/17/2020T04:50:00 ,155450,172,330,53,61,9,0,485,0,625
3342,03/17/2020T05:00:00 ,155450,171,328,54,61,9,0,487,0,623
3343,03/17/2020T05:10:00 ,155450,171,328,54,61,9,0,487,0,623
3344,03/17/2020T05:20:00 ,155450,170,327,54,62,9,0,488,0,622
3345,03/17/2020T05:30:00 ,155450,169,328,54,62,9,0,488,0,622
3346,03/17/2020T05:40:00 ,155450,168,329,53,63,9,0,488,0,622
3347,03/17/2020T05:50:00 ,155449,169,329,53,63,9,0,488,0,623
3348,03/17/2020T06:00:00 ,155448,170,328,53,63,9,0,489,0,623
3349,03/17/2020T06:10:00 ,155448,170,328,52,64,9,0,489,0,623
3350,03/17/2020T06:20:00 ,155448,170,327,52,64,9,0,490,0,622
3351,03/17/2020T06:30:00 ,155448,170,327,52,64,9,0,490,0,622
3352,03/17/2020T06:40:00 ,155448,169,327,53,64,9,0,490,0,622
3353,03/17/2020T06:50:00 ,155448,169,327,53,64,9,0,490,0,622
3354,03/17/2020T07:00:00 ,155448,169,327,53,64,9,0,490,0,622
3355,03/17/2020T07:10:00 ,155448,169,327,53,64,9,0,490,0,622
3356,03/17/2020T07:20:00 ,155448,169,325,53,63,9,0,493,0,619
3357,03/17/2020T07:30:00 ,155448,168,326,53,63,9,0,493,0,619
3358,03/17/2020T07:40:00 ,155448,168,326,52,64,9,0,493,0,619
3359,03/17/2020T07:50:00 ,155446,167,327,54,64,9,0,493,0,621
3360,03/17/2020T08:00:00 ,155445,168,327,54,64,9,0,493,0,622
3361,03/17/2020T08:10:00 ,155444,167,327,55,64,9,0,494,0,622
3362,03/17/2020T08:20:00 ,155437,174,327,55,64,9,0,494,0,629
3363,03/17/2020T08:30:00 ,155434,176,327,56,64,9,0,494,0,632
3364,03/17/2020T08:40:00 ,155431,179,327,56,64,9,0,494,0,635
3365,03/17/2020T08:50:00 ,155430,179,328,56,64,9,0,494,0,636
3366,03/17/2020T09:00:00 ,155426,183,328,56,64,9,0,494,0,640
3367,03/17/2020T09:10:00 ,155424,185,328,56,64,9,0,494,0,642
3368,03/17/2020T09:20:00 ,155421,188,328,56,63,9,0,495,0,644
3369,03/17/2020T09:30:00 ,155420,188,328,56,63,9,0,496,0,644
3370,03/17/2020T09:40:00 ,155418,190,327,56,63,9,0,497,0,645
3371,03/17/2020T09:50:00 ,155416,192,326,56,63,9,0,498,0,646
3372,03/17/2020T10:00:00 ,155413,195,326,56,63,9,0,498,0,649
3373,03/17/2020T10:10:00 ,155411,195,328,55,64,9,0,498,0,651
3374,03/17/2020T10:20:00 ,155409,197,328,55,63,9,0,499,0,652
3375,03/17/2020T10:30:00 ,155407,199,328,55,63,9,0,499,0,654
3376,03/17/2020T10:40:00 ,155400,206,327,55,63,9,0,500,0,660
3377,03/17/2020T10:50:00 ,155398,208,325,55,63,9,0,502,0,660
3378,03/17/2020T11:00:00 ,155394,211,326,54,64,9,0,502,0,664
3379,03/17/2020T11:10:00 ,155390,215,326,54,64,9,0,502,0,668
3380,03/17/2020T11:20:00 ,155383,222,326,54,64,9,0,502,0,675
3381,03/17/2020T11:30:00 ,155380,225,326,54,64,9,0,502,0,678
3382,03/17/2020T11:40:00 ,155378,227,324,54,64,9,0,504,0,678
3383,03/17/2020T11:50:00 ,155375,230,322,54,64,9,0,506,0,679
3384,03/17/2020T12:00:00 ,155373,231,323,54,63,9,0,507,0,680
3385,03/17/2020T12:10:00 ,155372,232,323,54,63,9,0,507,0,681
3386,03/17/2020T12:20:00 ,155371,233,322,54,63,9,0,508,0,681
3387,03/17/2020T12:30:00 ,155369,233,324,54,63,9,0,508,0,683
3388,03/17/2020T12:40:00 ,155369,233,324,54,62,9,0,509,0,682
3389,03/17/2020T12:50:00 ,155367,233,326,54,62,9,0,509,0,684
3390,03/17/2020T13:00:00 ,155366,232,327,55,62,9,0,509,0,685
3391,03/17/2020T13:10:00 ,155365,232,328,55,62,9,0,509,0,686
3392,03/17/2020T13:20:00 ,155364,231,330,55,62,9,0,509,0,687
3393,03/17/2020T13:30:00 ,155363,232,330,54,63,9,0,509,0,688
3394,03/17/2020T13:40:00 ,155360,235,330,53,64,9,0,509,0,691
3395,03/17/2020T13:50:00 ,155357,237,330,53,63,9,0,511,0,692
3396,03/17/2020T14:00:00 ,155352,241,330,53,63,9,0,512,0,696
3397,03/17/2020T14:10:00 ,155349,244,330,53,62,9,0,513,0,698
3398,03/17/2020T14:20:00 ,155346,247,330,53,62,9,0,513,0,701
3399,03/17/2020T14:30:00 ,155343,249,330,54,62,9,0,513,0,704
3400,03/17/2020T14:40:00 ,155338,254,330,54,62,9,0,513,0,709
3401,03/17/2020T14:50:00 ,155337,255,330,54,62,9,0,513,0,710
3402,03/17/2020T15:00:00 ,155336,255,331,54,62,9,0,513,0,711
3403,03/17/2020T15:10:00 ,155333,257,332,53,62,9,0,514,0,713
3404,03/17/2020T15:20:00 ,155331,259,331,53,60,9,0,517,0,712
3405,03/17/2020T15:30:00 ,155330,260,331,53,60,9,0,517,0,713
3406,03/17/2020T15:40:00 ,155329,261,331,52,61,9,0,517,0,714
3407,03/17/2020T15:50:00 ,155326,264,331,52,61,9,0,517,0,717
3408,03/17/2020T16:00:00 ,155325,264,332,52,61,9,0,517,0,718
3409,03/17/2020T16:10:00 ,155321,266,333,52,62,9,0,517,0,722
3410,03/17/2020T16:20:00 ,155318,268,333,52,62,9,0,518,0,724
3411,03/17/2020T16:30:00 ,155314,272,333,52,62,9,0,518,0,728
3412,03/17/2020T16:40:00 ,155311,274,332,53,62,9,0,519,0,730
3413,03/17/2020T16:50:00 ,155310,275,332,53,62,9,0,519,0,731
3414,03/17/2020T17:00:00 ,155310,275,332,53,62,9,0,519,0,731
3415,03/17/2020T17:10:00 ,155309,276,332,53,62,9,0,519,0,732
3416,03/17/2020T17:20:00 ,155309,274,334,53,62,9,0,519,0,732
3417,03/17/2020T17:30:00 ,155309,271,337,53,62,9,0,519,0,732
3418,03/17/2020T17:40:00 ,155309,271,337,53,62,9,0,519,0,732
3419,03/17/2020T17:50:00 ,155309,271,336,53,62,9,0,520,0,731
3420,03/17/2020T18:00:00 ,155309,270,337,53,62,9,0,520,0,731
3421,03/17/2020T18:10:00 ,155309,270,337,53,62,9,0,520,0,731
3422,03/17/2020T18:20:00 ,155308,270,338,53,62,9,0,520,0,732
3423,03/17/2020T18:30:00 ,155307,271,338,53,61,9,0,521,0,732
3424,03/17/2020T18:40:00 ,155306,270,340,53,61,9,0,521,0,733
3425,03/17/2020T18:50:00 ,155305,271,340,53,61,9,0,521,0,734
3426,03/17/2020T19:00:00 ,155305,270,340,54,61,9,0,521,0,734
3427,03/17/2020T19:10:00 ,155305,270,339,54,61,9,0,522,0,733
3428,03/17/2020T19:20:00 ,155305,269,339,55,61,9,0,522,0,733
3429,03/17/2020T19:30:00 ,155304,270,339,55,61,9,0,522,0,734
3430,03/17/2020T19:40:00 ,155304,270,338,55,60,9,0,524,0,732
3431,03/17/2020T19:50:00 ,155304,270,338,55,60,9,0,524,0,732
3432,03/17/2020T20:00:00 ,155304,270,337,55,60,9,0,525,0,731
3433,03/17/2020T20:10:00 ,155303,271,337,55,60,9,0,525,0,732
3434,03/17/2020T20:20:00 ,155302,271,337,55,60,9,0,526,0,732
3435,03/17/2020T20:30:00 ,155302,270,338,55,60,9,0,526,0,732
3436,03/17/2020T20:40:00 ,155302,269,339,55,59,9,0,527,0,731
3437,03/17/2020T20:50:00 ,155301,270,339,55,58,9,0,528,0,731
3438,03/17/2020T21:00:00 ,155301,270,339,55,58,9,0,528,0,731
3439,03/17/2020T21:10:00 ,155299,270,341,55,58,9,0,528,0,733
3440,03/17/2020T21:20:00 ,155297,271,341,55,58,9,0,529,0,734
3441,03/17/2020T21:30:00 ,155297,270,342,55,58,9,0,529,0,734
3442,03/17/2020T21:40:00 ,155297,270,341,55,58,9,0,530,0,733
3443,03/17/2020T21:50:00 ,155297,269,340,55,58,9,0,532,0,731
3444,03/17/2020T22:00:00 ,155297,268,341,55,58,9,0,532,0,731
3445,03/17/2020T22:10:00 ,155295,270,341,55,58,9,0,532,0,733
3446,03/17/2020T22:20:00 ,155295,269,341,55,58,9,0,533,0,732
3447,03/17/2020T22:30:00 ,155295,269,340,55,58,9,0,534,0,731
3448,03/17/2020T22:40:00 ,155295,268,340,55,59,9,0,534,0,731
3449,03/17/2020T22:50:00 ,155295,267,341,55,59,9,0,534,0,731
3450,03/17/2020T23:00:00 ,155295,267,341,54,60,9,0,534,0,731
3451,03/17/2020T23:10:00 ,155295,267,340,54,60,9,0,535,0,730
3452,03/17/2020T23:20:00 ,155295,267,340,53,60,9,0,536,0,729
3453,03/17/2020T23:30:00 ,155295,267,340,53,60,9,0,536,0,729
3454,03/17/2020T23:40:00 ,155295,266,341,53,60,9,0,536,0,729
3455,03/17/2020T23:50:00 ,155295,266,339,53,60,9,0,538,0,727
3456,03/18/2020T00:00:00 ,155295,266,338,53,60,9,0,539,0,726
3457,03/18/2020T00:10:00 ,155295,265,337,54,60,9,0,540,0,725
3458,03/18/2020T00:20:00 ,155294,265,336,55,60,9,0,541,0,725
3459,03/18/2020T00:30:00 ,155294,265,336,55,60,9,0,541,0,725
3460,03/18/2020T00:40:00 ,155294,265,334,54,61,9,0,543,0,723
3461,03/18/2020T00:50:00 ,155294,264,335,54,60,9,0,544,0,722
3462,03/18/2020T01:00:00 ,155294,262,336,54,60,9,0,545,0,721
3463,03/18/2020T01:10:00 ,155294,262,336,54,60,9,0,545,0,721
3464,03/18/2020T01:20:00 ,155294,262,336,54,60,9,0,545,0,721
3465,03/18/2020T01:30:00 ,155294,262,335,54,60,9,0,546,0,720
3466,03/18/2020T01:40:00 ,155294,262,335,53,61,9,0,546,0,720
3467,03/18/2020T01:50:00 ,155294,262,335,53,61,9,0,546,0,720
3468,03/18/2020T02:00:00 ,155294,262,334,52,62,9,0,547,0,719
3469,03/18/2020T02:10:00 ,155294,261,335,51,63,9,0,547,0,719
3470,03/18/2020T02:20:00 ,155294,261,334,51,63,9,0,548,0,718
3471,03/18/2020T02:30:00 ,155294,259,336,50,64,9,0,548,0,718
3472,03/18/2020T02:40:00 ,155294,259,335,50,63,9,0,550,0,716
3473,03/18/2020T02:50:00 ,155294,259,335,50,63,9,0,550,0,716
3474,03/18/2020T03:00:00 ,155294,259,335,50,63,9,0,550,0,716
3475,03/18/2020T03:10:00 ,155294,259,334,50,63,9,0,551,0,715
3476,03/18/2020T03:20:00 ,155293,258,336,50,63,9,0,551,0,716
3477,03/18/2020T03:30:00 ,155293,258,336,50,63,9,0,551,0,716
3478,03/18/2020T03:40:00 ,155293,256,337,51,63,9,0,551,0,716
3479,03/18/2020T03:50:00 ,155293,256,337,51,63,9,0,551,0,716
3480,03/18/2020T04:00:00 ,155293,256,336,51,63,9,0,552,0,715
3481,03/18/2020T04:10:00 ,155293,255,336,51,62,9,0,554,0,713
3482,03/18/2020T04:20:00 ,155293,255,336,51,62,9,0,554,0,713
3483,03/18/2020T04:30:00 ,155293,255,336,51,61,9,0,555,0,712
3484,03/18/2020T04:40:00 ,155293,255,336,51,61,9,0,555,0,712
3485,03/18/2020T04:50:00 ,155293,255,336,51,61,9,0,555,0,712
3486,03/18/2020T05:00:00 ,155293,255,335,51,61,9,0,556,0,711
3487,03/18/2020T05:10:00 ,155293,255,335,50,62,9,0,556,0,711
3488,03/18/2020T05:20:00 ,155293,255,335,50,62,9,0,556,0,711
3489,03/18/2020T05:30:00 ,155293,254,335,50,62,9,0,557,0,710
3490,03/18/2020T05:40:00 ,155293,254,333,50,62,9,0,559,0,708
3491,03/18/2020T05:50:00 ,155293,253,333,51,62,9,0,559,0,708
3492,03/18/2020T06:00:00 ,155293,252,334,51,62,9,0,559,0,708
3493,03/18/2020T06:10:00 ,155293,251,334,52,62,9,0,559,0,708
3494,03/18/2020T06:20:00 ,155293,250,334,52,62,9,0,560,0,707
3495,03/18/2020T06:30:00 ,155293,250,333,52,62,9,0,561,0,706
3496,03/18/2020T06:40:00 ,155293,250,333,50,64,9,0,561,0,706
3497,03/18/2020T06:50:00 ,155293,250,332,49,65,9,0,562,0,705
3498,03/18/2020T07:00:00 ,155293,249,333,49,65,9,0,562,0,705
3499,03/18/2020T07:10:00 ,155293,248,334,48,65,9,0,563,0,704
3500,03/18/2020T07:20:00 ,155293,248,334,48,65,9,0,563,0,704
3501,03/18/2020T07:30:00 ,155293,247,334,48,65,9,0,564,0,703
3502,03/18/2020T07:40:00 ,155293,246,334,48,66,9,0,564,0,703
3503,03/18/2020T07:50:00 ,155290,249,333,48,66,9,0,565,0,705
3504,03/18/2020T08:00:00 ,155290,249,332,47,67,9,0,566,0,704
3505,03/18/2020T08:10:00 ,155287,251,332,47,66,9,0,568,0,705
3506,03/18/2020T08:20:00 ,155284,254,332,47,66,8,1,568,0,708
3507,03/18/2020T08:30:00 ,155283,254,333,47,66,8,1,568,0,709
3508,03/18/2020T08:40:00 ,155282,255,332,47,66,8,1,569,0,709
3509,03/18/2020T08:50:00 ,155278,259,332,47,66,8,1,569,0,713
3510,03/18/2020T09:00:00 ,155276,261,331,46,67,8,1,570,0,714
3511,03/18/2020T09:10:00 ,155274,263,331,46,67,8,1,570,0,716
3512,03/18/2020T09:20:00 ,155273,263,332,45,68,8,1,570,0,717
3513,03/18/2020T09:30:00 ,155270,266,331,44,68,8,1,572,0,718
3514,03/18/2020T09:40:00 ,155265,270,330,45,68,8,1,573,0,722
3515,03/18/2020T09:50:00 ,155262,273,329,45,68,8,1,574,0,724
3516,03/18/2020T10:00:00 ,155258,276,330,45,68,8,1,574,0,728
3517,03/18/2020T10:10:00 ,155256,274,334,45,68,8,1,574,0,730
3518,03/18/2020T10:20:00 ,155256,274,334,45,68,8,1,574,0,730
3519,03/18/2020T10:30:00 ,155250,280,334,44,69,8,1,574,0,736
3520,03/18/2020T10:40:00 ,155246,283,335,44,69,8,1,574,0,740
3521,03/18/2020T10:50:00 ,155245,284,335,43,70,8,1,574,0,741
3522,03/18/2020T11:00:00 ,155244,284,336,43,70,8,1,574,0,742
3523,03/18/2020T11:10:00 ,155242,286,335,43,70,8,1,575,0,743
3524,03/18/2020T11:20:00 ,155242,286,334,43,70,8,1,576,0,742
3525,03/18/2020T11:30:00 ,155242,285,335,43,69,8,1,577,0,741
3526,03/18/2020T11:40:00 ,155240,287,334,43,69,8,1,578,0,742
3527,03/18/2020T11:50:00 ,155239,288,334,43,68,8,1,579,0,742
3528,03/18/2020T12:00:00 ,155238,287,335,43,68,8,1,580,0,742
3529,03/18/2020T12:10:00 ,155237,288,335,43,68,8,1,580,0,743
3530,03/18/2020T12:20:00 ,155236,289,335,43,68,8,1,580,0,744
3531,03/18/2020T12:30:00 ,155236,288,334,44,67,8,1,582,0,742
3532,03/18/2020T12:40:00 ,155234,289,335,44,67,8,1,582,0,744
3533,03/18/2020T12:50:00 ,155232,291,334,44,67,8,1,583,0,745
3534,03/18/2020T13:00:00 ,155228,295,334,44,67,8,1,583,0,749
3535,03/18/2020T13:10:00 ,155225,298,333,43,68,8,1,584,0,751
3536,03/18/2020T13:20:00 ,155224,299,333,42,69,8,1,584,0,752
3537,03/18/2020T13:30:00 ,155224,299,333,42,69,8,1,584,0,752
3538,03/18/2020T13:40:00 ,155223,300,332,42,69,8,1,585,0,752
3539,03/18/2020T13:50:00 ,155221,301,333,42,69,8,1,585,0,754
3540,03/18/2020T14:00:00 ,155221,301,333,42,69,8,1,585,0,754
3541,03/18/2020T14:10:00 ,155219,301,335,42,69,8,1,585,0,756
3542,03/18/2020T14:20:00 ,155218,302,335,42,69,8,1,585,0,757
3543,03/18/2020T14:30:00 ,155215,303,335,41,70,8,1,587,0,758
3544,03/18/2020T14:40:00 ,155212,306,334,41,70,8,1,588,0,760
3545,03/18/2020T14:50:00 ,155207,311,333,39,72,8,1,589,0,764
3546,03/18/2020T15:00:00 ,155205,312,334,39,72,8,1,589,0,766
3547,03/18/2020T15:10:00 ,155204,313,334,39,72,8,1,589,0,767
3548,03/18/2020T15:20:00 ,155203,314,334,39,71,8,1,590,0,767
3549,03/18/2020T15:30:00 ,155201,316,334,39,71,8,1,590,0,769
3550,03/18/2020T15:40:00 ,155199,318,334,39,71,8,1,590,0,771
3551,03/18/2020T15:50:00 ,155197,320,333,39,71,8,1,591,0,772
3552,03/18/2020T16:00:00 ,155195,322,332,39,71,8,1,592,0,773
3553,03/18/2020T16:10:00 ,155195,322,330,39,71,8,1,594,0,771
3554,03/18/2020T16:20:00 ,155193,324,330,39,70,8,1,595,0,772
3555,03/18/2020T16:30:00 ,155191,324,330,41,70,8,1,595,0,774
3556,03/18/2020T16:40:00 ,155189,325,331,41,70,8,1,595,0,776
3557,03/18/2020T16:50:00 ,155185,329,331,41,70,8,1,595,0,780
3558,03/18/2020T17:00:00 ,155184,330,329,41,70,8,1,597,0,779
3559,03/18/2020T17:10:00 ,155184,330,329,41,70,8,1,597,0,779
3560,03/18/2020T17:20:00 ,155184,330,329,41,69,8,1,598,0,778
3561,03/18/2020T17:30:00 ,155183,329,330,42,69,8,1,598,0,779
3562,03/18/2020T17:40:00 ,155183,329,329,42,69,8,1,599,0,778
3563,03/18/2020T17:50:00 ,155182,330,329,42,69,8,1,599,0,779
3564,03/18/2020T18:00:00 ,155182,329,330,42,69,8,1,599,0,779
3565,03/18/2020T18:10:00 ,155182,327,330,44,69,8,1,599,0,779
3566,03/18/2020T18:20:00 ,155182,326,329,44,69,8,1,601,0,777
3567,03/18/2020T18:30:00 ,155181,327,328,44,68,8,1,603,0,776
3568,03/18/2020T18:40:00 ,155180,328,326,44,68,8,1,605,0,775
3569,03/18/2020T18:50:00 ,155180,327,327,43,69,8,1,605,0,775
3570,03/18/2020T19:00:00 ,155180,327,327,43,69,8,1,605,0,775
3571,03/18/2020T19:10:00 ,155180,327,327,43,69,8,1,605,0,775
3572,03/18/2020T19:20:00 ,155180,327,326,43,69,8,1,606,0,774
3573,03/18/2020T19:30:00 ,155180,325,327,42,70,8,1,607,0,773
3574,03/18/2020T19:40:00 ,155180,325,327,42,70,8,1,607,0,773
3575,03/18/2020T19:50:00 ,155179,326,327,42,70,8,1,607,0,774
3576,03/18/2020T20:00:00 ,155179,326,324,42,70,8,1,610,0,771
3577,03/18/2020T20:10:00 ,155179,324,326,41,71,8,1,610,0,771
3578,03/18/2020T20:20:00 ,155179,323,327,41,71,8,1,610,0,771
3579,03/18/2020T20:30:00 ,155179,323,327,41,71,8,1,610,0,771
3580,03/18/2020T20:40:00 ,155178,324,327,41,71,8,1,610,0,772
3581,03/18/2020T20:50:00 ,155178,324,327,41,71,8,1,610,0,772
3582,03/18/2020T21:00:00 ,155178,324,327,41,71,8,1,610,0,772
3583,03/18/2020T21:10:00 ,155178,323,327,42,71,8,1,610,0,772
3584,03/18/2020T21:20:00 ,155178,322,327,43,71,8,1,610,0,772
3585,03/18/2020T21:30:00 ,155176,324,327,43,71,8,1,610,0,774
3586,03/18/2020T21:40:00 ,155176,323,327,43,71,8,1,611,0,773
3587,03/18/2020T21:50:00 ,155176,323,327,43,71,8,1,611,0,773
3588,03/18/2020T22:00:00 ,155176,323,326,43,71,8,1,612,0,772
3589,03/18/2020T22:10:00 ,155176,321,327,44,71,8,1,612,0,772
3590,03/18/2020T22:20:00 ,155176,320,327,43,72,8,1,613,0,771
3591,03/18/2020T22:30:00 ,155176,320,327,43,71,8,1,614,0,770
3592,03/18/2020T22:40:00 ,155176,320,326,42,72,8,1,615,0,769
3593,03/18/2020T22:50:00 ,155176,319,325,42,72,7,1,618,0,766
3594,03/18/2020T23:00:00 ,155176,318,326,42,72,7,1,618,0,766
3595,03/18/2020T23:10:00 ,155176,318,326,41,73,7,1,618,0,766
3596,03/18/2020T23:20:00 ,155176,317,326,42,73,7,1,618,0,766
3597,03/18/2020T23:30:00 ,155176,317,326,41,74,7,1,618,0,766
3598,03/18/2020T23:40:00 ,155176,315,328,40,75,7,1,618,0,766
3599,03/18/2020T23:50:00 ,155176,315,328,40,75,7,1,618,0,766
3600,03/19/2020T00:00:00 ,155176,315,328,39,75,7,1,619,0,765
3601,03/19/2020T00:10:00 ,155176,315,328,39,75,7,1,619,0,765
3602,03/19/2020T00:20:00 ,155176,315,328,38,76,7,1,619,0,765
3603,03/19/2020T00:30:00 ,155176,314,327,39,76,7,1,620,0,764
3604,03/19/2020T00:40:00 ,155176,314,327,39,76,7,1,620,0,764
3605,03/19/2020T00:50:00 ,155175,315,327,38,77,7,1,620,0,765
3606,03/19/2020T01:00:00 ,155175,315,327,38,76,7,1,621,0,764
3607,03/19/2020T01:10:00 ,155175,315,326,38,76,7,1,622,0,763
3608,03/19/2020T01:20:00 ,155175,313,328,38,76,7,1,622,0,763
3609,03/19/2020T01:30:00 ,155175,312,329,38,76,7,1,622,0,763
3610,03/19/2020T01:40:00 ,155175,312,329,38,76,7,1,622,0,763
3611,03/19/2020T01:50:00 ,155175,311,329,38,76,7,1,623,0,762
3612,03/19/2020T02:00:00 ,155175,311,329,38,75,7,1,624,0,761
3613,03/19/2020T02:10:00 ,155175,311,329,38,75,7,1,624,0,761
3614,03/19/2020T02:20:00 ,155175,309,330,39,75,7,1,624,0,761
3615,03/19/2020T02:30:00 ,155175,306,332,40,75,7,1,624,0,761
3616,03/19/2020T02:40:00 ,155175,305,332,41,75,7,1,624,0,761
3617,03/19/2020T02:50:00 ,155175,304,331,41,75,7,1,626,0,759
3618,03/19/2020T03:00:00 ,155174,304,332,41,75,7,1,626,0,760
3619,03/19/2020T03:10:00 ,155174,303,333,40,76,7,1,626,0,760
3620,03/19/2020T03:20:00 ,155173,304,333,40,76,7,1,626,0,761
3621,03/19/2020T03:30:00 ,155173,303,332,39,76,7,1,629,0,758
3622,03/19/2020T03:40:00 ,155173,303,332,39,76,7,1,629,0,758
3623,03/19/2020T03:50:00 ,155173,302,332,39,76,7,1,630,0,757
3624,03/19/2020T04:00:00 ,155173,302,331,39,76,7,1,631,0,756
3625,03/19/2020T04:10:00 ,155173,302,331,39,76,7,1,631,0,756
3626,03/19/2020T04:20:00 ,155173,302,329,39,76,7,1,633,0,754
3627,03/19/2020T04:30:00 ,155173,302,328,38,77,7,1,634,0,753
3628,03/19/2020T04:40:00 ,155172,303,327,38,77,7,1,635,0,753
3629,03/19/2020T04:50:00 ,155172,303,327,38,77,7,1,635,0,753
3630,03/19/2020T05:00:00 ,155170,305,326,38,77,7,1,636,0,754
3631,03/19/2020T05:10:00 ,155170,305,326,38,77,7,1,636,0,754
3632,03/19/2020T05:20:00 ,155170,304,324,38,76,7,1,640,0,750
3633,03/19/2020T05:30:00 ,155170,303,325,38,75,7,1,641,0,749
3634,03/19/2020T05:40:00 ,155170,303,325,38,75,7,1,641,0,749
3635,03/19/2020T05:50:00 ,155170,301,324,40,75,7,1,642,0,748
3636,03/19/2020T06:00:00 ,155170,301,324,39,76,7,1,642,0,748
3637,03/19/2020T06:10:00 ,155170,300,323,40,76,7,1,643,0,747
3638,03/19/2020T06:20:00 ,155170,299,323,40,76,7,1,644,0,746
3639,03/19/2020T06:30:00 ,155168,299,324,40,76,7,1,645,0,747
3640,03/19/2020T06:40:00 ,155168,298,325,40,76,7,1,645,0,747
3641,03/19/2020T06:50:00 ,155168,298,324,40,76,7,1,646,0,746
3642,03/19/2020T07:00:00 ,155168,298,324,40,76,7,1,646,0,746
3643,03/19/2020T07:10:00 ,155168,298,324,40,75,7,1,647,0,745
3644,03/19/2020T07:20:00 ,155168,298,324,40,75,6,1,648,0,744
3645,03/19/2020T07:30:00 ,155168,297,323,40,74,6,1,651,0,741
3646,03/19/2020T07:40:00 ,155168,297,323,40,74,6,1,651,0,741
3647,03/19/2020T07:50:00 ,155166,298,324,39,74,6,1,652,0,742
3648,03/19/2020T08:00:00 ,155165,298,325,39,74,6,1,652,0,743
3649,03/19/2020T08:10:00 ,155162,301,325,39,74,6,1,652,0,746
3650,03/19/2020T08:20:00 ,155161,302,325,39,74,6,1,652,0,747
3651,03/19/2020T08:30:00 ,155159,304,325,39,74,6,1,652,0,749
3652,03/19/2020T08:40:00 ,155158,304,326,39,74,6,1,652,0,750
3653,03/19/2020T08:50:00 ,155156,304,322,40,74,6,1,657,0,747
3654,03/19/2020T09:00:00 ,155155,305,322,40,74,6,1,657,0,748
3655,03/19/2020T09:10:00 ,155152,306,324,40,73,6,1,658,0,750
3656,03/19/2020T09:20:00 ,155150,308,323,40,73,6,1,659,0,751
3657,03/19/2020T09:30:00 ,155149,309,323,40,73,6,1,659,0,752
3658,03/19/2020T09:40:00 ,155148,310,323,40,72,6,1,660,0,752
3659,03/19/2020T09:50:00 ,155148,308,325,40,72,6,1,660,0,752
3660,03/19/2020T10:00:00 ,155147,309,325,40,72,6,1,660,0,753
3661,03/19/2020T10:10:00 ,155146,308,327,40,71,6,1,661,0,753
3662,03/19/2020T10:20:00 ,155145,309,327,40,71,6,1,661,0,754
3663,03/19/2020T10:30:00 ,155144,309,328,40,71,6,1,661,0,755
3664,03/19/2020T10:40:00 ,155143,310,326,40,71,6,1,663,0,754
3665,03/19/2020T10:50:00 ,155141,312,326,40,71,6,1,663,0,756
3666,03/19/2020T11:00:00 ,155137,316,326,40,71,6,1,663,0,760
3667,03/19/2020T11:10:00 ,155133,320,323,40,70,6,1,667,0,760
3668,03/19/2020T11:20:00 ,155128,325,322,40,70,6,1,668,0,764
3669,03/19/2020T11:30:00 ,155126,327,321,40,70,6,1,669,0,765
3670,03/19/2020T11:40:00 ,155125,328,319,40,70,6,1,671,0,764
3671,03/19/2020T11:50:00 ,155122,330,320,40,70,6,1,671,0,767
3672,03/19/2020T12:00:00 ,155121,331,319,40,70,6,1,672,0,767
3673,03/19/2020T12:10:00 ,155118,333,320,40,70,6,1,672,0,770
3674,03/19/2020T12:20:00 ,155117,333,321,40,70,6,1,672,0,771
3675,03/19/2020T12:30:00 ,155115,334,320,41,70,6,1,673,0,772
3676,03/19/2020T12:40:00 ,155114,335,320,41,70,6,1,673,0,773
3677,03/19/2020T12:50:00 ,155114,334,319,41,70,6,1,675,0,771
3678,03/19/2020T13:00:00 ,155112,335,319,40,72,6,1,675,0,773
3679,03/19/2020T13:10:00 ,155110,337,319,40,72,6,1,675,0,775
3680,03/19/2020T13:20:00 ,155109,338,319,40,71,6,1,676,0,775
3681,03/19/2020T13:30:00 ,155108,339,318,40,70,6,1,678,0,774
3682,03/19/2020T13:40:00 ,155107,340,317,40,70,6,1,679,0,774
3683,03/19/2020T13:50:00 ,155107,340,317,40,70,6,1,679,0,774
3684,03/19/2020T14:00:00 ,155106,341,317,40,70,6,1,679,0,775
3685,03/19/2020T14:10:00 ,155104,343,317,40,70,6,1,679,0,777
3686,03/19/2020T14:20:00 ,155104,338,321,41,69,6,1,680,0,776
3687,03/19/2020T14:30:00 ,155103,338,320,41,69,6,1,682,0,775
3688,03/19/2020T14:40:00 ,155101,339,319,42,69,6,1,683,0,776
3689,03/19/2020T14:50:00 ,155099,339,320,43,69,6,1,683,0,778
3690,03/19/2020T15:00:00 ,155095,343,320,43,69,6,1,683,0,782
3691,03/19/2020T15:10:00 ,155094,344,320,43,69,6,1,683,0,783
3692,03/19/2020T15:20:00 ,155093,345,320,43,69,6,1,683,0,784
3693,03/19/2020T15:30:00 ,155091,347,320,43,69,6,1,683,0,786
3694,03/19/2020T15:40:00 ,155091,347,320,43,69,6,1,683,0,786
3695,03/19/2020T15:50:00 ,155091,347,319,43,69,6,1,684,0,785
3696,03/19/2020T16:00:00 ,155087,351,319,43,69,6,1,684,0,789
3697,03/19/2020T16:10:00 ,155087,350,320,43,68,6,1,685,0,788
3698,03/19/2020T16:20:00 ,155086,351,320,43,68,6,1,685,0,789
3699,03/19/2020T16:30:00 ,155085,352,320,43,68,6,1,685,0,790
3700,03/19/2020T16:40:00 ,155084,353,320,42,69,6,1,685,0,791
3701,03/19/2020T16:50:00 ,155084,351,322,42,68,6,1,686,0,790
3702,03/19/2020T17:00:00 ,155081,353,321,43,68,6,1,687,0,792
3703,03/19/2020T17:10:00 ,155079,355,321,43,68,6,1,687,0,794
3704,03/19/2020T17:20:00 ,155078,356,321,43,68,6,1,687,0,795
3705,03/19/2020T17:30:00 ,155078,354,322,44,68,6,1,687,0,795
3706,03/19/2020T17:40:00 ,155077,355,321,44,68,6,1,688,0,795
3707,03/19/2020T17:50:00 ,155076,356,320,43,68,7,1,689,0,795
3708,03/19/2020T18:00:00 ,155074,358,320,43,68,7,1,689,0,797
3709,03/19/2020T18:10:00 ,155074,358,320,43,68,7,1,689,0,797
3710,03/19/2020T18:20:00 ,155073,359,320,43,68,7,1,689,0,798
3711,03/19/2020T18:30:00 ,155073,359,320,43,68,7,1,689,0,798
3712,03/19/2020T18:40:00 ,155073,358,320,43,67,7,1,691,0,796
3713,03/19/2020T18:50:00 ,155073,358,319,43,67,7,1,692,0,795
3714,03/19/2020T19:00:00 ,155073,357,320,43,67,7,1,692,0,795
3715,03/19/2020T19:10:00 ,155072,356,321,44,67,7,1,692,0,796
3716,03/19/2020T19:20:00 ,155072,355,322,44,67,7,1,692,0,796
3717,03/19/2020T19:30:00 ,155072,355,321,44,66,7,1,694,0,794
3718,03/19/2020T19:40:00 ,155072,354,321,45,66,7,1,694,0,794
3719,03/19/2020T19:50:00 ,155072,353,321,45,65,7,1,696,0,792
3720,03/19/2020T20:00:00 ,155071,351,323,45,65,7,1,697,0,792
3721,03/19/2020T20:10:00 ,155069,352,324,44,66,7,1,697,0,794
3722,03/19/2020T20:20:00 ,155069,352,322,44,65,7,1,700,0,791
3723,03/19/2020T20:30:00 ,155069,350,323,44,65,7,1,701,0,790
3724,03/19/2020T20:40:00 ,155069,349,323,44,65,7,1,702,0,789
3725,03/19/2020T20:50:00 ,155069,349,322,44,64,7,1,704,0,787
3726,03/19/2020T21:00:00 ,155069,348,322,45,64,7,1,704,0,787
3727,03/19/2020T21:10:00 ,155068,348,322,45,64,7,1,705,0,787
3728,03/19/2020T21:20:00 ,155068,347,322,45,64,7,1,706,0,786
3729,03/19/2020T21:30:00 ,155068,346,322,45,64,7,1,707,0,785
3730,03/19/2020T21:40:00 ,155068,345,322,46,64,7,1,707,0,785
3731,03/19/2020T21:50:00 ,155068,344,323,45,65,7,1,707,0,785
3732,03/19/2020T22:00:00 ,155068,343,322,45,65,7,1,709,0,783
3733,03/19/2020T22:10:00 ,155068,343,322,45,65,7,1,709,0,783
3734,03/19/2020T22:20:00 ,155068,342,323,45,65,7,1,709,0,783
3735,03/19/2020T22:30:00 ,155068,342,323,45,65,7,1,709,0,783
3736,03/19/2020T22:40:00 ,155068,341,322,45,65,7,1,711,0,781
3737,03/19/2020T22:50:00 ,155068,340,323,44,66,7,1,711,0,781
3738,03/19/2020T23:00:00 ,155067,340,324,44,66,7,1,711,0,782
3739,03/19/2020T23:10:00 ,155067,339,324,45,66,7,1,711,0,782
3740,03/19/2020T23:20:00 ,155067,339,324,44,67,7,1,711,0,782
3741,03/19/2020T23:30:00 ,155067,337,326,44,67,7,1,711,0,782
3742,03/19/2020T23:40:00 ,155067,337,326,44,67,7,1,711,0,782
3743,03/19/2020T23:50:00 ,155067,336,327,44,67,7,1,711,0,782
3744,03/20/2020T00:00:00 ,155066,337,326,43,68,7,1,712,0,782
3745,03/20/2020T00:10:00 ,155066,337,325,43,68,7,1,713,0,781
3746,03/20/2020T00:20:00 ,155066,337,324,43,68,7,1,714,0,780
3747,03/20/2020T00:30:00 ,155066,337,322,43,68,7,1,716,0,778
3748,03/20/2020T00:40:00 ,155065,338,322,43,68,7,1,716,0,779
3749,03/20/2020T00:50:00 ,155065,338,322,43,68,7,1,716,0,779
3750,03/20/2020T01:00:00 ,155065,338,320,43,68,7,1,718,0,777
3751,03/20/2020T01:10:00 ,155065,338,320,43,68,7,1,718,0,777
3752,03/20/2020T01:20:00 ,155065,337,321,42,69,7,1,718,0,777
3753,03/20/2020T01:30:00 ,155065,337,321,42,69,7,1,718,0,777
3754,03/20/2020T01:40:00 ,155065,337,320,42,69,7,1,719,0,776
3755,03/20/2020T01:50:00 ,155065,337,319,42,68,7,1,721,0,774
3756,03/20/2020T02:00:00 ,155065,337,317,42,68,7,1,723,0,772
3757,03/20/2020T02:10:00 ,155065,337,317,42,68,7,1,723,0,772
3758,03/20/2020T02:20:00 ,155065,337,317,42,68,7,1,723,0,772
3759,03/20/2020T02:30:00 ,155065,337,316,42,68,7,1,724,0,771
3760,03/20/2020T02:40:00 ,155065,337,314,42,68,7,1,726,0,769
3761,03/20/2020T02:50:00 ,155065,337,312,41,69,7,1,728,0,767
3762,03/20/2020T03:00:00 ,155065,336,312,41,69,7,1,729,0,766
3763,03/20/2020T03:10:00 ,155065,334,313,41,69,7,1,730,0,765
3764,03/20/2020T03:20:00 ,155064,335,313,41,69,7,1,730,0,766
3765,03/20/2020T03:30:00 ,155063,336,312,41,68,8,1,731,0,766
3766,03/20/2020T03:40:00 ,155063,336,311,41,68,8,1,732,0,765
3767,03/20/2020T03:50:00 ,155063,332,311,43,68,8,1,734,0,763
3768,03/20/2020T04:00:00 ,155063,331,310,44,67,8,1,736,0,761
3769,03/20/2020T04:10:00 ,155062,331,310,45,67,8,1,736,0,762
3770,03/20/2020T04:20:00 ,155062,328,313,45,66,8,1,737,0,761
3771,03/20/2020T04:30:00 ,155061,326,316,45,66,8,1,737,0,762
3772,03/20/2020T04:40:00 ,155060,326,315,43,69,8,1,738,0,762
3773,03/20/2020T04:50:00 ,155059,327,314,42,70,8,1,739,0,762
3774,03/20/2020T05:00:00 ,155059,327,313,42,70,8,1,740,0,761
3775,03/20/2020T05:10:00 ,155059,327,313,42,70,8,1,740,0,761
3776,03/20/2020T05:20:00 ,155058,326,314,43,70,8,1,740,0,762
3777,03/20/2020T05:30:00 ,155058,324,315,44,70,8,1,740,0,762
3778,03/20/2020T05:40:00 ,155058,323,315,44,70,8,1,741,0,761
3779,03/20/2020T05:50:00 ,155058,323,315,44,70,8,1,741,0,761
3780,03/20/2020T06:00:00 ,155058,322,314,45,70,8,1,742,0,760
3781,03/20/2020T06:10:00 ,155058,322,314,45,70,8,1,742,0,760
3782,03/20/2020T06:20:00 ,155058,319,315,46,70,8,1,743,0,759
3783,03/20/2020T06:30:00 ,155057,317,317,47,70,8,1,743,0,760
3784,03/20/2020T06:40:00 ,155057,316,318,47,70,8,1,743,0,760
3785,03/20/2020T06:50:00 ,155057,314,319,47,70,8,1,744,0,759
3786,03/20/2020T07:00:00 ,155057,312,321,47,70,8,1,744,0,759
3787,03/20/2020T07:10:00 ,155057,311,321,47,70,8,1,745,0,758
3788,03/20/2020T07:20:00 ,155056,310,322,48,70,8,1,745,0,759
3789,03/20/2020T07:30:00 ,155056,309,322,49,70,8,1,745,0,759
3790,03/20/2020T07:40:00 ,155055,310,322,48,71,8,1,745,0,760
3791,03/20/2020T07:50:00 ,155053,309,323,49,71,8,1,746,0,761
3792,03/20/2020T08:00:00 ,155051,309,325,49,71,8,1,746,0,763
3793,03/20/2020T08:10:00 ,155049,311,324,49,71,8,1,747,0,764
3794,03/20/2020T08:20:00 ,155046,312,325,50,71,8,1,747,0,767
3795,03/20/2020T08:30:00 ,155041,314,327,50,72,8,1,747,0,772
3796,03/20/2020T08:40:00 ,155039,315,326,51,72,8,1,748,0,773
3797,03/20/2020T08:50:00 ,155037,317,326,51,72,8,1,748,0,775
3798,03/20/2020T09:00:00 ,155035,319,325,51,72,8,1,749,0,776
3799,03/20/2020T09:10:00 ,155033,321,325,51,72,8,1,749,0,778
3800,03/20/2020T09:20:00 ,155032,321,326,51,72,8,1,749,0,779
3801,03/20/2020T09:30:00 ,155028,325,326,51,72,8,1,749,0,783
3802,03/20/2020T09:40:00 ,155027,325,327,50,73,8,1,749,0,784
3803,03/20/2020T09:50:00 ,155026,324,329,50,73,8,1,749,0,785
3804,03/20/2020T10:00:00 ,155024,325,330,50,73,8,1,749,0,787
3805,03/20/2020T10:10:00 ,155023,326,330,50,73,8,1,749,0,788
3806,03/20/2020T10:20:00 ,155022,325,330,51,73,8,1,750,0,788
3807,03/20/2020T10:30:00 ,155021,326,330,51,73,8,1,750,0,789
3808,03/20/2020T10:40:00 ,155020,326,331,51,73,8,1,750,0,790
3809,03/20/2020T10:50:00 ,155018,328,330,51,73,8,1,751,0,791
3810,03/20/2020T11:00:00 ,155018,328,330,51,73,8,1,751,0,791
3811,03/20/2020T11:10:00 ,155014,331,330,51,73,8,1,752,0,794
3812,03/20/2020T11:20:00 ,155012,333,329,51,73,8,1,753,0,795
3813,03/20/2020T11:30:00 ,155010,334,329,50,74,8,1,754,0,796
3814,03/20/2020T11:40:00 ,155006,337,330,50,74,8,1,754,0,800
3815,03/20/2020T11:50:00 ,155003,339,330,51,74,8,1,754,0,803
3816,03/20/2020T12:00:00 ,155001,341,329,51,73,8,1,756,0,803
3817,03/20/2020T12:10:00 ,154998,344,329,51,73,8,1,756,0,806
3818,03/20/2020T12:20:00 ,154998,344,328,51,73,8,1,757,0,805
3819,03/20/2020T12:30:00 ,154996,345,329,51,73,8,1,757,0,807
3820,03/20/2020T12:40:00 ,154996,344,330,51,73,8,1,757,0,807
3821,03/20/2020T12:50:00 ,154993,346,330,51,73,8,1,758,0,809
3822,03/20/2020T13:00:00 ,154990,349,330,51,73,8,1,758,0,812
3823,03/20/2020T13:10:00 ,154990,346,331,52,73,8,1,759,0,811
3824,03/20/2020T13:20:00 ,154990,345,332,52,73,8,1,759,0,811
3825,03/20/2020T13:30:00 ,154989,346,332,52,73,8,1,759,0,812
3826,03/20/2020T13:40:00 ,154988,345,334,52,72,7,1,761,0,811
3827,03/20/2020T13:50:00 ,154986,347,333,52,72,7,1,762,0,812
3828,03/20/2020T14:00:00 ,154985,348,333,52,72,7,1,762,0,813
3829,03/20/2020T14:10:00 ,154984,348,333,52,72,7,1,763,0,813
3830,03/20/2020T14:20:00 ,154982,350,333,51,72,7,1,764,0,814
3831,03/20/2020T14:30:00 ,154981,351,333,51,72,7,1,764,0,815
3832,03/20/2020T14:40:00 ,154981,349,335,51,72,7,1,764,0,815
3833,03/20/2020T14:50:00 ,154980,350,335,51,72,7,1,764,0,816
3834,03/20/2020T15:00:00 ,154979,350,335,51,72,7,1,765,0,816
3835,03/20/2020T15:10:00 ,154979,348,336,51,72,7,1,766,0,815
3836,03/20/2020T15:20:00 ,154979,348,336,50,73,7,1,766,0,815
3837,03/20/2020T15:30:00 ,154976,349,337,51,73,7,1,766,0,818
3838,03/20/2020T15:40:00 ,154976,349,337,51,73,7,1,766,0,818
3839,03/20/2020T15:50:00 ,154974,351,337,51,73,7,1,766,0,820
3840,03/20/2020T16:00:00 ,154972,352,337,52,73,7,1,766,0,822
3841,03/20/2020T16:10:00 ,154971,352,338,52,73,7,1,766,0,823
3842,03/20/2020T16:20:00 ,154969,354,337,52,72,7,1,768,0,823
3843,03/20/2020T16:30:00 ,154968,353,339,52,71,7,1,769,0,823
3844,03/20/2020T16:40:00 ,154967,354,338,52,71,7,1,770,0,823
3845,03/20/2020T16:50:00 ,154966,355,338,52,71,7,1,770,0,824
3846,03/20/2020T17:00:00 ,154963,357,338,52,71,7,1,771,0,826
3847,03/20/2020T17:10:00 ,154962,355,340,52,71,7,1,772,0,826
3848,03/20/2020T17:20:00 ,154960,357,340,51,71,7,1,773,0,827
3849,03/20/2020T17:30:00 ,154959,358,340,50,72,7,1,773,0,828
3850,03/20/2020T17:40:00 ,154959,358,340,50,72,7,1,773,0,828
3851,03/20/2020T17:50:00 ,154957,359,340,51,72,7,1,773,0,830
3852,03/20/2020T18:00:00 ,154956,359,341,51,72,7,1,773,0,831
3853,03/20/2020T18:10:00 ,154956,358,340,52,72,7,1,774,0,830
3854,03/20/2020T18:20:00 ,154955,359,339,52,72,7,1,775,0,830
3855,03/20/2020T18:30:00 ,154955,359,339,52,72,7,1,775,0,830
3856,03/20/2020T18:40:00 ,154955,359,339,52,71,7,1,776,0,829
3857,03/20/2020T18:50:00 ,154955,359,339,52,71,7,1,776,0,829
3858,03/20/2020T19:00:00 ,154955,358,340,51,72,7,1,776,0,829
3859,03/20/2020T19:10:00 ,154955,358,340,51,72,7,1,776,0,829
3860,03/20/2020T19:20:00 ,154955,355,342,52,72,7,1,776,0,829
3861,03/20/2020T19:30:00 ,154955,355,342,52,71,7,1,777,0,828
3862,03/20/2020T19:40:00 ,154955,353,342,53,71,7,1,778,0,827
3863,03/20/2020T19:50:00 ,154955,353,341,53,71,7,1,779,0,826
3864,03/20/2020T20:00:00 ,154955,352,342,53,71,7,1,779,0,826
3865,03/20/2020T20:10:00 ,154954,352,343,52,72,7,1,779,0,827
3866,03/20/2020T20:20:00 ,154953,350,346,52,72,7,1,779,0,828
3867,03/20/2020T20:30:00 ,154953,349,346,53,72,7,1,779,0,828
3868,03/20/2020T20:40:00 ,154953,348,347,53,72,7,1,779,0,828
3869,03/20/2020T20:50:00 ,154952,348,348,52,73,7,1,779,0,829
3870,03/20/2020T21:00:00 ,154952,348,348,52,73,7,1,779,0,829
3871,03/20/2020T21:10:00 ,154950,350,348,52,72,7,1,780,0,830
3872,03/20/2020T21:20:00 ,154950,349,349,52,72,7,1,780,0,830
3873,03/20/2020T21:30:00 ,154949,349,350,51,72,8,1,780,0,831
3874,03/20/2020T21:40:00 ,154949,349,350,51,72,8,1,780,0,831
3875,03/20/2020T21:50:00 ,154948,349,350,51,72,8,1,781,0,831
3876,03/20/2020T22:00:00 ,154947,350,350,51,72,8,1,781,0,832
3877,03/20/2020T22:10:00 ,154946,351,348,51,72,8,1,783,0,831
3878,03/20/2020T22:20:00 ,154946,351,347,51,72,8,1,784,0,830
3879,03/20/2020T22:30:00 ,154945,351,348,51,72,8,1,784,0,831
3880,03/20/2020T22:40:00 ,154945,349,349,52,72,8,1,784,0,831
3881,03/20/2020T22:50:00 ,154944,350,349,52,72,8,1,784,0,832
3882,03/20/2020T23:00:00 ,154944,350,349,52,72,8,1,784,0,832
3883,03/20/2020T23:10:00 ,154944,350,349,52,72,8,1,784,0,832
3884,03/20/2020T23:20:00 ,154944,350,349,52,72,8,1,784,0,832
3885,03/20/2020T23:30:00 ,154944,348,349,53,72,8,1,785,0,831
3886,03/20/2020T23:40:00 ,154943,347,349,52,73,8,1,787,0,830
3887,03/20/2020T23:50:00 ,154943,346,350,52,72,8,1,788,0,829
3888,03/21/2020T00:00:00 ,154943,346,349,52,72,8,1,789,0,828
3889,03/21/2020T00:10:00 ,154943,344,350,53,72,8,1,789,0,828
3890,03/21/2020T00:20:00 ,154942,345,349,53,72,8,1,790,0,828
3891,03/21/2020T00:30:00 ,154941,346,348,53,72,8,1,791,0,828
3892,03/21/2020T00:40:00 ,154940,346,349,53,71,8,1,792,0,828
3893,03/21/2020T00:50:00 ,154940,346,348,53,71,8,1,793,0,827
3894,03/21/2020T01:00:00 ,154940,345,347,54,70,8,1,795,0,825
3895,03/21/2020T01:10:00 ,154939,346,346,54,70,8,1,796,0,825
3896,03/21/2020T01:20:00 ,154939,344,347,54,70,8,1,797,0,824
3897,03/21/2020T01:30:00 ,154939,343,348,53,71,8,1,797,0,824
3898,03/21/2020T01:40:00 ,154939,340,350,54,71,8,1,797,0,824
3899,03/21/2020T01:50:00 ,154939,336,353,55,71,8,1,797,0,824
3900,03/21/2020T02:00:00 ,154939,336,353,54,72,8,1,797,0,824
3901,03/21/2020T02:10:00 ,154939,335,354,54,72,8,1,797,0,824
3902,03/21/2020T02:20:00 ,154939,335,353,54,72,8,1,798,0,823
3903,03/21/2020T02:30:00 ,154939,335,352,53,73,8,1,799,0,822
3904,03/21/2020T02:40:00 ,154939,335,352,53,73,8,1,799,0,822
3905,03/21/2020T02:50:00 ,154939,335,351,53,73,8,1,800,0,821
3906,03/21/2020T03:00:00 ,154939,335,351,53,73,8,1,800,0,821
3907,03/21/2020T03:10:00 ,154939,334,351,54,73,8,1,800,0,821
3908,03/21/2020T03:20:00 ,154938,335,351,54,72,8,1,801,0,821
3909,03/21/2020T03:30:00 ,154938,333,353,54,72,8,1,801,0,821
3910,03/21/2020T03:40:00 ,154937,333,353,53,73,8,1,802,0,821
3911,03/21/2020T03:50:00 ,154937,333,353,53,73,8,1,802,0,821
3912,03/21/2020T04:00:00 ,154937,333,352,53,73,8,1,803,0,820
3913,03/21/2020T04:10:00 ,154935,334,352,53,72,8,1,805,0,820
3914,03/21/2020T04:20:00 ,154935,331,353,55,72,8,1,805,0,820
3915,03/21/2020T04:30:00 ,154935,330,353,55,72,8,1,806,0,819
3916,03/21/2020T04:40:00 ,154935,329,354,55,72,8,1,806,0,819
3917,03/21/2020T04:50:00 ,154935,328,355,55,72,8,1,806,0,819
3918,03/21/2020T05:00:00 ,154935,328,355,55,72,8,1,806,0,819
3919,03/21/2020T05:10:00 ,154935,328,355,54,73,8,1,806,0,819
3920,03/21/2020T05:20:00 ,154935,327,356,54,73,8,1,806,0,819
3921,03/21/2020T05:30:00 ,154935,327,356,54,72,8,1,807,0,818
3922,03/21/2020T05:40:00 ,154935,327,354,54,72,8,1,809,0,816
3923,03/21/2020T05:50:00 ,154935,326,354,54,72,8,1,810,0,815
3924,03/21/2020T06:00:00 ,154935,324,355,54,73,8,1,810,0,815
3925,03/21/2020T06:10:00 ,154935,323,356,54,73,8,1,810,0,815
3926,03/21/2020T06:20:00 ,154935,321,357,54,73,8,1,811,0,814
3927,03/21/2020T06:30:00 ,154935,320,357,55,73,8,1,811,0,814
3928,03/21/2020T06:40:00 ,154935,319,358,54,74,8,1,811,0,814
3929,03/21/2020T06:50:00 ,154934,320,358,53,75,8,1,811,0,815
3930,03/21/2020T07:00:00 ,154934,317,360,53,74,8,1,813,0,813
3931,03/21/2020T07:10:00 ,154933,318,360,53,74,8,1,813,0,814
3932,03/21/2020T07:20:00 ,154933,318,360,53,74,8,1,813,0,814
3933,03/21/2020T07:30:00 ,154932,319,359,53,74,8,1,814,0,814
3934,03/21/2020T07:40:00 ,154931,320,359,53,74,8,1,814,0,815
3935,03/21/2020T07:50:00 ,154931,320,359,53,74,8,1,814,0,815
3936,03/21/2020T08:00:00 ,154929,322,359,53,74,8,1,814,0,817
3937,03/21/2020T08:10:00 ,154927,323,360,53,74,8,1,814,0,819
3938,03/21/2020T08:20:00 ,154926,322,362,53,74,8,1,814,0,820
3939,03/21/2020T08:30:00 ,154923,324,362,52,75,8,1,815,0,822
3940,03/21/2020T08:40:00 ,154921,326,359,52,75,8,1,818,0,821
3941,03/21/2020T08:50:00 ,154920,327,359,52,74,8,1,819,0,821
3942,03/21/2020T09:00:00 ,154917,330,359,52,74,8,1,819,0,824
3943,03/21/2020T09:10:00 ,154916,331,359,52,74,8,1,819,0,825
3944,03/21/2020T09:20:00 ,154911,335,359,52,74,8,1,820,0,829
3945,03/21/2020T09:30:00 ,154908,338,358,52,74,8,1,821,0,831
3946,03/21/2020T09:40:00 ,154907,339,357,51,75,8,1,822,0,831
3947,03/21/2020T09:50:00 ,154905,341,356,51,75,8,1,823,0,832
3948,03/21/2020T10:00:00 ,154905,341,356,50,76,8,1,823,0,832
3949,03/21/2020T10:10:00 ,154901,343,358,50,76,8,1,823,0,836
3950,03/21/2020T10:20:00 ,154897,347,355,50,75,8,1,827,0,836
3951,03/21/2020T10:30:00 ,154894,350,355,50,75,8,1,827,0,839
3952,03/21/2020T10:40:00 ,154893,351,354,50,75,8,1,828,0,839
3953,03/21/2020T10:50:00 ,154892,352,354,50,75,8,1,828,0,840
3954,03/21/2020T11:00:00 ,154891,352,355,50,74,9,1,828,0,841
3955,03/21/2020T11:10:00 ,154890,353,355,50,74,9,1,828,0,842
3956,03/21/2020T11:20:00 ,154888,353,356,50,75,9,1,828,0,844
3957,03/21/2020T11:30:00 ,154886,353,357,51,75,9,1,828,0,846
3958,03/21/2020T11:40:00 ,154885,353,357,52,75,9,1,828,0,847
3959,03/21/2020T11:50:00 ,154883,355,357,52,75,9,1,828,0,849
3960,03/21/2020T12:00:00 ,154882,356,355,52,75,9,1,830,0,848
3961,03/21/2020T12:10:00 ,154880,358,355,52,75,9,1,830,0,850
3962,03/21/2020T12:20:00 ,154879,359,355,52,75,9,1,830,0,851
3963,03/21/2020T12:30:00 ,154878,360,355,52,74,10,1,830,0,852
3964,03/21/2020T12:40:00 ,154875,362,355,52,74,10,1,831,0,854
3965,03/21/2020T12:50:00 ,154875,361,356,52,74,10,1,831,0,854
3966,03/21/2020T13:00:00 ,154874,360,358,52,74,10,1,831,0,855
3967,03/21/2020T13:10:00 ,154872,362,357,52,74,10,1,832,0,856
3968,03/21/2020T13:20:00 ,154872,362,357,51,75,10,1,832,0,856
3969,03/21/2020T13:30:00 ,154869,365,357,51,75,10,1,832,0,859
3970,03/21/2020T13:40:00 ,154867,366,357,52,75,10,1,832,0,861
3971,03/21/2020T13:50:00 ,154866,366,358,52,75,10,1,832,0,862
3972,03/21/2020T14:00:00 ,154863,368,359,52,75,10,1,832,0,865
3973,03/21/2020T14:10:00 ,154862,367,360,52,75,10,1,833,0,865
3974,03/21/2020T14:20:00 ,154861,368,360,52,75,10,1,833,0,866
3975,03/21/2020T14:30:00 ,154859,370,360,52,75,10,1,833,0,868
3976,03/21/2020T14:40:00 ,154856,370,363,52,74,10,1,834,0,870
3977,03/21/2020T14:50:00 ,154853,372,363,52,73,11,1,835,0,872
3978,03/21/2020T15:00:00 ,154853,370,364,53,73,11,1,835,0,872
3979,03/21/2020T15:10:00 ,154853,370,364,53,73,11,1,835,0,872
3980,03/21/2020T15:20:00 ,154851,372,364,53,73,11,1,835,0,874
3981,03/21/2020T15:30:00 ,154845,378,363,53,73,11,1,836,0,879
3982,03/21/2020T15:40:00 ,154844,378,364,53,73,11,1,836,0,880
3983,03/21/2020T15:50:00 ,154844,376,363,54,72,11,1,839,0,877
3984,03/21/2020T16:00:00 ,154842,378,363,53,73,11,1,839,0,879
3985,03/21/2020T16:10:00 ,154842,378,363,53,72,11,1,840,0,878
3986,03/21/2020T16:20:00 ,154838,382,363,53,72,11,1,840,0,882
3987,03/21/2020T16:30:00 ,154835,384,362,53,72,11,1,842,0,883
3988,03/21/2020T16:40:00 ,154832,387,362,53,71,12,1,842,0,886
3989,03/21/2020T16:50:00 ,154830,389,362,52,72,12,1,842,0,888
3990,03/21/2020T17:00:00 ,154827,392,362,52,71,13,1,842,0,891
3991,03/21/2020T17:10:00 ,154827,389,363,53,71,13,1,843,0,890
3992,03/21/2020T17:20:00 ,154827,389,363,53,71,13,1,843,0,890
3993,03/21/2020T17:30:00 ,154827,388,363,53,72,13,1,843,0,890
3994,03/21/2020T17:40:00 ,154827,388,363,53,72,13,1,843,0,890
3995,03/21/2020T17:50:00 ,154827,387,364,52,73,13,1,843,0,890
3996,03/21/2020T18:00:00 ,154826,388,364,52,73,13,1,843,0,891
3997,03/21/2020T18:10:00 ,154826,387,364,52,72,13,1,845,0,889
3998,03/21/2020T18:20:00 ,154826,386,364,52,72,13,1,846,0,888
3999,03/21/2020T18:30:00 ,154825,384,367,52,72,13,1,846,0,889
4000,03/21/2020T18:40:00 ,154825,384,367,52,70,13,1,848,0,887
4001,03/21/2020T18:50:00 ,154825,384,367,51,71,13,1,848,0,887
4002,03/21/2020T19:00:00 ,154825,384,366,51,71,13,1,849,0,886
4003,03/21/2020T19:10:00 ,154825,384,365,51,71,13,1,850,0,885
4004,03/21/2020T19:20:00 ,154825,384,365,51,71,13,1,850,0,885
4005,03/21/2020T19:30:00 ,154825,384,363,51,71,13,1,852,0,883
4006,03/21/2020T19:40:00 ,154825,383,363,51,71,13,1,853,0,882
4007,03/21/2020T19:50:00 ,154825,382,364,51,71,13,1,853,0,882
4008,03/21/2020T20:00:00 ,154825,382,363,51,71,13,1,854,0,881
4009,03/21/2020T20:10:00 ,154825,381,362,51,71,13,1,856,0,879
4010,03/21/2020T20:20:00 ,154823,380,364,51,71,13,1,857,0,880
4011,03/21/2020T20:30:00 ,154823,378,366,50,72,13,1,857,0,880
4012,03/21/2020T20:40:00 ,154823,378,365,50,72,13,1,858,0,879
4013,03/21/2020T20:50:00 ,154823,375,365,51,72,13,1,860,0,877
4014,03/21/2020T21:00:00 ,154821,376,366,51,72,13,1,860,0,879
4015,03/21/2020T21:10:00 ,154820,377,366,50,73,13,1,860,0,880
4016,03/21/2020T21:20:00 ,154818,379,364,50,73,13,1,862,0,880
4017,03/21/2020T21:30:00 ,154816,380,364,49,74,13,1,863,0,881
4018,03/21/2020T21:40:00 ,154815,380,365,48,75,13,1,863,0,882
4019,03/21/2020T21:50:00 ,154815,379,362,48,74,14,1,867,0,878
4020,03/21/2020T22:00:00 ,154814,380,362,48,74,14,1,867,0,879
4021,03/21/2020T22:10:00 ,154813,381,361,47,75,14,1,868,0,879
4022,03/21/2020T22:20:00 ,154811,383,360,47,75,14,1,869,0,880
4023,03/21/2020T22:30:00 ,154811,382,360,46,76,14,1,870,0,879
4024,03/21/2020T22:40:00 ,154811,381,360,47,76,14,1,870,0,879
4025,03/21/2020T22:50:00 ,154811,380,360,47,76,14,1,871,0,878
4026,03/21/2020T23:00:00 ,154811,379,361,47,76,14,1,871,0,878
4027,03/21/2020T23:10:00 ,154810,380,360,47,76,14,1,872,0,878
4028,03/21/2020T23:20:00 ,154810,379,361,47,76,14,1,872,0,878
4029,03/21/2020T23:30:00 ,154808,380,361,48,75,14,1,873,0,879
4030,03/21/2020T23:40:00 ,154808,379,361,47,75,14,1,875,0,877
4031,03/21/2020T23:50:00 ,154808,377,362,48,75,14,1,875,0,877
4032,03/22/2020T00:00:00 ,154808,377,361,47,76,14,1,876,0,876
4033,03/22/2020T00:10:00 ,154807,377,362,47,76,14,1,876,0,877
4034,03/22/2020T00:20:00 ,154807,375,364,47,76,14,1,876,0,877
4035,03/22/2020T00:30:00 ,154806,376,362,47,76,14,1,878,0,876
4036,03/22/2020T00:40:00 ,154804,377,362,48,76,14,1,878,0,878
4037,03/22/2020T00:50:00 ,154804,377,362,48,76,14,1,878,0,878
4038,03/22/2020T01:00:00 ,154804,377,360,48,76,14,1,880,0,876
4039,03/22/2020T01:10:00 ,154804,374,362,48,76,14,1,881,0,875
4040,03/22/2020T01:20:00 ,154803,373,363,48,76,14,1,882,0,875
4041,03/22/2020T01:30:00 ,154803,373,363,48,76,14,1,882,0,875
4042,03/22/2020T01:40:00 ,154802,372,365,48,76,14,1,882,0,876
4043,03/22/2020T01:50:00 ,154802,371,366,48,76,14,1,882,0,876
4044,03/22/2020T02:00:00 ,154802,371,366,48,76,14,1,882,0,876
4045,03/22/2020T02:10:00 ,154802,370,367,48,76,14,1,882,0,876
4046,03/22/2020T02:20:00 ,154802,369,368,48,76,14,1,882,0,876
4047,03/22/2020T02:30:00 ,154802,366,368,48,75,14,1,886,0,872
4048,03/22/2020T02:40:00 ,154802,364,370,48,75,14,1,886,0,872
4049,03/22/2020T02:50:00 ,154802,363,370,48,75,14,1,887,0,871
4050,03/22/2020T03:00:00 ,154802,363,369,48,75,14,1,888,0,870
4051,03/22/2020T03:10:00 ,154802,363,369,48,74,14,1,889,0,869
4052,03/22/2020T03:20:00 ,154802,361,370,49,74,14,1,889,0,869
4053,03/22/2020T03:30:00 ,154802,359,371,49,73,14,1,891,0,867
4054,03/22/2020T03:40:00 ,154802,358,370,49,73,14,1,893,0,865
4055,03/22/2020T03:50:00 ,154802,358,370,48,74,14,1,893,0,865
4056,03/22/2020T04:00:00 ,154802,358,370,48,74,14,1,893,0,865
4057,03/22/2020T04:10:00 ,154801,358,370,47,75,14,1,894,0,865
4058,03/22/2020T04:20:00 ,154801,356,372,47,75,14,1,894,0,865
4059,03/22/2020T04:30:00 ,154801,356,372,47,74,14,1,895,0,864
4060,03/22/2020T04:40:00 ,154801,356,372,47,74,14,1,895,0,864
4061,03/22/2020T04:50:00 ,154801,356,371,47,74,14,1,896,0,863
4062,03/22/2020T05:00:00 ,154801,356,371,47,74,14,1,896,0,863
4063,03/22/2020T05:10:00 ,154800,357,371,47,74,14,1,896,0,864
4064,03/22/2020T05:20:00 ,154799,358,370,47,72,14,1,899,0,862
4065,03/22/2020T05:30:00 ,154799,357,371,47,71,14,1,900,0,861
4066,03/22/2020T05:40:00 ,154799,354,373,47,72,14,1,900,0,861
4067,03/22/2020T05:50:00 ,154799,352,375,47,72,14,1,900,0,861
4068,03/22/2020T06:00:00 ,154798,351,376,46,73,14,1,901,0,861
4069,03/22/2020T06:10:00 ,154798,349,377,47,70,14,1,904,0,858
4070,03/22/2020T06:20:00 ,154798,348,378,47,70,14,1,904,0,858
4071,03/22/2020T06:30:00 ,154798,348,378,47,70,14,1,904,0,858
4072,03/22/2020T06:40:00 ,154798,347,379,46,71,14,1,904,0,858
4073,03/22/2020T06:50:00 ,154798,347,379,45,72,14,1,904,0,858
4074,03/22/2020T07:00:00 ,154798,346,378,45,72,14,1,906,0,856
4075,03/22/2020T07:10:00 ,154798,344,380,45,71,14,1,907,0,855
4076,03/22/2020T07:20:00 ,154798,344,378,44,72,14,1,909,0,853
4077,03/22/2020T07:30:00 ,154798,341,380,44,71,14,1,911,0,851
4078,03/22/2020T07:40:00 ,154797,341,381,44,71,14,1,911,0,852
4079,03/22/2020T07:50:00 ,154797,341,380,44,71,14,1,912,0,851
4080,03/22/2020T08:00:00 ,154797,339,381,45,71,14,1,912,0,851
4081,03/22/2020T08:10:00 ,154797,339,380,45,71,14,1,913,0,850
4082,03/22/2020T08:20:00 ,154797,339,379,45,71,14,1,914,0,849
4083,03/22/2020T08:30:00 ,154797,338,380,44,71,14,1,915,0,848
4084,03/22/2020T08:40:00 ,154797,338,380,44,71,15,0,915,0,848
4085,03/22/2020T08:50:00 ,154796,339,378,44,71,15,0,917,0,847
4086,03/22/2020T09:00:00 ,154795,340,378,44,71,15,0,917,0,848
4087,03/22/2020T09:10:00 ,154795,340,378,44,71,15,0,917,0,848
4088,03/22/2020T09:20:00 ,154795,339,379,43,72,15,0,917,0,848
4089,03/22/2020T09:30:00 ,154795,339,379,43,72,15,0,917,0,848
4090,03/22/2020T09:40:00 ,154795,336,381,44,72,15,0,917,0,848
4091,03/22/2020T09:50:00 ,154795,334,382,45,72,15,0,917,0,848
4092,03/22/2020T10:00:00 ,154795,333,383,45,72,15,0,917,0,848
4093,03/22/2020T10:10:00 ,154794,334,382,44,73,15,0,918,0,848
4094,03/22/2020T10:20:00 ,154794,334,382,44,73,15,0,918,0,848
4095,03/22/2020T10:30:00 ,154794,334,382,44,73,15,0,918,0,848
4096,03/22/2020T10:40:00 ,154794,334,381,44,73,15,0,919,0,847
4097,03/22/2020T10:50:00 ,154794,334,380,44,73,15,0,920,0,846
4098,03/22/2020T11:00:00 ,154794,333,381,44,73,15,0,920,0,846
4099,03/22/2020T11:10:00 ,154793,334,380,44,73,15,0,921,0,846
4100,03/22/2020T11:20:00 ,154793,333,380,45,73,15,0,921,0,846
4101,03/22/2020T11:30:00 ,154793,332,381,45,73,15,0,921,0,846
4102,03/22/2020T11:40:00 ,154793,332,380,45,73,15,0,922,0,845
4103,03/22/2020T11:50:00 ,154793,332,380,45,73,15,0,922,0,845
4104,03/22/2020T12:00:00 ,154793,332,378,45,73,15,0,924,0,843
4105,03/22/2020T12:10:00 ,154793,331,378,45,73,15,0,925,0,842
4106,03/22/2020T12:20:00 ,154793,329,380,45,73,15,0,925,0,842
4107,03/22/2020T12:30:00 ,154793,329,380,44,74,15,0,925,0,842
4108,03/22/2020T12:40:00 ,154793,329,378,44,74,15,0,927,0,840
4109,03/22/2020T12:50:00 ,154793,329,378,44,74,15,0,927,0,840
4110,03/22/2020T13:00:00 ,154793,328,378,45,74,15,0,927,0,840
4111,03/22/2020T13:10:00 ,154793,327,379,45,74,15,0,927,0,840
4112,03/22/2020T13:20:00 ,154793,326,379,44,75,15,0,928,0,839
4113,03/22/2020T13:30:00 ,154793,324,380,45,75,15,0,928,0,839
4114,03/22/2020T13:40:00 ,154793,323,380,45,75,15,0,929,0,838
4115,03/22/2020T13:50:00 ,154793,322,380,45,75,15,0,930,0,837
4116,03/22/2020T14:00:00 ,154793,320,381,45,76,15,0,930,0,837
4117,03/22/2020T14:10:00 ,154793,319,381,46,76,15,0,930,0,837
4118,03/22/2020T14:20:00 ,154793,319,380,45,77,15,0,931,0,836
4119,03/22/2020T14:30:00 ,154793,318,381,45,77,15,0,931,0,836
4120,03/22/2020T14:40:00 ,154793,317,382,45,77,15,0,931,0,836
4121,03/22/2020T14:50:00 ,154793,315,384,45,77,15,0,931,0,836
4122,03/22/2020T15:00:00 ,154793,315,383,45,77,15,0,932,0,835
4123,03/22/2020T15:10:00 ,154792,316,383,45,77,15,0,932,0,836
4124,03/22/2020T15:20:00 ,154792,316,381,45,77,15,0,934,0,834
4125,03/22/2020T15:30:00 ,154792,315,381,46,77,15,0,934,0,834
4126,03/22/2020T15:40:00 ,154792,315,380,46,76,15,0,936,0,832
4127,03/22/2020T15:50:00 ,154792,314,381,46,76,15,0,936,0,832
4128,03/22/2020T16:00:00 ,154792,312,382,46,76,15,0,937,0,831
4129,03/22/2020T16:10:00 ,154792,312,382,46,76,15,0,937,0,831
4130,03/22/2020T16:20:00 ,154792,312,382,46,76,15,0,937,0,831
4131,03/22/2020T16:30:00 ,154792,311,383,46,76,15,0,937,0,831
4132,03/22/2020T16:40:00 ,154792,311,382,46,76,15,0,938,0,830
4133,03/22/2020T16:50:00 ,154792,310,383,46,76,15,0,938,0,830
4134,03/22/2020T17:00:00 ,154792,309,383,47,75,15,0,939,0,829
4135,03/22/2020T17:10:00 ,154792,309,383,47,75,15,0,939,0,829
4136,03/22/2020T17:20:00 ,154792,308,384,47,75,15,0,939,0,829
4137,03/22/2020T17:30:00 ,154791,308,385,47,74,15,0,940,0,829
4138,03/22/2020T17:40:00 ,154791,307,386,47,74,15,0,940,0,829
4139,03/22/2020T17:50:00 ,154791,305,387,47,74,15,0,941,0,828
4140,03/22/2020T18:00:00 ,154791,305,387,45,76,15,0,941,0,828
4141,03/22/2020T18:10:00 ,154790,306,386,44,77,15,0,942,0,828
4142,03/22/2020T18:20:00 ,154790,304,387,45,77,15,0,942,0,828
4143,03/22/2020T18:30:00 ,154790,304,387,45,77,15,0,942,0,828
4144,03/22/2020T18:40:00 ,154790,303,387,45,77,15,0,943,0,827
4145,03/22/2020T18:50:00 ,154790,301,389,44,78,15,0,943,0,827
4146,03/22/2020T19:00:00 ,154790,300,389,44,79,15,0,943,0,827
4147,03/22/2020T19:10:00 ,154789,299,390,45,79,15,0,943,0,828
4148,03/22/2020T19:20:00 ,154789,299,389,45,79,15,0,944,0,827
4149,03/22/2020T19:30:00 ,154788,299,390,45,79,15,0,944,0,828
4150,03/22/2020T19:40:00 ,154787,299,391,45,79,15,0,944,0,829
4151,03/22/2020T19:50:00 ,154787,296,394,45,79,15,0,944,0,829
4152,03/22/2020T20:00:00 ,154786,296,394,46,79,15,0,944,0,830
4153,03/22/2020T20:10:00 ,154786,296,394,46,79,15,0,944,0,830
4154,03/22/2020T20:20:00 ,154786,296,394,46,79,15,0,944,0,830
4155,03/22/2020T20:30:00 ,154783,299,392,46,78,15,0,947,0,830
4156,03/22/2020T20:40:00 ,154783,298,392,46,77,15,0,949,0,828
4157,03/22/2020T20:50:00 ,154780,300,392,46,77,15,0,950,0,830
4158,03/22/2020T21:00:00 ,154775,304,393,46,77,15,0,950,0,835
4159,03/22/2020T21:10:00 ,154775,303,394,46,77,15,0,950,0,835
4160,03/22/2020T21:20:00 ,154775,301,394,47,77,15,0,951,0,834
4161,03/22/2020T21:30:00 ,154774,302,393,47,77,15,0,952,0,834
4162,03/22/2020T21:40:00 ,154774,301,394,46,78,15,0,952,0,834
4163,03/22/2020T21:50:00 ,154773,300,393,48,78,15,0,953,0,834
4164,03/22/2020T22:00:00 ,154773,300,393,48,78,15,0,953,0,834
4165,03/22/2020T22:10:00 ,154773,296,395,49,78,15,0,954,0,833
4166,03/22/2020T22:20:00 ,154773,296,395,49,78,15,0,954,0,833
4167,03/22/2020T22:30:00 ,154773,296,394,49,78,15,0,955,0,832
4168,03/22/2020T22:40:00 ,154772,293,396,51,78,15,0,955,0,833
4169,03/22/2020T22:50:00 ,154772,293,396,51,78,15,0,955,0,833
4170,03/22/2020T23:00:00 ,154772,293,396,51,78,15,0,955,0,833
4171,03/22/2020T23:10:00 ,154772,293,396,51,78,15,0,955,0,833
4172,03/22/2020T23:20:00 ,154772,293,396,51,78,15,0,955,0,833
4173,03/22/2020T23:30:00 ,154772,293,395,51,78,15,0,956,0,832
4174,03/22/2020T23:40:00 ,154772,289,396,53,78,15,0,957,0,831
4175,03/22/2020T23:50:00 ,154772,288,396,52,79,15,0,958,0,830
4176,03/23/2020T00:00:00 ,154771,289,395,52,79,15,0,959,0,830
4177,03/23/2020T00:10:00 ,154771,287,396,51,80,15,0,960,0,829
4178,03/23/2020T00:20:00 ,154771,287,396,51,80,15,0,960,0,829
4179,03/23/2020T00:30:00 ,154769,288,397,51,80,15,0,960,0,831
4180,03/23/2020T00:40:00 ,154769,286,398,50,82,15,0,960,0,831
4181,03/23/2020T00:50:00 ,154769,285,399,50,82,15,0,960,0,831
4182,03/23/2020T01:00:00 ,154768,286,398,50,82,15,0,961,0,831
4183,03/23/2020T01:10:00 ,154768,285,398,50,82,15,0,962,0,830
4184,03/23/2020T01:20:00 ,154768,285,398,50,82,15,0,962,0,830
4185,03/23/2020T01:30:00 ,154768,285,397,50,82,15,0,963,0,829
4186,03/23/2020T01:40:00 ,154768,284,398,50,81,15,0,964,0,828
4187,03/23/2020T01:50:00 ,154767,285,397,50,81,15,0,965,0,828
4188,03/23/2020T02:00:00 ,154767,285,397,50,81,15,0,965,0,828
4189,03/23/2020T02:10:00 ,154766,282,399,52,79,15,0,967,0,827
4190,03/23/2020T02:20:00 ,154765,281,401,52,79,15,0,967,0,828
4191,03/23/2020T02:30:00 ,154765,281,400,52,79,15,0,968,0,827
4192,03/23/2020T02:40:00 ,154765,280,400,52,79,15,0,969,0,826
4193,03/23/2020T02:50:00 ,154763,280,401,50,81,15,0,970,0,827
4194,03/23/2020T03:00:00 ,154762,280,400,50,81,15,0,972,0,826
4195,03/23/2020T03:10:00 ,154762,280,399,50,81,15,0,973,0,825
4196,03/23/2020T03:20:00 ,154762,280,399,49,82,15,0,973,0,825
4197,03/23/2020T03:30:00 ,154762,279,399,49,82,15,0,974,0,824
4198,03/23/2020T03:40:00 ,154762,279,399,48,83,15,0,974,0,824
4199,03/23/2020T03:50:00 ,154760,281,399,47,84,15,0,974,0,826
4200,03/23/2020T04:00:00 ,154759,282,397,47,84,15,0,976,0,825
4201,03/23/2020T04:10:00 ,154759,282,395,47,83,15,0,979,0,822
4202,03/23/2020T04:20:00 ,154758,280,398,47,83,15,0,979,0,823
4203,03/23/2020T04:30:00 ,154758,280,397,46,83,15,0,981,0,821
4204,03/23/2020T04:40:00 ,154758,280,397,46,83,15,0,981,0,821
4205,03/23/2020T04:50:00 ,154758,279,398,46,83,15,0,981,0,821
4206,03/23/2020T05:00:00 ,154758,279,398,46,83,15,0,981,0,821
4207,03/23/2020T05:10:00 ,154758,278,399,45,84,15,0,981,0,821
4208,03/23/2020T05:20:00 ,154758,276,400,45,84,15,0,982,0,820
4209,03/23/2020T05:30:00 ,154757,276,401,45,84,15,0,982,0,821
4210,03/23/2020T05:40:00 ,154757,275,401,46,84,15,0,982,0,821
4211,03/23/2020T05:50:00 ,154757,275,400,46,83,15,0,984,0,819
4212,03/23/2020T06:00:00 ,154757,274,401,46,81,16,0,985,0,818
4213,03/23/2020T06:10:00 ,154757,273,400,46,81,16,0,987,0,816
4214,03/23/2020T06:20:00 ,154757,272,401,46,81,16,0,987,0,816
4215,03/23/2020T06:30:00 ,154757,271,401,47,81,16,0,987,0,816
4216,03/23/2020T06:40:00 ,154757,270,401,48,81,16,0,987,0,816
4217,03/23/2020T06:50:00 ,154757,270,401,48,81,16,0,987,0,816
4218,03/23/2020T07:00:00 ,154757,270,401,48,81,16,0,987,0,816
4219,03/23/2020T07:10:00 ,154757,269,401,47,82,16,0,988,0,815
4220,03/23/2020T07:20:00 ,154757,268,400,48,80,16,0,991,0,812
4221,03/23/2020T07:30:00 ,154757,268,400,48,80,16,0,991,0,812
4222,03/23/2020T07:40:00 ,154757,266,402,48,80,16,0,991,0,812
4223,03/23/2020T07:50:00 ,154757,266,401,48,80,16,0,992,0,811
4224,03/23/2020T08:00:00 ,154757,266,401,48,80,16,0,992,0,811
4225,03/23/2020T08:10:00 ,154757,265,402,48,80,16,0,992,0,811
4226,03/23/2020T08:20:00 ,154757,265,402,48,80,16,0,992,0,811
4227,03/23/2020T08:30:00 ,154756,265,403,48,80,16,0,992,0,812
4228,03/23/2020T08:40:00 ,154756,265,403,48,79,16,0,993,0,811
4229,03/23/2020T08:50:00 ,154756,264,403,49,79,16,0,993,0,811
4230,03/23/2020T09:00:00 ,154756,263,404,48,80,16,0,993,0,811
4231,03/23/2020T09:10:00 ,154754,264,404,48,80,16,0,994,0,812
4232,03/23/2020T09:20:00 ,154754,263,405,47,81,16,0,994,0,812
4233,03/23/2020T09:30:00 ,154754,262,405,48,80,16,0,995,0,811
4234,03/23/2020T09:40:00 ,154754,262,404,48,80,16,0,996,0,810
4235,03/23/2020T09:50:00 ,154753,261,406,48,80,16,0,996,0,811
4236,03/23/2020T10:00:00 ,154752,262,406,48,80,16,0,996,0,812
4237,03/23/2020T10:10:00 ,154752,261,406,48,80,16,0,997,0,811
4238,03/23/2020T10:20:00 ,154751,262,406,48,80,16,0,997,0,812
4239,03/23/2020T10:30:00 ,154751,262,406,48,80,16,0,997,0,812
4240,03/23/2020T10:40:00 ,154751,262,405,48,80,16,0,998,0,811
4241,03/23/2020T10:50:00 ,154751,261,405,48,80,16,0,999,0,810
4242,03/23/2020T11:00:00 ,154749,262,406,48,80,16,0,999,0,812
4243,03/23/2020T11:10:00 ,154749,261,406,48,80,16,0,1000,0,811
4244,03/23/2020T11:20:00 ,154748,262,404,48,80,16,0,1002,0,810
4245,03/23/2020T11:30:00 ,154748,261,405,48,80,16,0,1002,0,810
4246,03/23/2020T11:40:00 ,154748,260,405,48,80,16,0,1003,0,809
4247,03/23/2020T11:50:00 ,154748,259,405,48,80,16,0,1004,0,808
4248,03/23/2020T12:00:00 ,154748,259,405,48,80,16,0,1004,0,808
4249,03/23/2020T12:10:00 ,154748,257,407,48,80,16,0,1004,0,808
4250,03/23/2020T12:20:00 ,154748,256,408,48,80,16,0,1004,0,808
4251,03/23/2020T12:30:00 ,154748,255,408,49,80,16,0,1004,0,808
4252,03/23/2020T12:40:00 ,154747,256,407,49,80,16,0,1005,0,808
4253,03/23/2020T12:50:00 ,154747,256,405,49,80,16,0,1007,0,806
4254,03/23/2020T13:00:00 ,154747,255,405,50,78,16,0,1009,0,804
4255,03/23/2020T13:10:00 ,154747,255,405,49,79,16,0,1009,0,804
4256,03/23/2020T13:20:00 ,154747,255,405,48,80,16,0,1009,0,804
4257,03/23/2020T13:30:00 ,154746,255,404,49,80,16,0,1010,0,804
4258,03/23/2020T13:40:00 ,154746,255,403,48,81,16,0,1011,0,803
4259,03/23/2020T13:50:00 ,154745,255,404,48,80,16,0,1012,0,803
4260,03/23/2020T14:00:00 ,154743,254,405,49,80,16,0,1013,0,804
4261,03/23/2020T14:10:00 ,154743,252,406,49,80,16,0,1014,0,803
4262,03/23/2020T14:20:00 ,154742,252,407,49,80,16,0,1014,0,804
4263,03/23/2020T14:30:00 ,154742,252,406,49,80,16,0,1015,0,803
4264,03/23/2020T14:40:00 ,154742,251,407,49,80,16,0,1015,0,803
4265,03/23/2020T14:50:00 ,154742,248,408,50,79,16,0,1017,0,801
4266,03/23/2020T15:00:00 ,154742,248,408,50,79,16,0,1017,0,801
4267,03/23/2020T15:10:00 ,154740,248,409,50,79,16,0,1018,0,802
4268,03/23/2020T15:20:00 ,154740,248,409,49,79,16,0,1019,0,801
4269,03/23/2020T15:30:00 ,154739,249,408,49,79,16,0,1020,0,801
4270,03/23/2020T15:40:00 ,154739,247,409,50,78,16,0,1021,0,800
4271,03/23/2020T15:50:00 ,154738,248,406,49,78,16,0,1025,0,797
4272,03/23/2020T16:00:00 ,154738,248,406,49,78,16,0,1025,0,797
4273,03/23/2020T16:10:00 ,154738,248,404,49,77,16,0,1028,0,794
4274,03/23/2020T16:20:00 ,154738,248,403,49,77,16,0,1029,0,793
4275,03/23/2020T16:30:00 ,154738,246,405,49,77,16,0,1029,0,793
4276,03/23/2020T16:40:00 ,154738,246,404,49,77,16,0,1030,0,792
4277,03/23/2020T16:50:00 ,154737,246,403,50,77,16,0,1031,0,792
4278,03/23/2020T17:00:00 ,154737,246,403,50,77,16,0,1031,0,792
4279,03/23/2020T17:10:00 ,154737,244,405,49,78,16,0,1031,0,792
4280,03/23/2020T17:20:00 ,154737,243,406,48,79,16,0,1031,0,792
4281,03/23/2020T17:30:00 ,154737,241,407,49,79,16,0,1031,0,792
4282,03/23/2020T17:40:00 ,154737,240,408,49,79,16,0,1031,0,792
4283,03/23/2020T17:50:00 ,154737,240,407,49,79,16,0,1032,0,791
4284,03/23/2020T18:00:00 ,154737,239,406,49,80,16,0,1033,0,790
4285,03/23/2020T18:10:00 ,154737,239,405,49,80,16,0,1034,0,789
4286,03/23/2020T18:20:00 ,154737,239,405,49,80,16,0,1034,0,789
4287,03/23/2020T18:30:00 ,154737,238,405,50,80,16,0,1034,0,789
4288,03/23/2020T18:40:00 ,154737,237,405,50,80,16,0,1035,0,788
4289,03/23/2020T18:50:00 ,154737,235,406,50,80,16,0,1036,0,787
4290,03/23/2020T19:00:00 ,154737,235,406,50,80,16,0,1036,0,787
4291,03/23/2020T19:10:00 ,154735,234,408,51,80,16,0,1036,0,789
4292,03/23/2020T19:20:00 ,154734,234,408,52,80,16,0,1036,0,790
4293,03/23/2020T19:30:00 ,154734,234,407,52,80,16,0,1037,0,789
4294,03/23/2020T19:40:00 ,154734,232,408,53,80,16,0,1037,0,789
4295,03/23/2020T19:50:00 ,154734,232,408,52,81,16,0,1037,0,789
4296,03/23/2020T20:00:00 ,154734,232,408,52,81,16,0,1037,0,789
4297,03/23/2020T20:10:00 ,154734,231,409,52,81,16,0,1037,0,789
4298,03/23/2020T20:20:00 ,154731,233,410,52,81,16,0,1037,0,792
4299,03/23/2020T20:30:00 ,154731,232,411,51,82,16,0,1037,0,792
4300,03/23/2020T20:40:00 ,154730,232,411,51,82,16,0,1038,0,792
4301,03/23/2020T20:50:00 ,154727,232,412,52,82,16,0,1039,0,794
4302,03/23/2020T21:00:00 ,154725,232,413,53,82,16,0,1039,0,796
4303,03/23/2020T21:10:00 ,154724,233,413,53,82,16,0,1039,0,797
4304,03/23/2020T21:20:00 ,154723,233,414,52,82,16,0,1040,0,797
4305,03/23/2020T21:30:00 ,154721,234,415,52,82,16,0,1040,0,799
4306,03/23/2020T21:40:00 ,154721,233,415,52,82,16,0,1041,0,798
4307,03/23/2020T21:50:00 ,154720,232,417,52,82,15,1,1041,0,799
4308,03/23/2020T22:00:00 ,154720,232,417,51,83,15,1,1041,0,799
4309,03/23/2020T22:10:00 ,154720,231,417,51,81,16,1,1043,0,797
4310,03/23/2020T22:20:00 ,154720,231,417,51,81,16,1,1043,0,797
4311,03/23/2020T22:30:00 ,154719,232,416,51,81,16,1,1044,0,797
4312,03/23/2020T22:40:00 ,154719,231,416,52,81,16,1,1044,0,797
4313,03/23/2020T22:50:00 ,154718,232,415,52,81,16,1,1045,0,797
4314,03/23/2020T23:00:00 ,154718,231,416,52,81,16,1,1045,0,797
4315,03/23/2020T23:10:00 ,154718,231,415,52,81,16,1,1046,0,796
4316,03/23/2020T23:20:00 ,154718,231,415,52,81,16,1,1046,0,796
4317,03/23/2020T23:30:00 ,154718,229,415,53,81,16,1,1047,0,795
4318,03/23/2020T23:40:00 ,154718,229,415,53,81,16,1,1047,0,795
4319,03/23/2020T23:50:00 ,154718,229,414,53,81,16,1,1048,0,794
4320,03/24/2020T00:00:00 ,154718,229,414,53,81,16,1,1048,0,794
4321,03/24/2020T00:10:00 ,154718,227,415,53,81,16,1,1049,0,793
4322,03/24/2020T00:20:00 ,154717,227,416,53,81,16,1,1049,0,794
4323,03/24/2020T00:30:00 ,154717,226,417,53,81,16,1,1049,0,794
4324,03/24/2020T00:40:00 ,154716,227,417,52,82,16,1,1049,0,795
4325,03/24/2020T00:50:00 ,154716,227,415,52,82,16,1,1051,0,793
4326,03/24/2020T01:00:00 ,154716,227,414,52,82,16,1,1052,0,792
4327,03/24/2020T01:10:00 ,154716,227,413,52,82,16,1,1053,0,791
4328,03/24/2020T01:20:00 ,154716,226,414,52,81,16,1,1054,0,790
4329,03/24/2020T01:30:00 ,154716,226,414,52,81,16,1,1054,0,790
4330,03/24/2020T01:40:00 ,154716,225,414,53,81,16,1,1054,0,790
4331,03/24/2020T01:50:00 ,154716,224,414,54,81,16,1,1054,0,790
4332,03/24/2020T02:00:00 ,154715,225,414,54,81,16,1,1054,0,791
4333,03/24/2020T02:10:00 ,154715,223,413,55,81,16,1,1056,0,789
4334,03/24/2020T02:20:00 ,154715,223,412,55,80,17,1,1057,0,788
4335,03/24/2020T02:30:00 ,154714,223,413,54,81,17,1,1057,0,789
4336,03/24/2020T02:40:00 ,154714,223,413,54,81,17,1,1057,0,789
4337,03/24/2020T02:50:00 ,154713,221,415,55,81,17,1,1057,0,790
4338,03/24/2020T03:00:00 ,154713,221,415,55,81,17,1,1057,0,790
4339,03/24/2020T03:10:00 ,154713,220,416,55,81,17,1,1057,0,790
4340,03/24/2020T03:20:00 ,154713,219,417,55,81,17,1,1057,0,790
4341,03/24/2020T03:30:00 ,154713,217,418,56,81,17,1,1057,0,790
4342,03/24/2020T03:40:00 ,154713,217,418,55,82,17,1,1057,0,790
4343,03/24/2020T03:50:00 ,154713,215,418,55,82,16,2,1059,0,788
4344,03/24/2020T04:00:00 ,154712,216,416,55,82,16,2,1061,0,787
4345,03/24/2020T04:10:00 ,154712,214,417,56,82,16,2,1061,0,787
4346,03/24/2020T04:20:00 ,154711,215,417,56,82,16,2,1061,0,788
4347,03/24/2020T04:30:00 ,154711,214,416,56,82,16,2,1063,0,786
4348,03/24/2020T04:40:00 ,154711,211,416,58,82,16,2,1064,0,785
4349,03/24/2020T04:50:00 ,154711,210,416,58,82,16,2,1065,0,784
4350,03/24/2020T05:00:00 ,154711,209,416,59,82,16,2,1065,0,784
4351,03/24/2020T05:10:00 ,154711,209,416,59,82,16,2,1065,0,784
4352,03/24/2020T05:20:00 ,154709,211,416,57,84,16,2,1065,0,786
4353,03/24/2020T05:30:00 ,154709,211,415,57,84,16,2,1066,0,785
4354,03/24/2020T05:40:00 ,154709,210,414,57,85,16,2,1067,0,784
4355,03/24/2020T05:50:00 ,154709,210,414,57,85,16,2,1067,0,784
4356,03/24/2020T06:00:00 ,154708,209,415,58,85,16,2,1067,0,785
4357,03/24/2020T06:10:00 ,154708,209,415,58,84,16,2,1068,0,784
4358,03/24/2020T06:20:00 ,154708,209,415,58,84,16,2,1068,0,784
4359,03/24/2020T06:30:00 ,154708,209,413,58,84,16,2,1070,0,782
4360,03/24/2020T06:40:00 ,154708,209,412,58,84,16,2,1071,0,781
4361,03/24/2020T06:50:00 ,154708,208,412,58,84,16,2,1072,0,780
4362,03/24/2020T07:00:00 ,154707,209,411,58,83,16,2,1074,0,779
4363,03/24/2020T07:10:00 ,154707,208,411,58,83,16,2,1075,0,778
4364,03/24/2020T07:20:00 ,154706,207,413,58,83,16,2,1075,0,779
4365,03/24/2020T07:30:00 ,154706,206,411,59,83,16,2,1077,0,777
4366,03/24/2020T07:40:00 ,154706,204,412,59,84,16,2,1077,0,777
4367,03/24/2020T07:50:00 ,154706,204,411,59,84,16,2,1078,0,776
4368,03/24/2020T08:00:00 ,154705,205,410,59,84,16,2,1079,0,776
4369,03/24/2020T08:10:00 ,154704,206,410,58,85,16,2,1079,0,777
4370,03/24/2020T08:20:00 ,154699,210,409,58,85,16,2,1081,0,780
4371,03/24/2020T08:30:00 ,154694,215,408,58,85,16,2,1082,0,784
4372,03/24/2020T08:40:00 ,154692,216,407,58,85,16,2,1084,0,784
4373,03/24/2020T08:50:00 ,154689,219,406,58,85,16,2,1085,0,786
4374,03/24/2020T09:00:00 ,154685,222,405,58,85,15,2,1088,0,787
4375,03/24/2020T09:10:00 ,154681,225,406,56,87,15,2,1088,0,791
4376,03/24/2020T09:20:00 ,154678,226,406,57,87,15,2,1089,0,793
4377,03/24/2020T09:30:00 ,154676,228,406,56,88,15,2,1089,0,795
4378,03/24/2020T09:40:00 ,154672,232,405,56,88,15,2,1090,0,798
4379,03/24/2020T09:50:00 ,154667,236,406,56,88,15,2,1090,0,803
4380,03/24/2020T10:00:00 ,154666,236,407,55,89,15,2,1090,0,804
4381,03/24/2020T10:10:00 ,154664,237,408,55,88,15,2,1091,0,805
4382,03/24/2020T10:20:00 ,154658,243,406,55,88,15,2,1093,0,809
4383,03/24/2020T10:30:00 ,154654,247,406,55,88,15,2,1093,0,813
4384,03/24/2020T10:40:00 ,154650,250,407,54,88,15,2,1094,0,816
4385,03/24/2020T10:50:00 ,154645,253,408,55,88,15,2,1094,0,821
4386,03/24/2020T11:00:00 ,154641,257,408,55,88,15,2,1094,0,825
4387,03/24/2020T11:10:00 ,154634,262,409,56,88,15,2,1094,0,832
4388,03/24/2020T11:20:00 ,154628,267,410,56,88,15,2,1094,0,838
4389,03/24/2020T11:30:00 ,154626,267,412,56,88,15,2,1094,0,840
4390,03/24/2020T11:40:00 ,154624,268,413,56,88,15,2,1094,0,842
4391,03/24/2020T11:50:00 ,154618,273,413,56,88,15,2,1095,0,847
4392,03/24/2020T12:00:00 ,154611,280,413,56,88,15,2,1095,0,854
4393,03/24/2020T12:10:00 ,154608,282,414,56,88,15,2,1095,0,857
4394,03/24/2020T12:20:00 ,154608,282,414,56,88,15,2,1095,0,857
4395,03/24/2020T12:30:00 ,154603,286,414,56,88,15,2,1096,0,861
4396,03/24/2020T12:40:00 ,154599,290,414,56,88,15,2,1096,0,865
4397,03/24/2020T12:50:00 ,154599,290,414,56,88,15,2,1096,0,865
4398,03/24/2020T13:00:00 ,154593,296,414,56,88,15,2,1096,0,871
4399,03/24/2020T13:10:00 ,154592,296,415,56,88,15,2,1096,0,872
4400,03/24/2020T13:20:00 ,154590,296,416,56,88,15,2,1097,0,873
4401,03/24/2020T13:30:00 ,154585,300,416,56,88,15,2,1098,0,877
4402,03/24/2020T13:40:00 ,154581,304,415,56,88,15,2,1099,0,880
4403,03/24/2020T13:50:00 ,154577,306,415,58,88,15,2,1099,0,884
4404,03/24/2020T14:00:00 ,154572,311,415,58,88,15,2,1099,0,889
4405,03/24/2020T14:10:00 ,154569,314,414,58,88,15,2,1100,0,891
4406,03/24/2020T14:20:00 ,154563,319,414,58,88,15,2,1101,0,896
4407,03/24/2020T14:30:00 ,154558,324,414,58,88,15,2,1101,0,901
4408,03/24/2020T14:40:00 ,154555,325,415,57,89,15,2,1102,0,903
4409,03/24/2020T14:50:00 ,154550,328,415,58,89,15,2,1103,0,907
4410,03/24/2020T15:00:00 ,154545,332,411,58,89,15,2,1108,0,907
4411,03/24/2020T15:10:00 ,154543,332,413,58,89,15,2,1108,0,909
4412,03/24/2020T15:20:00 ,154540,335,412,58,89,15,2,1109,0,911
4413,03/24/2020T15:30:00 ,154538,337,411,58,88,15,2,1111,0,911
4414,03/24/2020T15:40:00 ,154536,339,410,57,89,15,2,1112,0,912
4415,03/24/2020T15:50:00 ,154534,340,411,56,90,15,2,1112,0,914
4416,03/24/2020T16:00:00 ,154532,342,411,55,89,16,2,1113,0,915
4417,03/24/2020T16:10:00 ,154531,343,411,55,89,16,2,1113,0,916
4418,03/24/2020T16:20:00 ,154530,343,411,54,90,16,2,1114,0,916
4419,03/24/2020T16:30:00 ,154529,343,412,54,90,16,2,1114,0,917
4420,03/24/2020T16:40:00 ,154529,343,411,54,90,16,2,1115,0,916
4421,03/24/2020T16:50:00 ,154526,345,409,53,90,17,2,1118,0,916
4422,03/24/2020T17:00:00 ,154526,344,408,53,90,17,2,1120,0,914
4423,03/24/2020T17:10:00 ,154523,347,408,52,91,17,2,1120,0,917
4424,03/24/2020T17:20:00 ,154523,345,408,53,91,16,3,1121,0,916
4425,03/24/2020T17:30:00 ,154523,343,408,52,92,15,3,1124,0,913
4426,03/24/2020T17:40:00 ,154522,344,408,52,92,15,3,1124,0,914
4427,03/24/2020T17:50:00 ,154521,345,408,52,91,15,3,1125,0,914
4428,03/24/2020T18:00:00 ,154521,345,408,52,91,15,3,1125,0,914
4429,03/24/2020T18:10:00 ,154521,343,409,53,91,15,3,1125,0,914
4430,03/24/2020T18:20:00 ,154521,342,408,54,91,15,3,1126,0,913
4431,03/24/2020T18:30:00 ,154521,340,409,55,91,15,3,1126,0,913
4432,03/24/2020T18:40:00 ,154521,340,409,54,91,15,3,1127,0,912
4433,03/24/2020T18:50:00 ,154521,337,409,56,91,15,3,1128,0,911
4434,03/24/2020T19:00:00 ,154520,338,408,56,90,15,3,1130,0,910
4435,03/24/2020T19:10:00 ,154520,337,409,56,90,15,3,1130,0,910
4436,03/24/2020T19:20:00 ,154520,337,408,56,89,15,3,1132,0,908
4437,03/24/2020T19:30:00 ,154519,338,408,56,88,15,3,1133,0,908
4438,03/24/2020T19:40:00 ,154519,338,406,55,89,15,3,1135,0,906
4439,03/24/2020T19:50:00 ,154518,339,406,55,87,15,3,1137,0,905
4440,03/24/2020T20:00:00 ,154518,339,404,55,87,15,3,1139,0,903
4441,03/24/2020T20:10:00 ,154514,341,406,55,87,15,3,1139,0,907
4442,03/24/2020T20:20:00 ,154512,343,406,55,87,15,3,1139,0,909
4443,03/24/2020T20:30:00 ,154512,343,405,55,86,16,3,1140,0,908
4444,03/24/2020T20:40:00 ,154510,345,405,55,86,16,3,1140,0,910
4445,03/24/2020T20:50:00 ,154510,345,401,55,86,16,3,1144,0,906
4446,03/24/2020T21:00:00 ,154510,345,401,55,86,16,3,1144,0,906
4447,03/24/2020T21:10:00 ,154509,346,400,55,86,16,3,1145,0,906
4448,03/24/2020T21:20:00 ,154505,350,400,55,85,16,3,1146,0,909
4449,03/24/2020T21:30:00 ,154504,351,399,55,85,16,3,1147,0,909
4450,03/24/2020T21:40:00 ,154504,350,398,54,86,16,3,1149,0,907
4451,03/24/2020T21:50:00 ,154504,350,397,54,86,16,3,1150,0,906
4452,03/24/2020T22:00:00 ,154504,349,397,54,86,16,3,1151,0,905
4453,03/24/2020T22:10:00 ,154504,349,397,54,85,16,3,1152,0,904
4454,03/24/2020T22:20:00 ,154504,347,399,54,85,16,3,1152,0,904
4455,03/24/2020T22:30:00 ,154503,348,399,54,85,16,3,1152,0,905
4456,03/24/2020T22:40:00 ,154503,348,398,54,85,16,3,1153,0,904
4457,03/24/2020T22:50:00 ,154503,348,398,54,85,16,3,1153,0,904
4458,03/24/2020T23:00:00 ,154503,348,397,54,84,16,3,1155,0,902
4459,03/24/2020T23:10:00 ,154501,350,397,54,84,16,3,1155,0,904
4460,03/24/2020T23:20:00 ,154501,349,398,54,84,16,3,1155,0,904
4461,03/24/2020T23:30:00 ,154501,349,396,54,84,16,3,1157,0,902
4462,03/24/2020T23:40:00 ,154501,349,395,54,84,16,3,1158,0,901
4463,03/24/2020T23:50:00 ,154501,349,395,54,84,16,3,1158,0,901
4464,03/25/2020T00:00:00 ,154501,348,392,55,84,16,3,1161,0,898
4465,03/25/2020T00:10:00 ,154501,348,390,54,85,16,3,1163,0,896
4466,03/25/2020T00:20:00 ,154501,346,389,55,84,16,3,1166,0,893
4467,03/25/2020T00:30:00 ,154501,346,389,53,86,16,3,1166,0,893
4468,03/25/2020T00:40:00 ,154501,346,389,53,86,16,3,1166,0,893
4469,03/25/2020T00:50:00 ,154501,346,389,53,86,16,3,1166,0,893
4470,03/25/2020T01:00:00 ,154500,347,389,53,86,16,3,1166,0,894
4471,03/25/2020T01:10:00 ,154500,346,388,53,85,16,3,1169,0,891
4472,03/25/2020T01:20:00 ,154499,347,386,53,85,16,3,1171,0,890
4473,03/25/2020T01:30:00 ,154499,347,385,53,85,16,3,1172,0,889
4474,03/25/2020T01:40:00 ,154499,347,385,53,85,16,3,1172,0,889
4475,03/25/2020T01:50:00 ,154497,349,385,53,85,16,3,1172,0,891
4476,03/25/2020T02:00:00 ,154497,348,385,53,85,16,3,1173,0,890
4477,03/25/2020T02:10:00 ,154497,348,384,53,85,16,3,1174,0,889
4478,03/25/2020T02:20:00 ,154497,347,385,52,86,16,3,1174,0,889
4479,03/25/2020T02:30:00 ,154497,347,385,52,86,16,3,1174,0,889
4480,03/25/2020T02:40:00 ,154497,347,384,52,86,16,3,1175,0,888
4481,03/25/2020T02:50:00 ,154497,347,384,52,86,16,3,1175,0,888
4482,03/25/2020T03:00:00 ,154497,346,384,52,86,16,3,1176,0,887
4483,03/25/2020T03:10:00 ,154497,343,386,53,86,16,3,1176,0,887
4484,03/25/2020T03:20:00 ,154497,342,387,53,86,16,3,1176,0,887
4485,03/25/2020T03:30:00 ,154496,343,386,53,86,16,3,1177,0,887
4486,03/25/2020T03:40:00 ,154496,343,386,53,86,16,3,1177,0,887
4487,03/25/2020T03:50:00 ,154496,341,388,53,86,16,3,1177,0,887
4488,03/25/2020T04:00:00 ,154496,341,387,53,85,16,3,1179,0,885
4489,03/25/2020T04:10:00 ,154496,341,386,52,86,16,3,1180,0,884
4490,03/25/2020T04:20:00 ,154496,341,386,51,87,16,3,1180,0,884
4491,03/25/2020T04:30:00 ,154496,341,386,51,87,16,3,1180,0,884
4492,03/25/2020T04:40:00 ,154495,341,385,52,87,16,3,1181,0,884
4493,03/25/2020T04:50:00 ,154495,341,385,52,87,16,3,1181,0,884
4494,03/25/2020T05:00:00 ,154495,341,383,51,88,16,3,1183,0,882
4495,03/25/2020T05:10:00 ,154494,342,383,51,88,16,3,1183,0,883
4496,03/25/2020T05:20:00 ,154494,342,383,51,88,16,3,1183,0,883
4497,03/25/2020T05:30:00 ,154494,340,385,51,88,16,3,1183,0,883
4498,03/25/2020T05:40:00 ,154492,342,385,51,88,16,3,1183,0,885
4499,03/25/2020T05:50:00 ,154492,342,384,51,88,16,3,1184,0,884
4500,03/25/2020T06:00:00 ,154492,342,383,51,88,16,3,1185,0,883
4501,03/25/2020T06:10:00 ,154492,342,383,51,88,16,3,1185,0,883
4502,03/25/2020T06:20:00 ,154492,342,383,51,87,16,3,1186,0,882
4503,03/25/2020T06:30:00 ,154492,341,384,51,87,16,3,1186,0,882
4504,03/25/2020T06:40:00 ,154492,340,382,52,87,16,3,1188,0,880
4505,03/25/2020T06:50:00 ,154492,339,383,52,87,16,3,1188,0,880
4506,03/25/2020T07:00:00 ,154492,338,384,51,88,16,3,1188,0,880
4507,03/25/2020T07:10:00 ,154492,338,382,51,88,16,3,1190,0,878
4508,03/25/2020T07:20:00 ,154491,339,381,51,87,16,3,1192,0,877
4509,03/25/2020T07:30:00 ,154491,338,381,51,87,16,3,1193,0,876
4510,03/25/2020T07:40:00 ,154491,338,380,51,87,15,3,1195,0,874
4511,03/25/2020T07:50:00 ,154488,341,379,51,87,15,3,1196,0,876
4512,03/25/2020T08:00:00 ,154487,342,379,51,87,15,3,1196,0,877
4513,03/25/2020T08:10:00 ,154487,342,378,50,88,15,3,1197,0,876
4514,03/25/2020T08:20:00 ,154486,343,378,49,89,15,3,1197,0,877
4515,03/25/2020T08:30:00 ,154484,345,377,49,88,15,3,1199,0,877
4516,03/25/2020T08:40:00 ,154481,347,377,49,88,15,3,1200,0,879
4517,03/25/2020T08:50:00 ,154476,352,377,49,88,15,3,1200,0,884
4518,03/25/2020T09:00:00 ,154474,353,377,50,88,15,3,1200,0,886
4519,03/25/2020T09:10:00 ,154471,356,376,49,89,15,3,1201,0,888
4520,03/25/2020T09:20:00 ,154469,358,376,49,89,15,3,1201,0,890
4521,03/25/2020T09:30:00 ,154467,360,376,48,89,15,3,1202,0,891
4522,03/25/2020T09:40:00 ,154463,364,376,48,88,15,3,1203,0,894
4523,03/25/2020T09:50:00 ,154461,363,378,49,88,15,3,1203,0,896
4524,03/25/2020T10:00:00 ,154459,364,378,49,88,15,3,1204,0,897
4525,03/25/2020T10:10:00 ,154455,368,378,49,88,15,3,1204,0,901
4526,03/25/2020T10:20:00 ,154454,367,380,49,87,15,3,1205,0,901
4527,03/25/2020T10:30:00 ,154448,372,381,49,86,15,3,1206,0,906
4528,03/25/2020T10:40:00 ,154445,375,381,49,86,15,3,1206,0,909
4529,03/25/2020T10:50:00 ,154443,377,380,49,86,15,3,1207,0,910
4530,03/25/2020T11:00:00 ,154442,378,380,49,86,15,3,1207,0,911
4531,03/25/2020T11:10:00 ,154438,380,382,49,86,15,3,1207,0,915
4532,03/25/2020T11:20:00 ,154432,386,380,49,86,15,3,1209,0,919
4533,03/25/2020T11:30:00 ,154431,387,378,49,86,15,3,1211,0,918
4534,03/25/2020T11:40:00 ,154427,391,378,49,86,15,3,1211,0,922
4535,03/25/2020T11:50:00 ,154425,391,378,50,86,15,3,1212,0,923
4536,03/25/2020T12:00:00 ,154422,393,378,51,86,15,3,1212,0,926
4537,03/25/2020T12:10:00 ,154419,396,377,51,86,15,3,1213,0,928
4538,03/25/2020T12:20:00 ,154416,397,377,51,86,15,3,1215,0,929
4539,03/25/2020T12:30:00 ,154415,397,376,51,86,15,3,1217,0,928
4540,03/25/2020T12:40:00 ,154413,398,377,51,86,15,3,1217,0,930
4541,03/25/2020T12:50:00 ,154412,398,377,51,86,15,3,1218,0,930
4542,03/25/2020T13:00:00 ,154411,399,377,51,85,15,3,1219,0,930
4543,03/25/2020T13:10:00 ,154411,399,377,51,85,15,3,1219,0,930
4544,03/25/2020T13:20:00 ,154410,399,376,51,85,15,3,1221,0,929
4545,03/25/2020T13:30:00 ,154406,402,376,52,85,15,3,1221,0,933
4546,03/25/2020T13:40:00 ,154404,403,377,52,85,15,3,1221,0,935
4547,03/25/2020T13:50:00 ,154399,408,377,52,85,15,3,1221,0,940
4548,03/25/2020T14:00:00 ,154397,409,377,52,85,15,3,1222,0,941
4549,03/25/2020T14:10:00 ,154391,415,377,52,85,15,3,1222,0,947
4550,03/25/2020T14:20:00 ,154390,414,377,52,86,15,3,1223,0,947
4551,03/25/2020T14:30:00 ,154388,416,377,52,86,15,3,1223,0,949
4552,03/25/2020T14:40:00 ,154385,419,375,52,86,15,3,1225,0,950
4553,03/25/2020T14:50:00 ,154380,424,372,52,86,15,3,1228,0,952
4554,03/25/2020T15:00:00 ,154379,423,371,54,86,15,3,1229,0,952
4555,03/25/2020T15:10:00 ,154378,423,372,54,85,16,3,1229,0,953
4556,03/25/2020T15:20:00 ,154374,427,372,52,87,16,3,1229,0,957
4557,03/25/2020T15:30:00 ,154371,430,372,52,87,16,3,1229,0,960
4558,03/25/2020T15:40:00 ,154371,429,373,52,87,16,3,1229,0,960
4559,03/25/2020T15:50:00 ,154369,430,373,53,87,16,3,1229,0,962
4560,03/25/2020T16:00:00 ,154366,431,375,53,87,16,3,1229,0,965
4561,03/25/2020T16:10:00 ,154364,433,375,53,87,16,3,1229,0,967
4562,03/25/2020T16:20:00 ,154363,433,376,53,87,16,3,1229,0,968
4563,03/25/2020T16:30:00 ,154361,433,377,54,87,16,3,1229,0,970
4564,03/25/2020T16:40:00 ,154360,433,378,54,87,16,3,1229,0,971
4565,03/25/2020T16:50:00 ,154359,433,379,53,88,16,3,1229,0,972
4566,03/25/2020T17:00:00 ,154358,434,379,53,88,16,3,1229,0,973
4567,03/25/2020T17:10:00 ,154356,435,380,53,88,16,3,1229,0,975
4568,03/25/2020T17:20:00 ,154356,435,379,52,89,16,3,1230,0,974
4569,03/25/2020T17:30:00 ,154356,433,381,52,89,16,3,1230,0,974
4570,03/25/2020T17:40:00 ,154355,433,382,52,88,16,3,1231,0,974
4571,03/25/2020T17:50:00 ,154355,433,381,52,87,16,3,1233,0,972
4572,03/25/2020T18:00:00 ,154355,433,380,52,87,16,3,1234,0,971
4573,03/25/2020T18:10:00 ,154355,432,380,53,87,16,3,1234,0,971
4574,03/25/2020T18:20:00 ,154354,433,379,53,87,16,3,1235,0,971
4575,03/25/2020T18:30:00 ,154354,432,380,53,87,16,3,1235,0,971
4576,03/25/2020T18:40:00 ,154354,431,379,54,87,16,3,1236,0,970
4577,03/25/2020T18:50:00 ,154354,431,379,54,87,16,3,1236,0,970
4578,03/25/2020T19:00:00 ,154354,431,379,54,87,16,3,1236,0,970
4579,03/25/2020T19:10:00 ,154354,431,378,54,87,16,3,1237,0,969
4580,03/25/2020T19:20:00 ,154354,431,377,53,88,16,3,1238,0,968
4581,03/25/2020T19:30:00 ,154353,431,378,53,88,16,3,1238,0,969
4582,03/25/2020T19:40:00 ,154351,433,378,52,89,16,3,1238,0,971
4583,03/25/2020T19:50:00 ,154351,433,378,52,89,16,3,1238,0,971
4584,03/25/2020T20:00:00 ,154351,432,379,51,90,16,3,1238,0,971
4585,03/25/2020T20:10:00 ,154349,433,378,52,89,16,3,1240,0,971
4586,03/25/2020T20:20:00 ,154347,435,378,52,88,16,3,1241,0,972
4587,03/25/2020T20:30:00 ,154346,435,379,51,88,16,3,1242,0,972
4588,03/25/2020T20:40:00 ,154346,435,379,51,88,16,3,1242,0,972
4589,03/25/2020T20:50:00 ,154344,436,380,50,89,16,3,1242,0,974
4590,03/25/2020T21:00:00 ,154342,438,380,50,89,16,3,1242,0,976
4591,03/25/2020T21:10:00 ,154341,439,378,49,87,17,3,1246,0,973
4592,03/25/2020T21:20:00 ,154338,441,379,49,87,17,3,1246,0,976
4593,03/25/2020T21:30:00 ,154336,441,381,49,87,17,3,1246,0,978
4594,03/25/2020T21:40:00 ,154332,445,381,49,87,17,3,1246,0,982
4595,03/25/2020T21:50:00 ,154331,446,381,48,88,17,3,1246,0,983
4596,03/25/2020T22:00:00 ,154330,447,381,48,87,17,3,1247,0,983
4597,03/25/2020T22:10:00 ,154330,447,381,48,87,17,3,1247,0,983
4598,03/25/2020T22:20:00 ,154329,447,382,48,87,17,3,1247,0,984
4599,03/25/2020T22:30:00 ,154329,447,381,48,87,17,3,1248,0,983
4600,03/25/2020T22:40:00 ,154329,446,382,48,86,18,3,1248,0,983
4601,03/25/2020T22:50:00 ,154329,446,382,48,86,18,3,1248,0,983
4602,03/25/2020T23:00:00 ,154329,445,383,48,86,18,3,1248,0,983
4603,03/25/2020T23:10:00 ,154329,444,382,49,86,18,3,1249,0,982
4604,03/25/2020T23:20:00 ,154329,444,381,49,85,19,3,1250,0,981
4605,03/25/2020T23:30:00 ,154329,444,381,48,86,19,3,1250,0,981
4606,03/25/2020T23:40:00 ,154328,445,380,48,86,19,3,1251,0,981
4607,03/25/2020T23:50:00 ,154328,445,380,48,86,19,3,1251,0,981
4608,03/26/2020T00:00:00 ,154328,442,382,46,88,19,3,1252,0,980
4609,03/26/2020T00:10:00 ,154328,440,383,47,88,19,3,1252,0,980
4610,03/26/2020T00:20:00 ,154328,439,384,47,88,19,3,1252,0,980
4611,03/26/2020T00:30:00 ,154328,438,385,47,88,19,3,1252,0,980
4612,03/26/2020T00:40:00 ,154328,438,385,47,88,19,3,1252,0,980
4613,03/26/2020T00:50:00 ,154328,433,389,46,90,19,3,1252,0,980
4614,03/26/2020T01:00:00 ,154328,430,391,45,90,19,3,1254,0,978
4615,03/26/2020T01:10:00 ,154327,430,391,45,91,19,3,1254,0,979
4616,03/26/2020T01:20:00 ,154325,431,392,45,91,19,3,1254,0,981
4617,03/26/2020T01:30:00 ,154325,431,392,45,91,19,3,1254,0,981
4618,03/26/2020T01:40:00 ,154325,431,392,45,91,19,3,1254,0,981
4619,03/26/2020T01:50:00 ,154325,431,392,45,91,19,3,1254,0,981
4620,03/26/2020T02:00:00 ,154325,431,392,45,91,19,3,1254,0,981
4621,03/26/2020T02:10:00 ,154325,431,392,45,91,19,3,1254,0,981
4622,03/26/2020T02:20:00 ,154325,431,392,45,91,19,3,1254,0,981
4623,03/26/2020T02:30:00 ,154324,432,390,44,92,19,3,1256,0,980
4624,03/26/2020T02:40:00 ,154324,431,390,43,91,19,3,1259,0,977
4625,03/26/2020T02:50:00 ,154324,430,390,42,92,19,3,1260,0,976
4626,03/26/2020T03:00:00 ,154324,430,388,42,92,19,3,1262,0,974
4627,03/26/2020T03:10:00 ,154324,429,388,43,92,19,3,1262,0,974
4628,03/26/2020T03:20:00 ,154324,429,388,43,92,19,3,1262,0,974
4629,03/26/2020T03:30:00 ,154324,427,388,43,93,19,3,1263,0,973
4630,03/26/2020T03:40:00 ,154324,426,389,42,94,19,3,1263,0,973
4631,03/26/2020T03:50:00 ,154324,426,388,42,94,19,3,1264,0,972
4632,03/26/2020T04:00:00 ,154323,426,388,40,95,19,3,1266,0,971
4633,03/26/2020T04:10:00 ,154323,425,389,40,95,19,3,1266,0,971
4634,03/26/2020T04:20:00 ,154323,425,389,40,95,19,3,1266,0,971
4635,03/26/2020T04:30:00 ,154323,423,391,40,95,19,3,1266,0,971
4636,03/26/2020T04:40:00 ,154323,422,391,40,95,19,3,1267,0,970
4637,03/26/2020T04:50:00 ,154323,422,391,40,95,19,3,1267,0,970
4638,03/26/2020T05:00:00 ,154323,421,391,40,94,20,3,1268,0,969
4639,03/26/2020T05:10:00 ,154323,420,390,39,94,20,3,1271,0,966
4640,03/26/2020T05:20:00 ,154323,420,389,39,94,20,3,1272,0,965
4641,03/26/2020T05:30:00 ,154323,420,389,39,94,20,3,1272,0,965
4642,03/26/2020T05:40:00 ,154323,420,389,39,94,20,3,1272,0,965
4643,03/26/2020T05:50:00 ,154323,420,389,39,94,20,3,1272,0,965
4644,03/26/2020T06:00:00 ,154323,418,388,40,94,20,3,1274,0,963
4645,03/26/2020T06:10:00 ,154323,418,388,40,94,20,3,1274,0,963
4646,03/26/2020T06:20:00 ,154323,416,390,40,94,20,3,1274,0,963
4647,03/26/2020T06:30:00 ,154323,413,392,40,94,20,3,1275,0,962
4648,03/26/2020T06:40:00 ,154322,413,393,40,94,20,3,1275,0,963
4649,03/26/2020T06:50:00 ,154322,412,393,40,94,20,3,1276,0,962
4650,03/26/2020T07:00:00 ,154321,412,393,41,93,20,3,1277,0,962
4651,03/26/2020T07:10:00 ,154321,410,393,42,93,20,3,1278,0,961
4652,03/26/2020T07:20:00 ,154321,409,392,42,93,20,3,1280,0,959
4653,03/26/2020T07:30:00 ,154321,409,392,42,93,20,3,1280,0,959
4654,03/26/2020T07:40:00 ,154320,406,395,43,93,20,3,1280,0,960
4655,03/26/2020T07:50:00 ,154319,407,395,43,93,20,3,1280,0,961
4656,03/26/2020T08:00:00 ,154318,407,395,42,93,20,3,1282,0,960
4657,03/26/2020T08:10:00 ,154317,407,396,42,93,20,3,1282,0,961
4658,03/26/2020T08:20:00 ,154316,407,396,42,93,20,3,1283,0,961
4659,03/26/2020T08:30:00 ,154311,412,396,42,93,20,3,1283,0,966
4660,03/26/2020T08:40:00 ,154307,416,396,42,92,20,3,1284,0,969
4661,03/26/2020T08:50:00 ,154304,418,396,43,92,19,3,1285,0,971
4662,03/26/2020T09:00:00 ,154302,420,396,43,92,19,3,1285,0,973
4663,03/26/2020T09:10:00 ,154297,425,396,42,93,19,3,1285,0,978
4664,03/26/2020T09:20:00 ,154294,428,396,42,93,19,3,1285,0,981
4665,03/26/2020T09:30:00 ,154290,431,397,42,93,19,3,1285,0,985
4666,03/26/2020T09:40:00 ,154285,436,396,42,92,19,3,1287,0,988
4667,03/26/2020T09:50:00 ,154281,440,395,42,92,19,3,1288,0,991
4668,03/26/2020T10:00:00 ,154273,448,394,42,91,19,3,1290,0,997
4669,03/26/2020T10:10:00 ,154271,449,393,43,91,19,3,1291,0,998
4670,03/26/2020T10:20:00 ,154267,452,393,42,91,19,3,1293,0,1000
4671,03/26/2020T10:30:00 ,154260,458,392,42,91,19,3,1295,0,1005
4672,03/26/2020T10:40:00 ,154256,462,392,42,91,19,3,1295,0,1009
4673,03/26/2020T10:50:00 ,154252,465,393,42,90,20,3,1295,0,1013
4674,03/26/2020T11:00:00 ,154247,469,394,42,90,20,3,1295,0,1018
4675,03/26/2020T11:10:00 ,154244,472,394,42,90,20,3,1295,0,1021
4676,03/26/2020T11:20:00 ,154241,475,393,42,89,20,3,1297,0,1022
4677,03/26/2020T11:30:00 ,154237,477,395,42,89,20,3,1297,0,1026
4678,03/26/2020T11:40:00 ,154233,480,396,42,89,20,3,1297,0,1030
4679,03/26/2020T11:50:00 ,154228,485,396,42,89,20,3,1297,0,1035
4680,03/26/2020T12:00:00 ,154223,489,396,42,89,20,3,1298,0,1039
4681,03/26/2020T12:10:00 ,154220,490,398,42,89,20,3,1298,0,1042
4682,03/26/2020T12:20:00 ,154216,492,400,42,89,20,3,1298,0,1046
4683,03/26/2020T12:30:00 ,154212,493,402,43,89,20,3,1298,0,1050
4684,03/26/2020T12:40:00 ,154209,495,402,44,89,20,3,1298,0,1053
4685,03/26/2020T12:50:00 ,154208,494,403,44,89,20,3,1299,0,1053
4686,03/26/2020T13:00:00 ,154208,494,402,44,89,20,3,1300,0,1052
4687,03/26/2020T13:10:00 ,154206,495,402,45,89,20,3,1300,0,1054
4688,03/26/2020T13:20:00 ,154203,497,401,45,88,20,3,1303,0,1054
4689,03/26/2020T13:30:00 ,154203,495,402,46,87,20,3,1304,0,1053
4690,03/26/2020T13:40:00 ,154201,497,402,46,87,20,3,1304,0,1055
4691,03/26/2020T13:50:00 ,154199,499,402,46,87,20,3,1304,0,1057
4692,03/26/2020T14:00:00 ,154197,500,401,47,87,20,3,1305,0,1058
4693,03/26/2020T14:10:00 ,154197,497,403,48,87,20,3,1305,0,1058
4694,03/26/2020T14:20:00 ,154196,497,402,48,87,20,3,1307,0,1057
4695,03/26/2020T14:30:00 ,154195,498,401,47,88,20,3,1308,0,1057
4696,03/26/2020T14:40:00 ,154192,501,400,47,88,20,3,1309,0,1059
4697,03/26/2020T14:50:00 ,154191,502,400,47,86,20,3,1311,0,1058
4698,03/26/2020T15:00:00 ,154191,502,400,46,85,20,3,1313,0,1056
4699,03/26/2020T15:10:00 ,154187,506,397,46,85,20,3,1316,0,1057
4700,03/26/2020T15:20:00 ,154182,510,397,47,85,20,3,1316,0,1062
4701,03/26/2020T15:30:00 ,154181,510,397,47,84,20,3,1318,0,1061
4702,03/26/2020T15:40:00 ,154179,512,395,47,84,20,3,1320,0,1061
4703,03/26/2020T15:50:00 ,154177,514,395,47,84,20,3,1320,0,1063
4704,03/26/2020T16:00:00 ,154174,517,393,46,85,20,3,1322,0,1064
4705,03/26/2020T16:10:00 ,154172,519,393,46,85,20,3,1322,0,1066
4706,03/26/2020T16:20:00 ,154171,519,393,47,85,20,3,1322,0,1067
4707,03/26/2020T16:30:00 ,154168,522,393,47,85,20,3,1322,0,1070
4708,03/26/2020T16:40:00 ,154164,525,392,47,85,20,3,1324,0,1072
4709,03/26/2020T16:50:00 ,154164,524,392,47,85,20,3,1325,0,1071
4710,03/26/2020T17:00:00 ,154163,524,393,47,85,20,3,1325,0,1072
4711,03/26/2020T17:10:00 ,154163,524,391,46,86,20,3,1327,0,1070
4712,03/26/2020T17:20:00 ,154163,524,390,46,86,20,3,1328,0,1069
4713,03/26/2020T17:30:00 ,154163,524,390,45,87,20,3,1328,0,1069
4714,03/26/2020T17:40:00 ,154163,524,390,45,87,20,3,1328,0,1069
4715,03/26/2020T17:50:00 ,154162,525,388,45,87,20,3,1330,0,1068
4716,03/26/2020T18:00:00 ,154162,525,387,45,86,20,3,1332,0,1066
4717,03/26/2020T18:10:00 ,154162,525,387,45,86,20,3,1332,0,1066
4718,03/26/2020T18:20:00 ,154162,523,388,45,86,20,3,1333,0,1065
4719,03/26/2020T18:30:00 ,154162,521,390,45,86,20,3,1333,0,1065
4720,03/26/2020T18:40:00 ,154161,522,390,45,86,20,3,1333,0,1066
4721,03/26/2020T18:50:00 ,154161,521,390,45,86,20,3,1334,0,1065
4722,03/26/2020T19:00:00 ,154161,520,391,45,86,20,3,1334,0,1065
4723,03/26/2020T19:10:00 ,154160,520,392,45,86,20,3,1334,0,1066
4724,03/26/2020T19:20:00 ,154160,520,392,45,86,20,3,1334,0,1066
4725,03/26/2020T19:30:00 ,154160,520,392,45,86,20,3,1334,0,1066
4726,03/26/2020T19:40:00 ,154160,520,392,44,87,20,3,1334,0,1066
4727,03/26/2020T19:50:00 ,154160,520,390,44,86,20,3,1337,0,1063
4728,03/26/2020T20:00:00 ,154159,519,391,44,87,20,3,1337,0,1064
4729,03/26/2020T20:10:00 ,154157,519,393,44,87,20,3,1337,0,1066
4730,03/26/2020T20:20:00 ,154157,517,394,44,87,20,3,1338,0,1065
4731,03/26/2020T20:30:00 ,154157,515,394,45,87,20,3,1339,0,1064
4732,03/26/2020T20:40:00 ,154156,516,394,45,87,20,3,1339,0,1065
4733,03/26/2020T20:50:00 ,154155,514,397,45,87,20,3,1339,0,1066
4734,03/26/2020T21:00:00 ,154155,512,398,46,87,20,3,1339,0,1066
4735,03/26/2020T21:10:00 ,154154,512,399,46,86,20,3,1340,0,1066
4736,03/26/2020T21:20:00 ,154152,513,400,46,86,20,3,1340,0,1068
4737,03/26/2020T21:30:00 ,154151,513,401,46,86,20,3,1340,0,1069
4738,03/26/2020T21:40:00 ,154151,513,401,46,85,20,3,1341,0,1068
4739,03/26/2020T21:50:00 ,154151,512,402,46,85,20,3,1341,0,1068
4740,03/26/2020T22:00:00 ,154151,512,402,44,87,20,3,1341,0,1068
4741,03/26/2020T22:10:00 ,154151,511,401,44,87,20,3,1343,0,1066
4742,03/26/2020T22:20:00 ,154150,510,403,44,87,20,3,1343,0,1067
4743,03/26/2020T22:30:00 ,154150,508,404,44,87,20,3,1344,0,1066
4744,03/26/2020T22:40:00 ,154149,508,404,43,88,20,3,1345,0,1066
4745,03/26/2020T22:50:00 ,154148,508,405,42,89,20,3,1345,0,1067
4746,03/26/2020T23:00:00 ,154148,508,403,42,89,20,3,1347,0,1065
4747,03/26/2020T23:10:00 ,154148,508,402,42,89,20,3,1348,0,1064
4748,03/26/2020T23:20:00 ,154148,508,402,42,89,20,3,1348,0,1064
4749,03/26/2020T23:30:00 ,154148,506,402,42,89,20,3,1350,0,1062
4750,03/26/2020T23:40:00 ,154148,504,402,43,89,20,3,1351,0,1061
4751,03/26/2020T23:50:00 ,154148,503,401,44,88,20,3,1353,0,1059
4752,03/27/2020T00:00:00 ,154148,500,401,45,88,20,3,1355,0,1057
4753,03/27/2020T00:10:00 ,154148,500,400,45,88,20,3,1356,0,1056
4754,03/27/2020T00:20:00 ,154148,497,401,46,88,20,3,1357,0,1055
4755,03/27/2020T00:30:00 ,154148,497,401,46,88,20,3,1357,0,1055
4756,03/27/2020T00:40:00 ,154147,498,400,46,88,20,3,1358,0,1055
4757,03/27/2020T00:50:00 ,154147,498,400,46,88,20,3,1358,0,1055
4758,03/27/2020T01:00:00 ,154147,498,399,45,88,20,3,1360,0,1053
4759,03/27/2020T01:10:00 ,154145,498,400,45,88,20,3,1361,0,1054
4760,03/27/2020T01:20:00 ,154145,497,401,45,88,20,3,1361,0,1054
4761,03/27/2020T01:30:00 ,154145,497,400,45,88,20,3,1362,0,1053
4762,03/27/2020T01:40:00 ,154145,496,400,44,88,20,3,1364,0,1051
4763,03/27/2020T01:50:00 ,154145,494,402,44,88,20,3,1364,0,1051
4764,03/27/2020T02:00:00 ,154145,494,400,43,88,20,3,1367,0,1048
4765,03/27/2020T02:10:00 ,154145,494,400,43,88,20,3,1367,0,1048
4766,03/27/2020T02:20:00 ,154145,492,402,43,88,20,3,1367,0,1048
4767,03/27/2020T02:30:00 ,154145,491,403,43,88,20,3,1367,0,1048
4768,03/27/2020T02:40:00 ,154145,490,403,44,88,20,3,1367,0,1048
4769,03/27/2020T02:50:00 ,154145,490,403,43,88,20,3,1368,0,1047
4770,03/27/2020T03:00:00 ,154145,489,401,43,88,20,3,1371,0,1044
4771,03/27/2020T03:10:00 ,154145,489,400,43,88,20,3,1372,0,1043
4772,03/27/2020T03:20:00 ,154144,490,400,43,88,20,3,1372,0,1044
4773,03/27/2020T03:30:00 ,154143,491,400,43,88,20,3,1372,0,1045
4774,03/27/2020T03:40:00 ,154143,489,401,44,88,20,3,1372,0,1045
4775,03/27/2020T03:50:00 ,154143,488,401,44,88,20,3,1373,0,1044
4776,03/27/2020T04:00:00 ,154143,488,401,44,88,20,3,1373,0,1044
4777,03/27/2020T04:10:00 ,154143,488,401,44,88,20,3,1373,0,1044
4778,03/27/2020T04:20:00 ,154143,487,401,44,87,20,3,1375,0,1042
4779,03/27/2020T04:30:00 ,154143,487,400,44,87,20,3,1376,0,1041
4780,03/27/2020T04:40:00 ,154142,487,401,44,87,20,3,1376,0,1042
4781,03/27/2020T04:50:00 ,154141,488,401,43,88,20,3,1376,0,1043
4782,03/27/2020T05:00:00 ,154141,486,402,44,88,20,3,1376,0,1043
4783,03/27/2020T05:10:00 ,154141,486,401,44,87,20,3,1378,0,1041
4784,03/27/2020T05:20:00 ,154141,484,402,45,87,20,3,1378,0,1041
4785,03/27/2020T05:30:00 ,154141,482,404,45,87,20,3,1378,0,1041
4786,03/27/2020T05:40:00 ,154141,482,402,44,88,20,3,1380,0,1039
4787,03/27/2020T05:50:00 ,154141,481,402,45,88,20,3,1380,0,1039
4788,03/27/2020T06:00:00 ,154141,480,402,46,88,20,3,1380,0,1039
4789,03/27/2020T06:10:00 ,154141,480,401,46,88,20,3,1381,0,1038
4790,03/27/2020T06:20:00 ,154141,480,401,46,88,20,3,1381,0,1038
4791,03/27/2020T06:30:00 ,154141,479,402,46,87,20,3,1382,0,1037
4792,03/27/2020T06:40:00 ,154141,479,402,46,87,20,3,1382,0,1037
4793,03/27/2020T06:50:00 ,154141,479,401,46,87,20,3,1383,0,1036
4794,03/27/2020T07:00:00 ,154141,477,400,46,87,20,3,1386,0,1033
4795,03/27/2020T07:10:00 ,154141,476,398,47,87,20,3,1388,0,1031
4796,03/27/2020T07:20:00 ,154141,476,397,46,88,20,3,1389,0,1030
4797,03/27/2020T07:30:00 ,154141,473,399,47,88,20,3,1389,0,1030
4798,03/27/2020T07:40:00 ,154140,473,400,47,87,20,3,1390,0,1030
4799,03/27/2020T07:50:00 ,154137,475,401,47,86,20,3,1391,0,1032
4800,03/27/2020T08:00:00 ,154137,472,402,47,86,20,3,1393,0,1030
4801,03/27/2020T08:10:00 ,154133,476,401,47,85,21,3,1394,0,1033
4802,03/27/2020T08:20:00 ,154131,478,400,47,84,21,3,1396,0,1033
4803,03/27/2020T08:30:00 ,154128,479,401,47,84,21,3,1397,0,1035
4804,03/27/2020T08:40:00 ,154126,480,402,47,84,21,3,1397,0,1037
4805,03/27/2020T08:50:00 ,154121,485,402,47,84,21,3,1397,0,1042
4806,03/27/2020T09:00:00 ,154120,485,403,47,84,21,3,1397,0,1043
4807,03/27/2020T09:10:00 ,154115,490,403,47,84,21,3,1397,0,1048
4808,03/27/2020T09:20:00 ,154113,491,401,47,84,21,3,1400,0,1047
4809,03/27/2020T09:30:00 ,154109,492,404,46,85,21,3,1400,0,1051
4810,03/27/2020T09:40:00 ,154108,493,404,46,85,21,3,1400,0,1052
4811,03/27/2020T09:50:00 ,154103,496,405,47,85,21,3,1400,0,1057
4812,03/27/2020T10:00:00 ,154100,498,404,47,85,21,3,1402,0,1058
4813,03/27/2020T10:10:00 ,154097,501,404,47,85,21,3,1402,0,1061
4814,03/27/2020T10:20:00 ,154096,499,406,47,85,21,3,1403,0,1061
4815,03/27/2020T10:30:00 ,154093,502,406,47,85,21,3,1403,0,1064
4816,03/27/2020T10:40:00 ,154092,503,405,47,85,21,3,1404,0,1064
4817,03/27/2020T10:50:00 ,154083,510,406,47,85,21,3,1405,0,1072
4818,03/27/2020T11:00:00 ,154075,517,406,48,85,21,3,1405,0,1080
4819,03/27/2020T11:10:00 ,154072,520,406,48,85,21,3,1405,0,1083
4820,03/27/2020T11:20:00 ,154065,525,407,49,85,21,3,1405,0,1090
4821,03/27/2020T11:30:00 ,154062,526,407,50,85,21,3,1406,0,1092
4822,03/27/2020T11:40:00 ,154058,529,408,50,85,21,3,1406,0,1096
4823,03/27/2020T11:50:00 ,154056,529,410,50,85,21,3,1406,0,1098
4824,03/27/2020T12:00:00 ,154051,533,411,50,84,21,3,1407,0,1102
4825,03/27/2020T12:10:00 ,154045,538,411,50,84,21,3,1408,0,1107
4826,03/27/2020T12:20:00 ,154041,540,411,51,84,21,3,1409,0,1110
4827,03/27/2020T12:30:00 ,154039,541,412,50,85,21,3,1409,0,1112
4828,03/27/2020T12:40:00 ,154037,541,413,51,85,21,3,1409,0,1114
4829,03/27/2020T12:50:00 ,154036,541,412,51,85,21,3,1411,0,1113
4830,03/27/2020T13:00:00 ,154029,546,414,51,85,21,3,1411,0,1120
4831,03/27/2020T13:10:00 ,154028,546,415,51,85,21,3,1411,0,1121
4832,03/27/2020T13:20:00 ,154024,548,416,51,85,21,3,1412,0,1124
4833,03/27/2020T13:30:00 ,154022,549,416,51,85,21,3,1413,0,1125
4834,03/27/2020T13:40:00 ,154018,552,416,51,85,21,3,1414,0,1128
4835,03/27/2020T13:50:00 ,154014,555,416,52,85,21,3,1414,0,1132
4836,03/27/2020T14:00:00 ,154011,558,416,52,85,21,3,1414,0,1135
4837,03/27/2020T14:10:00 ,154007,561,417,51,85,21,3,1415,0,1138
4838,03/27/2020T14:20:00 ,154004,563,417,50,85,21,3,1417,0,1139
4839,03/27/2020T14:30:00 ,154002,562,420,50,85,21,3,1417,0,1141
4840,03/27/2020T14:40:00 ,154000,562,421,51,85,21,3,1417,0,1143
4841,03/27/2020T14:50:00 ,153997,565,421,51,85,21,3,1417,0,1146
4842,03/27/2020T15:00:00 ,153995,566,422,51,85,21,3,1417,0,1148
4843,03/27/2020T15:10:00 ,153991,570,422,51,85,21,3,1417,0,1152
4844,03/27/2020T15:20:00 ,153985,575,423,51,85,21,3,1417,0,1158
4845,03/27/2020T15:30:00 ,153981,579,423,51,84,21,3,1418,0,1161
4846,03/27/2020T15:40:00 ,153973,584,426,51,84,21,3,1418,0,1169
4847,03/27/2020T15:50:00 ,153969,587,427,51,84,21,3,1418,0,1173
4848,03/27/2020T16:00:00 ,153966,589,428,51,84,21,3,1418,0,1176
4849,03/27/2020T16:10:00 ,153963,592,426,51,84,21,3,1420,0,1177
4850,03/27/2020T16:20:00 ,153961,588,429,52,84,20,4,1422,0,1177
4851,03/27/2020T16:30:00 ,153956,592,428,52,84,20,4,1424,0,1180
4852,03/27/2020T16:40:00 ,153955,592,429,52,84,20,4,1424,0,1181
4853,03/27/2020T16:50:00 ,153951,594,430,51,84,20,4,1426,0,1183
4854,03/27/2020T17:00:00 ,153947,595,432,51,84,20,4,1427,0,1186
4855,03/27/2020T17:10:00 ,153945,594,434,50,85,20,4,1428,0,1187
4856,03/27/2020T17:20:00 ,153944,594,433,50,85,20,4,1430,0,1186
4857,03/27/2020T17:30:00 ,153944,593,434,49,85,20,4,1431,0,1185
4858,03/27/2020T17:40:00 ,153944,591,436,49,85,20,4,1431,0,1185
4859,03/27/2020T17:50:00 ,153943,590,438,49,85,20,4,1431,0,1186
4860,03/27/2020T18:00:00 ,153942,588,441,48,86,20,4,1431,0,1187
4861,03/27/2020T18:10:00 ,153941,589,439,48,86,20,4,1433,0,1186
4862,03/27/2020T18:20:00 ,153940,589,440,48,86,20,4,1433,0,1187
4863,03/27/2020T18:30:00 ,153940,587,440,49,86,20,4,1434,0,1186
4864,03/27/2020T18:40:00 ,153940,584,441,51,86,20,4,1434,0,1186
4865,03/27/2020T18:50:00 ,153939,584,442,51,86,20,4,1434,0,1187
4866,03/27/2020T19:00:00 ,153938,583,444,51,86,20,4,1434,0,1188
4867,03/27/2020T19:10:00 ,153938,583,443,51,86,20,4,1435,0,1187
4868,03/27/2020T19:20:00 ,153937,584,441,51,85,20,4,1438,0,1185
4869,03/27/2020T19:30:00 ,153936,584,441,51,85,20,4,1439,0,1185
4870,03/27/2020T19:40:00 ,153936,583,441,51,85,20,4,1440,0,1184
4871,03/27/2020T19:50:00 ,153936,580,442,52,86,20,4,1440,0,1184
4872,03/27/2020T20:00:00 ,153935,581,442,52,86,20,4,1440,0,1185
4873,03/27/2020T20:10:00 ,153935,580,442,53,86,20,4,1440,0,1185
4874,03/27/2020T20:20:00 ,153933,580,444,53,86,20,4,1440,0,1187
4875,03/27/2020T20:30:00 ,153933,579,444,53,86,20,4,1441,0,1186
4876,03/27/2020T20:40:00 ,153931,581,444,53,86,20,4,1441,0,1188
4877,03/27/2020T20:50:00 ,153927,584,444,53,86,20,4,1442,0,1191
4878,03/27/2020T21:00:00 ,153926,585,443,53,86,20,4,1443,0,1191
4879,03/27/2020T21:10:00 ,153925,584,443,54,86,20,4,1444,0,1191
4880,03/27/2020T21:20:00 ,153923,583,445,55,86,20,4,1444,0,1193
4881,03/27/2020T21:30:00 ,153922,583,445,56,85,20,4,1445,0,1193
4882,03/27/2020T21:40:00 ,153921,584,444,56,84,20,4,1447,0,1192
4883,03/27/2020T21:50:00 ,153921,582,445,57,84,20,4,1447,0,1192
4884,03/27/2020T22:00:00 ,153920,581,445,58,84,20,4,1448,0,1192
4885,03/27/2020T22:10:00 ,153919,581,444,59,84,20,4,1449,0,1192
4886,03/27/2020T22:20:00 ,153918,582,444,59,84,20,4,1449,0,1193
4887,03/27/2020T22:30:00 ,153918,582,444,59,83,20,4,1450,0,1192
4888,03/27/2020T22:40:00 ,153918,580,446,58,84,20,4,1450,0,1192
4889,03/27/2020T22:50:00 ,153917,580,445,59,84,20,4,1451,0,1192
4890,03/27/2020T23:00:00 ,153917,578,447,59,84,20,4,1451,0,1192
4891,03/27/2020T23:10:00 ,153917,578,446,59,84,20,4,1452,0,1191
4892,03/27/2020T23:20:00 ,153917,578,444,59,84,20,4,1454,0,1189
4893,03/27/2020T23:30:00 ,153917,577,443,58,84,20,4,1457,0,1186
4894,03/27/2020T23:40:00 ,153917,575,445,57,84,21,4,1457,0,1186
4895,03/27/2020T23:50:00 ,153917,574,446,56,85,21,4,1457,0,1186
4896,03/28/2020T00:00:00 ,153917,573,447,56,85,21,4,1457,0,1186
4897,03/28/2020T00:10:00 ,153917,571,449,56,85,21,4,1457,0,1186
4898,03/28/2020T00:20:00 ,153917,570,450,56,85,21,4,1457,0,1186
4899,03/28/2020T00:30:00 ,153917,570,450,56,85,21,4,1457,0,1186
4900,03/28/2020T00:40:00 ,153917,569,450,56,85,21,4,1458,0,1185
4901,03/28/2020T00:50:00 ,153917,568,451,56,85,21,4,1458,0,1185
4902,03/28/2020T01:00:00 ,153916,568,450,56,84,21,4,1461,0,1183
4903,03/28/2020T01:10:00 ,153916,568,449,56,83,21,4,1463,0,1181
4904,03/28/2020T01:20:00 ,153916,567,450,56,81,21,4,1465,0,1179
4905,03/28/2020T01:30:00 ,153915,566,451,57,81,21,4,1465,0,1180
4906,03/28/2020T01:40:00 ,153915,565,452,57,81,21,4,1465,0,1180
4907,03/28/2020T01:50:00 ,153915,563,453,57,81,21,4,1466,0,1179
4908,03/28/2020T02:00:00 ,153914,562,454,58,80,21,4,1467,0,1179
4909,03/28/2020T02:10:00 ,153913,559,456,60,79,20,4,1469,0,1178
4910,03/28/2020T02:20:00 ,153912,559,456,60,79,20,4,1470,0,1178
4911,03/28/2020T02:30:00 ,153912,557,458,60,79,20,4,1470,0,1178
4912,03/28/2020T02:40:00 ,153911,556,457,62,79,20,4,1471,0,1178
4913,03/28/2020T02:50:00 ,153909,558,456,62,79,20,4,1472,0,1179
4914,03/28/2020T03:00:00 ,153909,556,455,61,79,20,4,1476,0,1175
4915,03/28/2020T03:10:00 ,153908,556,455,61,78,20,4,1478,0,1174
4916,03/28/2020T03:20:00 ,153908,555,455,60,79,20,4,1479,0,1173
4917,03/28/2020T03:30:00 ,153907,553,455,61,79,20,4,1481,0,1172
4918,03/28/2020T03:40:00 ,153906,553,454,62,78,20,4,1483,0,1171
4919,03/28/2020T03:50:00 ,153906,551,456,62,78,20,4,1483,0,1171
4920,03/28/2020T04:00:00 ,153906,547,458,63,78,20,4,1484,0,1170
4921,03/28/2020T04:10:00 ,153906,547,457,63,78,20,4,1485,0,1169
4922,03/28/2020T04:20:00 ,153906,543,460,64,78,20,4,1485,0,1169
4923,03/28/2020T04:30:00 ,153906,542,460,64,78,20,4,1486,0,1168
4924,03/28/2020T04:40:00 ,153906,541,461,63,79,20,4,1486,0,1168
4925,03/28/2020T04:50:00 ,153905,542,461,63,78,20,4,1487,0,1168
4926,03/28/2020T05:00:00 ,153905,541,459,63,78,20,4,1490,0,1165
4927,03/28/2020T05:10:00 ,153905,541,459,63,77,20,4,1491,0,1164
4928,03/28/2020T05:20:00 ,153905,540,460,63,76,20,4,1492,0,1163
4929,03/28/2020T05:30:00 ,153905,538,462,63,76,20,4,1492,0,1163
4930,03/28/2020T05:40:00 ,153904,539,461,62,76,20,4,1494,0,1162
4931,03/28/2020T05:50:00 ,153904,539,461,62,76,20,4,1494,0,1162
4932,03/28/2020T06:00:00 ,153903,539,462,61,77,20,4,1494,0,1163
4933,03/28/2020T06:10:00 ,153903,538,462,62,76,20,4,1495,0,1162
4934,03/28/2020T06:20:00 ,153903,538,461,62,76,20,4,1496,0,1161
4935,03/28/2020T06:30:00 ,153903,537,462,62,76,20,4,1496,0,1161
4936,03/28/2020T06:40:00 ,153903,534,463,62,76,20,4,1498,0,1159
4937,03/28/2020T06:50:00 ,153903,533,464,62,76,20,4,1498,0,1159
4938,03/28/2020T07:00:00 ,153901,531,467,63,76,20,4,1498,0,1161
4939,03/28/2020T07:10:00 ,153900,530,469,63,76,20,4,1498,0,1162
4940,03/28/2020T07:20:00 ,153900,529,469,63,77,20,4,1498,0,1162
4941,03/28/2020T07:30:00 ,153900,529,468,63,77,20,4,1499,0,1161
4942,03/28/2020T07:40:00 ,153899,528,470,63,77,20,4,1499,0,1162
4943,03/28/2020T07:50:00 ,153898,529,469,63,77,20,4,1500,0,1162
4944,03/28/2020T08:00:00 ,153897,529,468,63,77,20,4,1502,0,1161
4945,03/28/2020T08:10:00 ,153896,530,468,63,76,20,4,1503,0,1161
4946,03/28/2020T08:20:00 ,153895,531,467,63,75,20,4,1505,0,1160
4947,03/28/2020T08:30:00 ,153895,531,465,63,75,20,4,1507,0,1158
4948,03/28/2020T08:40:00 ,153893,531,465,64,74,20,4,1509,0,1158
4949,03/28/2020T08:50:00 ,153892,531,465,64,74,20,4,1510,0,1158
4950,03/28/2020T09:00:00 ,153889,532,467,64,74,20,4,1510,0,1161
4951,03/28/2020T09:10:00 ,153887,532,467,66,74,20,4,1510,0,1163
4952,03/28/2020T09:20:00 ,153885,533,467,66,74,20,4,1511,0,1164
4953,03/28/2020T09:30:00 ,153882,536,467,66,74,20,4,1511,0,1167
4954,03/28/2020T09:40:00 ,153875,542,467,66,72,21,4,1513,0,1172
4955,03/28/2020T09:50:00 ,153872,545,466,66,72,21,4,1514,0,1174
4956,03/28/2020T10:00:00 ,153869,546,468,66,71,21,4,1515,0,1176
4957,03/28/2020T10:10:00 ,153869,545,469,66,71,21,4,1515,0,1176
4958,03/28/2020T10:20:00 ,153866,547,469,66,70,21,4,1517,0,1177
4959,03/28/2020T10:30:00 ,153862,549,469,66,70,21,4,1519,0,1179
4960,03/28/2020T10:40:00 ,153860,549,469,67,70,21,4,1520,0,1180
4961,03/28/2020T10:50:00 ,153852,556,470,67,70,21,4,1520,0,1188
4962,03/28/2020T11:00:00 ,153849,559,470,67,69,21,4,1521,0,1190
4963,03/28/2020T11:10:00 ,153845,562,468,68,69,21,4,1523,0,1192
4964,03/28/2020T11:20:00 ,153840,566,468,68,69,21,4,1524,0,1196
4965,03/28/2020T11:30:00 ,153838,566,470,67,70,21,4,1524,0,1198
4966,03/28/2020T11:40:00 ,153833,570,470,68,70,21,4,1524,0,1203
4967,03/28/2020T11:50:00 ,153829,573,469,69,70,21,4,1525,0,1206
4968,03/28/2020T12:00:00 ,153826,575,470,67,71,21,4,1526,0,1208
4969,03/28/2020T12:10:00 ,153823,578,469,67,71,21,4,1527,0,1210
4970,03/28/2020T12:20:00 ,153817,584,469,67,71,21,4,1527,0,1216
4971,03/28/2020T12:30:00 ,153816,584,470,67,71,21,4,1527,0,1217
4972,03/28/2020T12:40:00 ,153813,587,469,67,71,21,4,1528,0,1219
4973,03/28/2020T12:50:00 ,153808,592,468,67,71,21,4,1529,0,1223
4974,03/28/2020T13:00:00 ,153803,596,468,67,71,21,4,1530,0,1227
4975,03/28/2020T13:10:00 ,153800,597,470,67,71,21,4,1530,0,1230
4976,03/28/2020T13:20:00 ,153796,600,471,67,71,21,4,1530,0,1234
4977,03/28/2020T13:30:00 ,153793,600,474,67,71,21,4,1530,0,1237
4978,03/28/2020T13:40:00 ,153791,600,476,67,71,21,4,1530,0,1239
4979,03/28/2020T13:50:00 ,153789,602,476,67,71,21,4,1530,0,1241
4980,03/28/2020T14:00:00 ,153787,602,476,68,71,21,4,1531,0,1242
4981,03/28/2020T14:10:00 ,153784,605,474,67,72,21,4,1533,0,1243
4982,03/28/2020T14:20:00 ,153783,605,474,68,72,21,4,1533,0,1244
4983,03/28/2020T14:30:00 ,153780,608,473,67,73,21,4,1534,0,1246
4984,03/28/2020T14:40:00 ,153774,611,475,67,73,21,4,1535,0,1251
4985,03/28/2020T14:50:00 ,153771,613,476,66,74,21,4,1535,0,1254
4986,03/28/2020T15:00:00 ,153769,613,478,66,74,21,4,1535,0,1256
4987,03/28/2020T15:10:00 ,153768,613,477,65,76,21,4,1536,0,1256
4988,03/28/2020T15:20:00 ,153766,615,476,65,76,21,4,1537,0,1257
4989,03/28/2020T15:30:00 ,153764,615,477,65,76,21,4,1538,0,1258
4990,03/28/2020T15:40:00 ,153761,618,476,65,76,21,4,1539,0,1260
4991,03/28/2020T15:50:00 ,153757,620,476,66,76,21,4,1540,0,1263
4992,03/28/2020T16:00:00 ,153751,626,476,66,76,21,4,1540,0,1269
4993,03/28/2020T16:10:00 ,153746,628,477,66,77,21,4,1541,0,1273
4994,03/28/2020T16:20:00 ,153741,631,479,66,77,21,4,1541,0,1278
4995,03/28/2020T16:30:00 ,153738,633,479,66,76,21,4,1543,0,1279
4996,03/28/2020T16:40:00 ,153736,634,480,66,76,21,4,1543,0,1281
4997,03/28/2020T16:50:00 ,153734,635,480,66,76,21,4,1544,0,1282
4998,03/28/2020T17:00:00 ,153732,636,480,67,76,21,4,1544,0,1284
4999,03/28/2020T17:10:00 ,153731,635,482,67,75,21,4,1545,0,1284
5000,03/28/2020T17:20:00 ,153731,634,483,67,75,21,4,1545,0,1284
5001,03/28/2020T17:30:00 ,153729,636,482,66,75,21,4,1547,0,1284
5002,03/28/2020T17:40:00 ,153727,637,482,66,74,22,4,1548,0,1285
5003,03/28/2020T17:50:00 ,153726,636,483,65,75,22,4,1549,0,1285
5004,03/28/2020T18:00:00 ,153726,635,483,65,75,22,4,1550,0,1284
5005,03/28/2020T18:10:00 ,153726,635,482,65,75,22,4,1551,0,1283
5006,03/28/2020T18:20:00 ,153725,636,482,65,74,23,4,1551,0,1284
5007,03/28/2020T18:30:00 ,153725,635,482,65,74,23,4,1552,0,1283
5008,03/28/2020T18:40:00 ,153725,633,483,65,73,23,4,1554,0,1281
5009,03/28/2020T18:50:00 ,153724,632,483,65,74,23,4,1555,0,1281
5010,03/28/2020T19:00:00 ,153724,631,484,65,74,23,4,1555,0,1281
5011,03/28/2020T19:10:00 ,153724,630,481,64,75,23,4,1559,0,1277
5012,03/28/2020T19:20:00 ,153724,628,483,64,75,23,4,1559,0,1277
5013,03/28/2020T19:30:00 ,153723,628,484,63,76,23,4,1559,0,1278
5014,03/28/2020T19:40:00 ,153723,624,486,65,76,23,4,1559,0,1278
5015,03/28/2020T19:50:00 ,153722,623,487,65,76,23,4,1560,0,1278
5016,03/28/2020T20:00:00 ,153722,622,487,66,76,23,4,1560,0,1278
5017,03/28/2020T20:10:00 ,153721,622,485,67,76,23,4,1562,0,1277
5018,03/28/2020T20:20:00 ,153721,622,485,66,77,23,4,1562,0,1277
5019,03/28/2020T20:30:00 ,153720,622,486,66,77,23,4,1562,0,1278
5020,03/28/2020T20:40:00 ,153718,623,486,67,77,23,4,1562,0,1280
5021,03/28/2020T20:50:00 ,153716,625,486,67,77,23,4,1562,0,1282
5022,03/28/2020T21:00:00 ,153714,627,485,67,77,23,4,1563,0,1283
5023,03/28/2020T21:10:00 ,153712,628,486,67,77,23,4,1563,0,1285
5024,03/28/2020T21:20:00 ,153710,627,488,68,77,23,4,1563,0,1287
5025,03/28/2020T21:30:00 ,153709,627,489,68,76,24,4,1563,0,1288
5026,03/28/2020T21:40:00 ,153707,626,492,68,76,24,4,1563,0,1290
5027,03/28/2020T21:50:00 ,153707,625,493,67,77,24,4,1563,0,1290
5028,03/28/2020T22:00:00 ,153705,626,492,67,77,24,4,1565,0,1290
5029,03/28/2020T22:10:00 ,153704,624,494,67,78,24,4,1565,0,1291
5030,03/28/2020T22:20:00 ,153703,624,493,68,78,24,4,1566,0,1291
5031,03/28/2020T22:30:00 ,153703,623,493,68,77,24,4,1568,0,1289
5032,03/28/2020T22:40:00 ,153703,621,493,69,76,24,4,1570,0,1287
5033,03/28/2020T22:50:00 ,153701,621,493,69,77,24,4,1571,0,1288
5034,03/28/2020T23:00:00 ,153701,621,491,69,77,24,4,1573,0,1286
5035,03/28/2020T23:10:00 ,153701,620,492,69,76,24,4,1574,0,1285
5036,03/28/2020T23:20:00 ,153701,618,493,69,76,24,4,1575,0,1284
5037,03/28/2020T23:30:00 ,153701,617,494,67,78,24,4,1575,0,1284
5038,03/28/2020T23:40:00 ,153701,616,494,68,78,24,4,1575,0,1284
5039,03/28/2020T23:50:00 ,153701,615,495,68,78,24,4,1575,0,1284
5040,03/29/2020T00:00:00 ,153701,614,496,68,77,24,4,1576,0,1283
5041,03/29/2020T00:10:00 ,153701,613,496,68,77,24,4,1577,0,1282
5042,03/29/2020T00:20:00 ,153700,613,496,68,77,24,4,1578,0,1282
5043,03/29/2020T00:30:00 ,153700,611,498,68,76,24,4,1579,0,1281
5044,03/29/2020T00:40:00 ,153700,609,497,70,76,24,4,1580,0,1280
5045,03/29/2020T00:50:00 ,153700,607,499,70,76,24,4,1580,0,1280
5046,03/29/2020T01:00:00 ,153700,604,500,71,75,25,4,1581,0,1279
5047,03/29/2020T01:10:00 ,153699,604,500,71,74,25,4,1583,0,1278
5048,03/29/2020T01:20:00 ,153697,605,498,70,74,25,4,1587,0,1276
5049,03/29/2020T01:30:00 ,153697,602,500,71,73,25,4,1588,0,1275
5050,03/29/2020T01:40:00 ,153697,599,503,71,73,25,4,1588,0,1275
5051,03/29/2020T01:50:00 ,153697,599,502,71,73,25,4,1589,0,1274
5052,03/29/2020T02:00:00 ,153697,599,502,71,73,25,4,1589,0,1274
5053,03/29/2020T02:10:00 ,153697,597,503,72,73,25,4,1589,0,1274
5054,03/29/2020T02:20:00 ,153697,595,505,72,73,25,4,1589,0,1274
5055,03/29/2020T02:30:00 ,153697,595,504,72,73,25,4,1590,0,1273
5056,03/29/2020T02:40:00 ,153697,594,504,73,73,25,4,1590,0,1273
5057,03/29/2020T02:50:00 ,153696,593,505,71,75,25,4,1591,0,1273
5058,03/29/2020T03:00:00 ,153696,592,504,72,75,25,4,1592,0,1272
5059,03/29/2020T03:10:00 ,153696,590,505,73,75,25,4,1592,0,1272
5060,03/29/2020T03:20:00 ,153696,590,503,73,75,25,4,1594,0,1270
5061,03/29/2020T03:30:00 ,153696,588,505,73,75,25,4,1594,0,1270
5062,03/29/2020T03:40:00 ,153696,588,504,73,75,25,4,1595,0,1269
5063,03/29/2020T03:50:00 ,153696,586,504,73,75,25,4,1597,0,1267
5064,03/29/2020T04:00:00 ,153696,586,504,72,76,25,4,1597,0,1267
5065,03/29/2020T04:10:00 ,153696,586,504,72,76,25,4,1597,0,1267
5066,03/29/2020T04:20:00 ,153696,586,503,72,76,25,4,1598,0,1266
5067,03/29/2020T04:30:00 ,153696,584,504,73,76,25,4,1598,0,1266
5068,03/29/2020T04:40:00 ,153696,582,505,74,76,25,4,1598,0,1266
5069,03/29/2020T04:50:00 ,153696,581,503,74,76,25,4,1601,0,1263
5070,03/29/2020T05:00:00 ,153695,582,503,74,75,25,4,1602,0,1263
5071,03/29/2020T05:10:00 ,153695,581,503,74,75,25,4,1603,0,1262
5072,03/29/2020T05:20:00 ,153694,580,505,74,75,25,4,1603,0,1263
5073,03/29/2020T05:30:00 ,153693,580,505,75,75,25,4,1603,0,1264
5074,03/29/2020T05:40:00 ,153693,577,507,76,75,25,4,1603,0,1264
5075,03/29/2020T05:50:00 ,153692,576,508,77,75,25,4,1603,0,1265
5076,03/29/2020T06:00:00 ,153692,576,507,77,74,25,4,1605,0,1263
5077,03/29/2020T06:10:00 ,153692,573,510,76,75,25,4,1605,0,1263
5078,03/29/2020T06:20:00 ,153692,573,510,76,75,25,4,1605,0,1263
5079,03/29/2020T06:30:00 ,153692,573,510,76,75,25,4,1605,0,1263
5080,03/29/2020T06:40:00 ,153692,569,514,76,75,25,4,1605,0,1263
5081,03/29/2020T06:50:00 ,153692,569,514,76,75,25,4,1605,0,1263
5082,03/29/2020T07:00:00 ,153692,568,515,76,75,25,4,1605,0,1263
5083,03/29/2020T07:10:00 ,153692,568,515,76,75,25,4,1605,0,1263
5084,03/29/2020T07:20:00 ,153691,566,518,76,75,25,4,1605,0,1264
5085,03/29/2020T07:30:00 ,153691,563,521,76,75,25,4,1605,0,1264
5086,03/29/2020T07:40:00 ,153690,562,522,77,75,25,4,1605,0,1265
5087,03/29/2020T07:50:00 ,153690,560,524,77,75,25,4,1605,0,1265
5088,03/29/2020T08:00:00 ,153690,560,524,77,75,25,4,1605,0,1265
5089,03/29/2020T08:10:00 ,153690,559,525,77,75,25,4,1605,0,1265
5090,03/29/2020T08:20:00 ,153689,559,526,77,75,25,4,1605,0,1266
5091,03/29/2020T08:30:00 ,153689,559,526,77,75,25,4,1605,0,1266
5092,03/29/2020T08:40:00 ,153688,559,527,77,75,25,4,1605,0,1267
5093,03/29/2020T08:50:00 ,153688,557,529,77,75,25,4,1605,0,1267
5094,03/29/2020T09:00:00 ,153688,557,528,77,75,25,4,1606,0,1266
5095,03/29/2020T09:10:00 ,153688,555,528,78,75,25,4,1607,0,1265
5096,03/29/2020T09:20:00 ,153688,555,527,78,75,25,4,1608,0,1264
5097,03/29/2020T09:30:00 ,153688,553,528,77,76,25,4,1609,0,1263
5098,03/29/2020T09:40:00 ,153688,550,530,78,76,25,4,1609,0,1263
5099,03/29/2020T09:50:00 ,153688,547,533,78,76,25,4,1609,0,1263
5100,03/29/2020T10:00:00 ,153687,548,533,78,76,25,4,1609,0,1264
5101,03/29/2020T10:10:00 ,153687,546,533,78,76,25,4,1611,0,1262
5102,03/29/2020T10:20:00 ,153686,546,533,78,75,25,4,1613,0,1261
5103,03/29/2020T10:30:00 ,153686,544,535,78,75,25,4,1613,0,1261
5104,03/29/2020T10:40:00 ,153685,545,535,78,74,25,4,1614,0,1261
5105,03/29/2020T10:50:00 ,153685,545,535,77,75,25,4,1614,0,1261
5106,03/29/2020T11:00:00 ,153685,544,532,78,75,25,4,1617,0,1258
5107,03/29/2020T11:10:00 ,153685,542,533,79,75,25,4,1617,0,1258
5108,03/29/2020T11:20:00 ,153685,542,532,78,76,25,4,1618,0,1257
5109,03/29/2020T11:30:00 ,153685,542,531,77,77,25,4,1619,0,1256
5110,03/29/2020T11:40:00 ,153684,540,531,79,76,25,4,1621,0,1255
5111,03/29/2020T11:50:00 ,153684,539,529,79,77,25,4,1623,0,1253
5112,03/29/2020T12:00:00 ,153684,537,527,80,78,25,4,1625,0,1251
5113,03/29/2020T12:10:00 ,153683,537,528,80,78,25,4,1625,0,1252
5114,03/29/2020T12:20:00 ,153683,534,530,81,77,25,4,1626,0,1251
5115,03/29/2020T12:30:00 ,153683,534,530,81,77,25,4,1626,0,1251
5116,03/29/2020T12:40:00 ,153683,531,532,82,76,25,4,1627,0,1250
5117,03/29/2020T12:50:00 ,153681,532,533,81,77,25,4,1627,0,1252
5118,03/29/2020T13:00:00 ,153681,530,531,82,78,25,4,1629,0,1250
5119,03/29/2020T13:10:00 ,153681,527,533,83,78,25,4,1629,0,1250
5120,03/29/2020T13:20:00 ,153680,526,531,85,78,25,4,1631,0,1249
5121,03/29/2020T13:30:00 ,153680,524,532,85,77,26,4,1632,0,1248
5122,03/29/2020T13:40:00 ,153680,524,531,85,77,26,4,1633,0,1247
5123,03/29/2020T13:50:00 ,153679,524,530,85,77,26,4,1635,0,1246
5124,03/29/2020T14:00:00 ,153678,523,529,86,77,26,4,1637,0,1245
5125,03/29/2020T14:10:00 ,153678,522,530,85,78,26,4,1637,0,1245
5126,03/29/2020T14:20:00 ,153678,522,530,84,79,26,4,1637,0,1245
5127,03/29/2020T14:30:00 ,153677,522,530,85,79,26,4,1637,0,1246
5128,03/29/2020T14:40:00 ,153677,521,531,85,79,26,4,1637,0,1246
5129,03/29/2020T14:50:00 ,153677,519,532,85,80,26,4,1637,0,1246
5130,03/29/2020T15:00:00 ,153677,516,533,86,80,26,4,1638,0,1245
5131,03/29/2020T15:10:00 ,153676,514,535,87,80,25,4,1639,0,1245
5132,03/29/2020T15:20:00 ,153676,512,537,87,80,25,4,1639,0,1245
5133,03/29/2020T15:30:00 ,153676,511,538,87,80,25,4,1639,0,1245
5134,03/29/2020T15:40:00 ,153676,509,539,88,80,25,4,1639,0,1245
5135,03/29/2020T15:50:00 ,153676,507,541,87,80,25,4,1640,0,1244
5136,03/29/2020T16:00:00 ,153676,506,541,87,80,25,4,1641,0,1243
5137,03/29/2020T16:10:00 ,153676,505,542,87,80,25,4,1641,0,1243
5138,03/29/2020T16:20:00 ,153676,503,542,89,80,25,4,1641,0,1243
5139,03/29/2020T16:30:00 ,153676,501,544,89,80,25,4,1641,0,1243
5140,03/29/2020T16:40:00 ,153676,500,545,89,79,26,4,1641,0,1243
5141,03/29/2020T16:50:00 ,153676,497,548,89,78,26,4,1642,0,1242
5142,03/29/2020T17:00:00 ,153676,495,549,90,78,26,4,1642,0,1242
5143,03/29/2020T17:10:00 ,153675,495,550,90,78,26,4,1642,0,1243
5144,03/29/2020T17:20:00 ,153675,493,550,90,79,26,4,1643,0,1242
5145,03/29/2020T17:30:00 ,153675,491,552,89,80,26,4,1643,0,1242
5146,03/29/2020T17:40:00 ,153672,492,554,88,81,27,3,1643,0,1245
5147,03/29/2020T17:50:00 ,153672,490,555,89,81,27,3,1643,0,1245
5148,03/29/2020T18:00:00 ,153672,488,556,89,81,27,3,1644,0,1244
5149,03/29/2020T18:10:00 ,153671,489,556,89,81,27,3,1644,0,1245
5150,03/29/2020T18:20:00 ,153671,489,556,88,81,28,3,1644,0,1245
5151,03/29/2020T18:30:00 ,153671,489,555,88,80,28,3,1646,0,1243
5152,03/29/2020T18:40:00 ,153671,488,556,88,80,28,3,1646,0,1243
5153,03/29/2020T18:50:00 ,153671,486,558,88,80,28,3,1646,0,1243
5154,03/29/2020T19:00:00 ,153670,485,557,88,81,28,3,1648,0,1242
5155,03/29/2020T19:10:00 ,153669,483,559,89,80,28,3,1649,0,1242
5156,03/29/2020T19:20:00 ,153668,483,560,89,80,28,3,1649,0,1243
5157,03/29/2020T19:30:00 ,153668,482,560,88,81,28,3,1650,0,1242
5158,03/29/2020T19:40:00 ,153668,480,561,89,81,28,3,1650,0,1242
5159,03/29/2020T19:50:00 ,153667,480,561,90,81,28,3,1650,0,1243
5160,03/29/2020T20:00:00 ,153667,479,561,91,81,28,3,1650,0,1243
5161,03/29/2020T20:10:00 ,153664,480,562,91,81,28,3,1651,0,1245
5162,03/29/2020T20:20:00 ,153662,481,563,91,81,28,3,1651,0,1247
5163,03/29/2020T20:30:00 ,153661,479,564,92,81,28,3,1652,0,1247
5164,03/29/2020T20:40:00 ,153658,481,565,91,82,28,3,1652,0,1250
5165,03/29/2020T20:50:00 ,153655,482,566,91,82,28,3,1653,0,1252
5166,03/29/2020T21:00:00 ,153653,483,566,92,82,28,3,1653,0,1254
5167,03/29/2020T21:10:00 ,153652,484,565,92,82,28,3,1654,0,1254
5168,03/29/2020T21:20:00 ,153652,484,565,91,83,28,3,1654,0,1254
5169,03/29/2020T21:30:00 ,153652,483,566,90,84,28,3,1654,0,1254
5170,03/29/2020T21:40:00 ,153651,483,566,89,85,28,3,1655,0,1254
5171,03/29/2020T21:50:00 ,153651,483,564,88,86,28,3,1657,0,1252
5172,03/29/2020T22:00:00 ,153650,483,563,89,86,28,3,1658,0,1252
5173,03/29/2020T22:10:00 ,153649,482,565,88,87,28,3,1658,0,1253
5174,03/29/2020T22:20:00 ,153649,482,565,87,88,28,3,1658,0,1253
5175,03/29/2020T22:30:00 ,153649,481,565,87,88,28,3,1659,0,1252
5176,03/29/2020T22:40:00 ,153648,481,566,87,88,28,3,1659,0,1253
5177,03/29/2020T22:50:00 ,153648,481,565,87,88,28,3,1660,0,1252
5178,03/29/2020T23:00:00 ,153648,479,566,87,89,28,3,1660,0,1252
5179,03/29/2020T23:10:00 ,153648,479,564,87,89,28,3,1662,0,1250
5180,03/29/2020T23:20:00 ,153648,478,564,87,88,28,3,1664,0,1248
5181,03/29/2020T23:30:00 ,153648,478,564,87,87,28,3,1665,0,1247
5182,03/29/2020T23:40:00 ,153648,477,565,87,87,28,3,1665,0,1247
5183,03/29/2020T23:50:00 ,153648,475,565,88,88,28,3,1665,0,1247
5184,03/30/2020T00:00:00 ,153648,473,566,88,88,28,3,1666,0,1246
5185,03/30/2020T00:10:00 ,153648,470,568,87,89,28,3,1667,0,1245
5186,03/30/2020T00:20:00 ,153648,469,567,87,89,28,3,1669,0,1243
5187,03/30/2020T00:30:00 ,153647,470,567,87,89,28,3,1669,0,1244
5188,03/30/2020T00:40:00 ,153647,469,568,86,90,28,3,1669,0,1244
5189,03/30/2020T00:50:00 ,153646,469,568,84,92,28,3,1670,0,1244
5190,03/30/2020T01:00:00 ,153645,466,571,85,92,28,3,1670,0,1245
5191,03/30/2020T01:10:00 ,153644,467,570,85,92,28,3,1671,0,1245
5192,03/30/2020T01:20:00 ,153644,466,568,85,92,28,3,1674,0,1242
5193,03/30/2020T01:30:00 ,153644,465,569,85,92,28,3,1674,0,1242
5194,03/30/2020T01:40:00 ,153643,466,567,85,91,28,3,1677,0,1240
5195,03/30/2020T01:50:00 ,153643,464,569,85,90,28,3,1678,0,1239
5196,03/30/2020T02:00:00 ,153643,461,572,84,91,28,3,1678,0,1239
5197,03/30/2020T02:10:00 ,153643,459,573,84,91,28,3,1679,0,1238
5198,03/30/2020T02:20:00 ,153642,459,574,84,91,28,3,1679,0,1239
5199,03/30/2020T02:30:00 ,153642,459,572,82,93,28,3,1681,0,1237
5200,03/30/2020T02:40:00 ,153642,457,573,82,93,28,3,1682,0,1236
5201,03/30/2020T02:50:00 ,153642,456,573,82,93,27,3,1684,0,1234
5202,03/30/2020T03:00:00 ,153642,455,573,82,93,27,3,1685,0,1233
5203,03/30/2020T03:10:00 ,153642,454,574,82,93,27,3,1685,0,1233
5204,03/30/2020T03:20:00 ,153642,452,575,83,93,27,3,1685,0,1233
5205,03/30/2020T03:30:00 ,153641,452,576,83,93,27,3,1685,0,1234
5206,03/30/2020T03:40:00 ,153639,453,577,83,92,27,3,1686,0,1235
5207,03/30/2020T03:50:00 ,153637,455,575,83,92,27,3,1688,0,1235
5208,03/30/2020T04:00:00 ,153637,454,574,80,95,27,3,1690,0,1233
5209,03/30/2020T04:10:00 ,153637,451,577,80,95,27,3,1690,0,1233
5210,03/30/2020T04:20:00 ,153637,451,576,79,96,27,3,1691,0,1232
5211,03/30/2020T04:30:00 ,153637,450,576,78,96,27,3,1693,0,1230
5212,03/30/2020T04:40:00 ,153637,449,577,78,96,27,3,1693,0,1230
5213,03/30/2020T04:50:00 ,153637,449,576,78,96,27,3,1694,0,1229
5214,03/30/2020T05:00:00 ,153637,448,575,78,96,27,3,1696,0,1227
5215,03/30/2020T05:10:00 ,153637,447,573,79,96,27,3,1698,0,1225
5216,03/30/2020T05:20:00 ,153637,446,574,79,96,27,3,1698,0,1225
5217,03/30/2020T05:30:00 ,153636,446,574,80,96,27,3,1698,0,1226
5218,03/30/2020T05:40:00 ,153636,446,573,80,95,27,3,1700,0,1224
5219,03/30/2020T05:50:00 ,153635,445,573,82,95,27,3,1700,0,1225
5220,03/30/2020T06:00:00 ,153635,444,573,82,95,27,3,1701,0,1224
5221,03/30/2020T06:10:00 ,153635,443,574,82,94,27,3,1702,0,1223
5222,03/30/2020T06:20:00 ,153635,442,572,83,94,27,3,1704,0,1221
5223,03/30/2020T06:30:00 ,153634,443,572,82,95,27,3,1704,0,1222
5224,03/30/2020T06:40:00 ,153634,441,572,82,96,27,3,1705,0,1221
5225,03/30/2020T06:50:00 ,153634,439,574,82,96,27,3,1705,0,1221
5226,03/30/2020T07:00:00 ,153634,438,573,82,94,27,3,1709,0,1217
5227,03/30/2020T07:10:00 ,153634,438,573,82,94,27,3,1709,0,1217
5228,03/30/2020T07:20:00 ,153634,438,573,81,95,27,3,1709,0,1217
5229,03/30/2020T07:30:00 ,153634,437,574,80,96,27,3,1709,0,1217
5230,03/30/2020T07:40:00 ,153634,437,573,79,96,27,3,1711,0,1215
5231,03/30/2020T07:50:00 ,153634,436,572,80,95,27,3,1713,0,1213
5232,03/30/2020T08:00:00 ,153634,435,572,81,95,27,3,1713,0,1213
5233,03/30/2020T08:10:00 ,153632,436,573,80,96,27,3,1713,0,1215
5234,03/30/2020T08:20:00 ,153631,437,572,79,97,27,3,1714,0,1215
5235,03/30/2020T08:30:00 ,153631,435,572,80,97,27,3,1715,0,1214
5236,03/30/2020T08:40:00 ,153631,435,572,80,97,27,3,1715,0,1214
5237,03/30/2020T08:50:00 ,153631,435,572,79,98,27,3,1715,0,1214
5238,03/30/2020T09:00:00 ,153630,433,573,81,98,27,3,1715,0,1215
5239,03/30/2020T09:10:00 ,153630,431,574,81,98,27,3,1716,0,1214
5240,03/30/2020T09:20:00 ,153629,430,576,81,98,27,3,1716,0,1215
5241,03/30/2020T09:30:00 ,153629,429,577,81,98,27,3,1716,0,1215
5242,03/30/2020T09:40:00 ,153629,427,577,82,98,27,3,1717,0,1214
5243,03/30/2020T09:50:00 ,153629,426,577,82,98,27,3,1718,0,1213
5244,03/30/2020T10:00:00 ,153629,425,578,81,99,27,3,1718,0,1213
5245,03/30/2020T10:10:00 ,153629,424,577,81,99,27,3,1720,0,1211
5246,03/30/2020T10:20:00 ,153629,422,578,81,99,27,3,1721,0,1210
5247,03/30/2020T10:30:00 ,153629,420,579,81,100,27,3,1721,0,1210
5248,03/30/2020T10:40:00 ,153629,418,580,81,100,27,3,1722,0,1209
5249,03/30/2020T10:50:00 ,153629,416,581,81,100,27,3,1723,0,1208
5250,03/30/2020T11:00:00 ,153629,416,581,79,102,27,3,1723,0,1208
5251,03/30/2020T11:10:00 ,153629,415,579,80,101,27,3,1726,0,1205
5252,03/30/2020T11:20:00 ,153629,412,580,81,101,27,3,1727,0,1204
5253,03/30/2020T11:30:00 ,153629,411,581,81,101,27,3,1727,0,1204
5254,03/30/2020T11:40:00 ,153629,411,580,81,101,27,3,1728,0,1203
5255,03/30/2020T11:50:00 ,153629,410,580,81,101,27,3,1729,0,1202
5256,03/30/2020T12:00:00 ,153629,408,581,82,101,27,3,1729,0,1202
5257,03/30/2020T12:10:00 ,153629,406,583,80,103,27,3,1729,0,1202
5258,03/30/2020T12:20:00 ,153629,405,582,80,102,27,3,1732,0,1199
5259,03/30/2020T12:30:00 ,153628,405,582,80,102,27,3,1733,0,1199
5260,03/30/2020T12:40:00 ,153627,405,583,80,102,27,3,1733,0,1200
5261,03/30/2020T12:50:00 ,153626,405,583,81,102,27,3,1733,0,1201
5262,03/30/2020T13:00:00 ,153626,405,583,81,102,27,3,1733,0,1201
5263,03/30/2020T13:10:00 ,153626,403,584,82,102,27,3,1733,0,1201
5264,03/30/2020T13:20:00 ,153626,403,584,82,102,27,3,1733,0,1201
5265,03/30/2020T13:30:00 ,153626,402,583,83,102,27,3,1734,0,1200
5266,03/30/2020T13:40:00 ,153626,401,584,83,101,27,3,1735,0,1199
5267,03/30/2020T13:50:00 ,153626,400,584,83,101,27,3,1736,0,1198
5268,03/30/2020T14:00:00 ,153626,399,583,83,101,27,3,1738,0,1196
5269,03/30/2020T14:10:00 ,153626,397,584,82,102,27,3,1739,0,1195
5270,03/30/2020T14:20:00 ,153625,396,585,83,102,27,3,1739,0,1196
5271,03/30/2020T14:30:00 ,153625,394,585,84,102,27,3,1740,0,1195
5272,03/30/2020T14:40:00 ,153624,395,584,83,103,27,3,1741,0,1195
5273,03/30/2020T14:50:00 ,153623,395,582,84,102,27,3,1744,0,1193
5274,03/30/2020T15:00:00 ,153623,394,582,84,102,27,3,1745,0,1192
5275,03/30/2020T15:10:00 ,153622,394,581,84,102,27,3,1747,0,1191
5276,03/30/2020T15:20:00 ,153622,392,581,83,104,27,3,1748,0,1190
5277,03/30/2020T15:30:00 ,153620,394,581,83,103,27,3,1749,0,1191
5278,03/30/2020T15:40:00 ,153620,394,580,82,103,27,3,1751,0,1189
5279,03/30/2020T15:50:00 ,153620,393,581,82,102,27,3,1752,0,1188
5280,03/30/2020T16:00:00 ,153620,391,583,82,102,27,3,1752,0,1188
5281,03/30/2020T16:10:00 ,153620,389,584,82,101,27,3,1754,0,1186
5282,03/30/2020T16:20:00 ,153620,388,584,82,101,27,3,1755,0,1185
5283,03/30/2020T16:30:00 ,153620,387,584,82,101,27,3,1756,0,1184
5284,03/30/2020T16:40:00 ,153618,384,588,83,101,27,3,1756,0,1186
5285,03/30/2020T16:50:00 ,153617,383,588,83,101,27,3,1758,0,1185
5286,03/30/2020T17:00:00 ,153617,383,588,83,100,27,3,1759,0,1184
5287,03/30/2020T17:10:00 ,153616,384,587,83,100,27,3,1760,0,1184
5288,03/30/2020T17:20:00 ,153615,383,587,83,100,27,3,1762,0,1183
5289,03/30/2020T17:30:00 ,153615,381,588,83,101,27,3,1762,0,1183
5290,03/30/2020T17:40:00 ,153615,376,589,85,101,27,3,1764,0,1181
5291,03/30/2020T17:50:00 ,153615,374,591,84,102,27,3,1764,0,1181
5292,03/30/2020T18:00:00 ,153615,374,590,84,102,27,3,1765,0,1180
5293,03/30/2020T18:10:00 ,153615,373,590,84,102,27,3,1766,0,1179
5294,03/30/2020T18:20:00 ,153615,373,590,84,102,27,3,1766,0,1179
5295,03/30/2020T18:30:00 ,153614,372,591,85,102,27,3,1766,0,1180
5296,03/30/2020T18:40:00 ,153613,372,592,84,102,27,3,1767,0,1180
5297,03/30/2020T18:50:00 ,153613,371,592,84,102,27,3,1768,0,1179
5298,03/30/2020T19:00:00 ,153613,367,594,84,102,27,3,1770,0,1177
5299,03/30/2020T19:10:00 ,153611,368,594,83,102,27,3,1772,0,1177
5300,03/30/2020T19:20:00 ,153610,366,596,84,102,27,3,1772,0,1178
5301,03/30/2020T19:30:00 ,153609,367,596,84,102,27,3,1772,0,1179
5302,03/30/2020T19:40:00 ,153608,367,596,84,101,27,3,1774,0,1178
5303,03/30/2020T19:50:00 ,153608,366,594,85,101,27,3,1776,0,1176
5304,03/30/2020T20:00:00 ,153608,365,594,85,101,27,3,1777,0,1175
5305,03/30/2020T20:10:00 ,153606,364,596,85,102,27,3,1777,0,1177
5306,03/30/2020T20:20:00 ,153605,364,597,85,102,27,3,1777,0,1178
5307,03/30/2020T20:30:00 ,153604,365,597,85,102,27,3,1777,0,1179
5308,03/30/2020T20:40:00 ,153603,365,596,84,103,27,3,1779,0,1178
5309,03/30/2020T20:50:00 ,153601,366,596,85,103,27,3,1779,0,1180
5310,03/30/2020T21:00:00 ,153600,366,597,85,103,27,3,1779,0,1181
5311,03/30/2020T21:10:00 ,153599,364,599,86,103,27,3,1779,0,1182
5312,03/30/2020T21:20:00 ,153597,366,598,86,103,27,3,1780,0,1183
5313,03/30/2020T21:30:00 ,153597,366,597,86,103,27,3,1781,0,1182
5314,03/30/2020T21:40:00 ,153596,367,596,86,103,27,3,1782,0,1182
5315,03/30/2020T21:50:00 ,153596,365,598,86,102,27,3,1782,1,1181
5316,03/30/2020T22:00:00 ,153595,366,598,86,102,27,3,1782,1,1182
5317,03/30/2020T22:10:00 ,153595,365,599,86,102,27,2,1782,2,1181
5318,03/30/2020T22:20:00 ,153595,365,598,86,102,27,2,1783,2,1180
5319,03/30/2020T22:30:00 ,153594,364,599,86,102,27,2,1784,2,1180
5320,03/30/2020T22:40:00 ,153592,366,598,86,102,27,2,1785,2,1181
5321,03/30/2020T22:50:00 ,153592,363,600,86,102,27,2,1786,2,1180
5322,03/30/2020T23:00:00 ,153592,363,600,86,102,27,2,1786,2,1180
5323,03/30/2020T23:10:00 ,153592,362,601,86,102,27,2,1786,2,1180
5324,03/30/2020T23:20:00 ,153591,363,601,86,102,27,2,1786,2,1181
5325,03/30/2020T23:30:00 ,153591,361,603,86,102,27,2,1786,2,1181
5326,03/30/2020T23:40:00 ,153590,360,605,86,102,27,2,1786,2,1182
5327,03/30/2020T23:50:00 ,153590,360,604,86,102,27,2,1787,2,1181
5328,03/31/2020T00:00:00 ,153590,360,603,86,102,27,2,1788,2,1180
5329,03/31/2020T00:10:00 ,153590,360,603,86,102,27,2,1788,2,1180
5330,03/31/2020T00:20:00 ,153589,360,603,85,102,27,2,1790,2,1179
5331,03/31/2020T00:30:00 ,153587,361,603,85,103,27,2,1790,2,1181
5332,03/31/2020T00:40:00 ,153587,360,604,85,103,27,2,1790,2,1181
5333,03/31/2020T00:50:00 ,153587,360,604,83,105,27,2,1790,2,1181
5334,03/31/2020T01:00:00 ,153587,357,604,85,105,27,2,1791,2,1180
5335,03/31/2020T01:10:00 ,153587,355,606,84,106,27,2,1791,2,1180
5336,03/31/2020T01:20:00 ,153585,356,607,84,106,27,2,1791,2,1182
5337,03/31/2020T01:30:00 ,153585,356,607,84,105,27,2,1792,2,1181
5338,03/31/2020T01:40:00 ,153584,355,608,84,105,27,2,1793,2,1181
5339,03/31/2020T01:50:00 ,153582,355,604,85,105,27,2,1798,2,1178
5340,03/31/2020T02:00:00 ,153581,355,604,86,105,27,2,1798,2,1179
5341,03/31/2020T02:10:00 ,153581,354,605,86,105,27,2,1798,2,1179
5342,03/31/2020T02:20:00 ,153581,354,603,86,105,27,2,1800,2,1177
5343,03/31/2020T02:30:00 ,153581,352,605,86,105,27,2,1800,2,1177
5344,03/31/2020T02:40:00 ,153581,352,603,86,105,27,2,1802,2,1175
5345,03/31/2020T02:50:00 ,153581,351,602,87,105,27,2,1803,2,1174
5346,03/31/2020T03:00:00 ,153580,352,602,87,105,27,2,1803,2,1175
5347,03/31/2020T03:10:00 ,153580,349,602,89,105,27,2,1804,2,1174
5348,03/31/2020T03:20:00 ,153580,348,602,89,105,27,2,1805,2,1173
5349,03/31/2020T03:30:00 ,153580,347,602,89,105,27,2,1806,2,1172
5350,03/31/2020T03:40:00 ,153580,344,605,89,105,27,2,1806,2,1172
5351,03/31/2020T03:50:00 ,153580,341,606,90,105,27,2,1807,2,1171
5352,03/31/2020T04:00:00 ,153579,342,604,89,106,27,2,1809,2,1170
5353,03/31/2020T04:10:00 ,153579,341,604,89,105,27,2,1811,2,1168
5354,03/31/2020T04:20:00 ,153579,340,604,89,105,27,2,1812,2,1167
5355,03/31/2020T04:30:00 ,153578,340,602,90,104,27,2,1815,2,1165
5356,03/31/2020T04:40:00 ,153578,338,603,90,104,27,2,1816,2,1164
5357,03/31/2020T04:50:00 ,153578,336,604,90,104,27,2,1817,2,1163
5358,03/31/2020T05:00:00 ,153578,333,605,90,105,27,2,1818,2,1162
5359,03/31/2020T05:10:00 ,153577,332,604,91,105,27,2,1820,2,1161
5360,03/31/2020T05:20:00 ,153577,331,605,91,105,27,2,1820,2,1161
5361,03/31/2020T05:30:00 ,153577,331,605,91,105,27,2,1820,2,1161
5362,03/31/2020T05:40:00 ,153577,331,604,89,107,27,2,1821,2,1160
5363,03/31/2020T05:50:00 ,153576,330,605,89,107,27,2,1822,2,1160
5364,03/31/2020T06:00:00 ,153576,328,607,89,107,27,2,1822,2,1160
5365,03/31/2020T06:10:00 ,153575,325,611,89,107,27,2,1822,2,1161
5366,03/31/2020T06:20:00 ,153575,324,612,89,107,27,2,1822,2,1161
5367,03/31/2020T06:30:00 ,153575,323,612,88,108,27,2,1823,2,1160
5368,03/31/2020T06:40:00 ,153575,323,612,88,108,27,2,1823,2,1160
5369,03/31/2020T06:50:00 ,153575,322,611,89,108,27,2,1824,2,1159
5370,03/31/2020T07:00:00 ,153575,320,613,87,110,27,2,1824,2,1159
5371,03/31/2020T07:10:00 ,153575,319,614,86,110,27,2,1825,2,1158
5372,03/31/2020T07:20:00 ,153574,320,614,86,110,27,2,1825,2,1159
5373,03/31/2020T07:30:00 ,153574,320,614,86,110,27,2,1825,2,1159
5374,03/31/2020T07:40:00 ,153572,321,614,86,110,27,2,1826,2,1160
5375,03/31/2020T07:50:00 ,153569,321,616,86,110,27,2,1827,2,1162
5376,03/31/2020T08:00:00 ,153566,323,617,85,111,27,2,1827,2,1165
5377,03/31/2020T08:10:00 ,153560,329,616,85,111,27,2,1828,2,1170
5378,03/31/2020T08:20:00 ,153555,333,615,86,111,27,2,1829,2,1174
5379,03/31/2020T08:30:00 ,153554,333,616,83,114,27,2,1829,2,1175
5380,03/31/2020T08:40:00 ,153548,338,615,83,113,27,2,1832,2,1178
5381,03/31/2020T08:50:00 ,153537,348,615,83,113,27,2,1833,2,1188
5382,03/31/2020T09:00:00 ,153526,358,616,83,113,27,2,1833,2,1199
5383,03/31/2020T09:10:00 ,153519,364,617,83,113,27,2,1833,2,1206
5384,03/31/2020T09:20:00 ,153512,369,618,84,113,27,2,1833,2,1213
5385,03/31/2020T09:30:00 ,153502,379,618,84,113,27,2,1833,2,1223
5386,03/31/2020T09:40:00 ,153497,384,617,84,113,27,2,1834,2,1227
5387,03/31/2020T09:50:00 ,153489,392,617,84,113,27,2,1834,2,1235
5388,03/31/2020T10:00:00 ,153482,399,615,84,113,27,2,1836,2,1240
5389,03/31/2020T10:10:00 ,153475,405,615,84,113,27,2,1837,2,1246
5390,03/31/2020T10:20:00 ,153470,408,615,85,113,27,2,1838,2,1250
5391,03/31/2020T10:30:00 ,153462,415,613,86,113,27,2,1840,2,1256
5392,03/31/2020T10:40:00 ,153458,418,613,86,113,27,2,1841,2,1259
5393,03/31/2020T10:50:00 ,153449,427,612,86,113,27,2,1842,2,1267
5394,03/31/2020T11:00:00 ,153439,437,612,86,113,27,2,1842,2,1277
5395,03/31/2020T11:10:00 ,153433,442,612,86,113,27,2,1843,2,1282
5396,03/31/2020T11:20:00 ,153426,448,612,87,113,27,2,1843,2,1289
5397,03/31/2020T11:30:00 ,153421,453,612,86,114,27,2,1843,2,1294
5398,03/31/2020T11:40:00 ,153413,460,612,85,116,27,2,1843,2,1302
5399,03/31/2020T11:50:00 ,153411,461,610,85,117,27,2,1845,2,1302
5400,03/31/2020T12:00:00 ,153406,466,609,84,118,27,2,1846,2,1306
5401,03/31/2020T12:10:00 ,153404,466,611,84,118,27,2,1846,2,1308
5402,03/31/2020T12:20:00 ,153396,473,612,84,118,27,2,1846,2,1316
5403,03/31/2020T12:30:00 ,153390,478,613,84,118,27,2,1846,2,1322
5404,03/31/2020T12:40:00 ,153383,485,612,84,118,27,2,1847,2,1328
5405,03/31/2020T12:50:00 ,153380,488,612,84,118,27,2,1847,2,1331
5406,03/31/2020T13:00:00 ,153376,491,612,84,118,27,2,1848,2,1334
5407,03/31/2020T13:10:00 ,153371,495,611,83,119,27,2,1850,2,1337
5408,03/31/2020T13:20:00 ,153366,500,610,83,119,27,2,1851,2,1341
5409,03/31/2020T13:30:00 ,153361,505,610,83,119,27,2,1851,2,1346
5410,03/31/2020T13:40:00 ,153353,513,609,82,120,27,2,1852,2,1353
5411,03/31/2020T13:50:00 ,153352,514,608,82,120,27,2,1853,2,1353
5412,03/31/2020T14:00:00 ,153348,516,609,83,120,27,2,1853,2,1357
5413,03/31/2020T14:10:00 ,153342,520,611,83,120,27,2,1853,2,1363
5414,03/31/2020T14:20:00 ,153340,521,612,83,120,27,2,1853,2,1365
5415,03/31/2020T14:30:00 ,153333,528,612,83,120,27,2,1853,2,1372
5416,03/31/2020T14:40:00 ,153327,532,614,83,120,27,2,1853,2,1378
5417,03/31/2020T14:50:00 ,153320,538,614,83,121,27,2,1853,2,1385
5418,03/31/2020T15:00:00 ,153313,544,614,83,121,27,2,1854,2,1391
5419,03/31/2020T15:10:00 ,153309,548,614,82,122,27,2,1854,2,1395
5420,03/31/2020T15:20:00 ,153305,551,612,82,122,27,2,1857,2,1396
5421,03/31/2020T15:30:00 ,153299,556,612,82,123,27,2,1857,2,1402
5422,03/31/2020T15:40:00 ,153294,561,611,82,123,27,2,1858,2,1406
5423,03/31/2020T15:50:00 ,153287,568,611,82,123,27,2,1858,2,1413
5424,03/31/2020T16:00:00 ,153286,568,612,82,123,27,2,1858,2,1414
5425,03/31/2020T16:10:00 ,153283,570,610,82,122,28,2,1861,2,1414
5426,03/31/2020T16:20:00 ,153278,574,610,82,123,28,2,1861,2,1419
5427,03/31/2020T16:30:00 ,153277,574,610,83,123,28,2,1861,2,1420
5428,03/31/2020T16:40:00 ,153275,576,610,83,123,28,2,1861,2,1422
5429,03/31/2020T16:50:00 ,153273,577,611,83,122,28,2,1862,2,1423
5430,03/31/2020T17:00:00 ,153271,579,611,83,122,28,2,1862,2,1425
5431,03/31/2020T17:10:00 ,153268,582,611,82,122,29,2,1862,2,1428
5432,03/31/2020T17:20:00 ,153268,581,610,82,121,29,2,1865,2,1425
5433,03/31/2020T17:30:00 ,153268,580,610,82,120,29,2,1867,2,1423
5434,03/31/2020T17:40:00 ,153268,578,609,83,121,29,2,1868,2,1422
5435,03/31/2020T17:50:00 ,153268,578,609,83,120,30,2,1868,2,1422
5436,03/31/2020T18:00:00 ,153268,577,610,83,120,30,2,1868,2,1422
5437,03/31/2020T18:10:00 ,153267,576,610,83,119,29,2,1872,2,1419
5438,03/31/2020T18:20:00 ,153266,575,611,82,120,29,2,1873,2,1419
5439,03/31/2020T18:30:00 ,153266,574,610,82,120,29,2,1875,2,1417
5440,03/31/2020T18:40:00 ,153264,575,610,81,121,29,2,1876,2,1418
5441,03/31/2020T18:50:00 ,153264,574,610,81,121,29,2,1877,2,1417
5442,03/31/2020T19:00:00 ,153264,573,611,80,122,29,2,1877,2,1417
5443,03/31/2020T19:10:00 ,153264,571,611,80,122,29,2,1879,2,1415
5444,03/31/2020T19:20:00 ,153264,571,611,80,122,29,2,1879,2,1415
5445,03/31/2020T19:30:00 ,153264,570,612,80,122,29,2,1879,2,1415
5446,03/31/2020T19:40:00 ,153261,572,613,80,122,29,2,1879,2,1418
5447,03/31/2020T19:50:00 ,153261,570,612,80,121,29,2,1883,2,1414
5448,03/31/2020T20:00:00 ,153261,568,614,79,122,29,2,1883,2,1414
5449,03/31/2020T20:10:00 ,153260,569,614,79,122,29,2,1883,2,1415
5450,03/31/2020T20:20:00 ,153259,570,612,79,122,29,2,1885,2,1414
5451,03/31/2020T20:30:00 ,153259,569,612,79,121,29,2,1887,2,1412
5452,03/31/2020T20:40:00 ,153257,571,610,79,121,29,2,1889,2,1412
5453,03/31/2020T20:50:00 ,153252,574,611,79,121,29,2,1890,2,1416
5454,03/31/2020T21:00:00 ,153252,572,613,79,121,29,2,1890,2,1416
5455,03/31/2020T21:10:00 ,153250,574,612,79,120,29,2,1892,2,1416
5456,03/31/2020T21:20:00 ,153247,576,613,79,120,29,2,1892,2,1419
5457,03/31/2020T21:30:00 ,153246,576,612,79,120,29,2,1894,2,1418
5458,03/31/2020T21:40:00 ,153246,573,615,79,120,29,2,1894,2,1418
5459,03/31/2020T21:50:00 ,153245,574,614,79,120,29,2,1895,2,1418
5460,03/31/2020T22:00:00 ,153245,573,615,79,119,29,2,1896,2,1417
5461,03/31/2020T22:10:00 ,153245,573,614,79,119,29,2,1897,2,1416
5462,03/31/2020T22:20:00 ,153244,574,614,79,119,29,2,1897,2,1417
5463,03/31/2020T22:30:00 ,153242,575,614,79,119,29,2,1898,2,1418
5464,03/31/2020T22:40:00 ,153242,572,614,79,120,29,2,1900,2,1416
5465,03/31/2020T22:50:00 ,153242,572,613,79,120,29,2,1901,2,1415
5466,03/31/2020T23:00:00 ,153242,570,613,79,120,29,2,1903,2,1413
5467,03/31/2020T23:10:00 ,153242,569,612,79,120,29,2,1905,2,1411
5468,03/31/2020T23:20:00 ,153242,567,612,79,120,29,2,1907,2,1409
5469,03/31/2020T23:30:00 ,153242,567,611,78,121,29,2,1908,2,1408
5470,03/31/2020T23:40:00 ,153241,568,611,77,122,29,2,1908,2,1409
5471,03/31/2020T23:50:00 ,153241,568,611,76,123,29,2,1908,2,1409
5472,04/01/2020T00:00:00 ,153241,566,610,75,124,29,2,1911,2,1406
5473,04/01/2020T00:10:00 ,153241,564,610,76,124,29,2,1912,2,1405
5474,04/01/2020T00:20:00 ,153240,565,609,76,124,29,2,1913,2,1405
5475,04/01/2020T00:30:00 ,153239,566,609,76,124,29,2,1913,2,1406
5476,04/01/2020T00:40:00 ,153239,566,609,75,125,29,2,1913,2,1406
5477,04/01/2020T00:50:00 ,153239,566,608,75,125,29,2,1914,2,1405
5478,04/01/2020T01:00:00 ,153239,564,607,75,125,29,2,1917,2,1402
5479,04/01/2020T01:10:00 ,153239,561,608,76,125,29,2,1918,2,1401
5480,04/01/2020T01:20:00 ,153239,559,607,77,125,29,2,1920,2,1399
5481,04/01/2020T01:30:00 ,153239,559,607,77,124,29,2,1921,2,1398
5482,04/01/2020T01:40:00 ,153239,559,606,76,125,29,2,1922,2,1397
5483,04/01/2020T01:50:00 ,153238,558,604,77,124,29,2,1926,2,1394
5484,04/01/2020T02:00:00 ,153238,556,604,77,124,29,2,1928,2,1392
5485,04/01/2020T02:10:00 ,153237,556,603,77,124,29,2,1930,2,1391
5486,04/01/2020T02:20:00 ,153237,556,603,77,123,29,2,1931,2,1390
5487,04/01/2020T02:30:00 ,153237,556,603,77,123,29,2,1931,2,1390
5488,04/01/2020T02:40:00 ,153237,555,603,78,123,29,2,1931,2,1390
5489,04/01/2020T02:50:00 ,153237,555,602,78,123,29,2,1932,2,1389
5490,04/01/2020T03:00:00 ,153237,555,600,78,123,29,2,1934,2,1387
5491,04/01/2020T03:10:00 ,153237,554,599,79,122,29,2,1936,2,1385
5492,04/01/2020T03:20:00 ,153237,552,601,79,122,29,2,1936,2,1385
5493,04/01/2020T03:30:00 ,153237,551,602,78,123,29,2,1936,2,1385
5494,04/01/2020T03:40:00 ,153236,550,602,79,123,29,2,1937,2,1385
5495,04/01/2020T03:50:00 ,153236,548,603,78,124,29,2,1938,2,1384
5496,04/01/2020T04:00:00 ,153236,548,602,77,125,29,2,1939,2,1383
5497,04/01/2020T04:10:00 ,153236,547,601,77,125,29,2,1941,2,1381
5498,04/01/2020T04:20:00 ,153236,545,602,76,126,29,2,1942,2,1380
5499,04/01/2020T04:30:00 ,153236,545,601,74,128,29,2,1943,2,1379
5500,04/01/2020T04:40:00 ,153235,545,602,74,128,29,2,1943,2,1380
5501,04/01/2020T04:50:00 ,153235,543,604,74,128,29,2,1943,2,1380
5502,04/01/2020T05:00:00 ,153234,544,603,74,128,29,2,1944,2,1380
5503,04/01/2020T05:10:00 ,153234,543,602,73,129,29,2,1946,2,1378
5504,04/01/2020T05:20:00 ,153234,540,603,74,130,29,2,1946,2,1378
5505,04/01/2020T05:30:00 ,153233,540,604,73,130,29,2,1947,2,1378
5506,04/01/2020T05:40:00 ,153233,539,603,74,130,29,2,1948,2,1377
5507,04/01/2020T05:50:00 ,153232,539,603,74,130,29,2,1949,2,1377
5508,04/01/2020T06:00:00 ,153232,539,603,74,128,30,2,1950,2,1376
5509,04/01/2020T06:10:00 ,153232,539,602,74,128,30,2,1951,2,1375
5510,04/01/2020T06:20:00 ,153232,538,600,75,128,30,2,1953,2,1373
5511,04/01/2020T06:30:00 ,153231,539,599,75,128,30,2,1954,2,1373
5512,04/01/2020T06:40:00 ,153231,537,601,75,128,30,2,1954,2,1373
5513,04/01/2020T06:50:00 ,153230,535,603,74,129,30,2,1955,2,1373
5514,04/01/2020T07:00:00 ,153230,534,604,74,129,30,2,1955,2,1373
5515,04/01/2020T07:10:00 ,153229,535,600,74,129,30,2,1959,2,1370
5516,04/01/2020T07:20:00 ,153229,535,599,74,129,30,2,1960,2,1369
5517,04/01/2020T07:30:00 ,153229,535,599,73,130,30,2,1960,2,1369
5518,04/01/2020T07:40:00 ,153229,533,600,74,130,30,2,1960,2,1369
5519,04/01/2020T07:50:00 ,153226,535,600,73,130,30,2,1962,2,1370
5520,04/01/2020T08:00:00 ,153223,535,602,73,128,30,2,1965,2,1370
5521,04/01/2020T08:10:00 ,153223,535,602,73,127,30,2,1966,2,1369
5522,04/01/2020T08:20:00 ,153218,540,601,73,127,30,2,1967,2,1373
5523,04/01/2020T08:30:00 ,153215,542,601,73,127,30,2,1968,2,1375
5524,04/01/2020T08:40:00 ,153214,541,603,73,127,30,2,1968,2,1376
5525,04/01/2020T08:50:00 ,153207,547,603,74,127,30,2,1968,2,1383
5526,04/01/2020T09:00:00 ,153202,552,602,73,128,30,2,1969,2,1387
5527,04/01/2020T09:10:00 ,153199,554,603,72,129,30,2,1969,2,1390
5528,04/01/2020T09:20:00 ,153194,559,602,71,130,30,2,1970,2,1394
5529,04/01/2020T09:30:00 ,153187,565,603,70,131,30,2,1970,2,1401
5530,04/01/2020T09:40:00 ,153182,569,603,70,130,30,2,1972,2,1404
5531,04/01/2020T09:50:00 ,153179,570,602,71,130,30,2,1974,2,1405
5532,04/01/2020T10:00:00 ,153172,575,602,72,130,30,2,1975,2,1411
5533,04/01/2020T10:10:00 ,153166,579,603,72,130,30,2,1976,2,1416
5534,04/01/2020T10:20:00 ,153162,583,601,72,130,30,2,1978,2,1418
5535,04/01/2020T10:30:00 ,153155,590,601,72,130,30,2,1978,2,1425
5536,04/01/2020T10:40:00 ,153148,596,601,72,130,30,2,1979,2,1431
5537,04/01/2020T10:50:00 ,153142,600,602,72,129,30,2,1981,2,1435
5538,04/01/2020T11:00:00 ,153136,606,602,72,129,30,2,1981,2,1441
5539,04/01/2020T11:10:00 ,153134,606,602,72,130,30,2,1982,2,1442
5540,04/01/2020T11:20:00 ,153129,609,604,70,132,30,2,1982,2,1447
5541,04/01/2020T11:30:00 ,153122,615,604,71,132,30,2,1982,2,1454
5542,04/01/2020T11:40:00 ,153113,623,604,72,131,30,2,1983,2,1462
5543,04/01/2020T11:50:00 ,153107,629,603,72,130,30,2,1985,2,1466
5544,04/01/2020T12:00:00 ,153102,632,603,72,131,30,2,1986,2,1470
5545,04/01/2020T12:10:00 ,153099,633,601,72,131,30,2,1990,2,1469
5546,04/01/2020T12:20:00 ,153098,632,601,71,132,30,2,1992,2,1468
5547,04/01/2020T12:30:00 ,153097,633,598,71,132,30,2,1995,2,1466
5548,04/01/2020T12:40:00 ,153093,637,597,70,133,30,2,1996,2,1469
5549,04/01/2020T12:50:00 ,153090,639,597,70,132,31,2,1997,2,1471
5550,04/01/2020T13:00:00 ,153089,640,595,69,133,31,2,1999,2,1470
5551,04/01/2020T13:10:00 ,153081,648,595,68,134,31,2,1999,2,1478
5552,04/01/2020T13:20:00 ,153079,649,594,69,134,31,2,2000,2,1479
5553,04/01/2020T13:30:00 ,153073,655,593,69,134,31,2,2001,2,1484
5554,04/01/2020T13:40:00 ,153068,660,591,69,134,31,2,2003,2,1487
5555,04/01/2020T13:50:00 ,153061,665,593,69,134,31,2,2003,2,1494
5556,04/01/2020T14:00:00 ,153058,667,594,69,134,31,2,2003,2,1497
5557,04/01/2020T14:10:00 ,153051,674,593,69,134,31,2,2004,2,1503
5558,04/01/2020T14:20:00 ,153044,679,595,68,134,31,2,2005,2,1509
5559,04/01/2020T14:30:00 ,153039,684,595,66,135,31,2,2006,2,1513
5560,04/01/2020T14:40:00 ,153037,682,597,67,135,31,2,2007,2,1514
5561,04/01/2020T14:50:00 ,153031,688,597,67,135,31,2,2007,2,1520
5562,04/01/2020T15:00:00 ,153027,691,598,66,136,31,2,2007,2,1524
5563,04/01/2020T15:10:00 ,153024,693,599,66,136,31,2,2007,2,1527
5564,04/01/2020T15:20:00 ,153020,696,599,66,136,31,2,2008,2,1530
5565,04/01/2020T15:30:00 ,153018,698,598,66,136,31,2,2009,2,1531
5566,04/01/2020T15:40:00 ,153016,700,596,66,135,32,2,2011,2,1531
5567,04/01/2020T15:50:00 ,153011,705,595,66,135,32,2,2012,2,1535
5568,04/01/2020T16:00:00 ,153004,712,595,66,135,32,2,2012,2,1542
5569,04/01/2020T16:10:00 ,152998,717,596,66,135,32,2,2012,2,1548
5570,04/01/2020T16:20:00 ,152994,720,597,65,135,32,2,2013,2,1551
5571,04/01/2020T16:30:00 ,152992,722,596,64,136,32,2,2014,2,1552
5572,04/01/2020T16:40:00 ,152989,725,595,64,136,32,2,2015,2,1554
5573,04/01/2020T16:50:00 ,152986,727,595,65,136,32,2,2015,2,1557
5574,04/01/2020T17:00:00 ,152984,726,597,66,136,32,2,2015,2,1559
5575,04/01/2020T17:10:00 ,152981,729,595,66,136,32,2,2017,2,1560
5576,04/01/2020T17:20:00 ,152980,727,597,65,137,32,2,2018,2,1560
5577,04/01/2020T17:30:00 ,152980,726,597,65,137,32,2,2019,2,1559
5578,04/01/2020T17:40:00 ,152980,724,596,66,136,32,2,2022,2,1556
5579,04/01/2020T17:50:00 ,152979,724,595,67,136,32,2,2023,2,1556
5580,04/01/2020T18:00:00 ,152978,722,597,67,135,31,2,2026,2,1554
5581,04/01/2020T18:10:00 ,152977,722,596,67,135,31,2,2028,2,1553
5582,04/01/2020T18:20:00 ,152976,723,596,67,135,31,2,2028,2,1554
5583,04/01/2020T18:30:00 ,152976,722,596,66,136,31,2,2029,2,1553
5584,04/01/2020T18:40:00 ,152976,720,597,66,136,31,2,2030,2,1552
5585,04/01/2020T18:50:00 ,152974,722,597,66,136,31,2,2030,2,1554
5586,04/01/2020T19:00:00 ,152971,725,597,66,136,31,2,2030,2,1557
5587,04/01/2020T19:10:00 ,152970,724,599,66,136,31,2,2030,2,1558
5588,04/01/2020T19:20:00 ,152970,722,600,66,136,31,2,2031,2,1557
5589,04/01/2020T19:30:00 ,152970,722,598,66,136,31,2,2033,2,1555
5590,04/01/2020T19:40:00 ,152969,723,598,66,136,31,2,2033,2,1556
5591,04/01/2020T19:50:00 ,152968,723,596,65,138,31,2,2035,2,1555
5592,04/01/2020T20:00:00 ,152968,723,596,65,138,31,2,2035,2,1555
5593,04/01/2020T20:10:00 ,152967,723,596,65,138,31,2,2036,2,1555
5594,04/01/2020T20:20:00 ,152967,722,596,65,138,31,2,2037,2,1554
5595,04/01/2020T20:30:00 ,152966,719,598,63,140,31,2,2039,2,1553
5596,04/01/2020T20:40:00 ,152966,717,599,62,140,31,2,2041,2,1551
5597,04/01/2020T20:50:00 ,152965,716,599,63,140,31,2,2042,2,1551
5598,04/01/2020T21:00:00 ,152963,718,598,63,139,31,2,2044,2,1551
5599,04/01/2020T21:10:00 ,152962,718,599,62,140,31,2,2044,2,1552
5600,04/01/2020T21:20:00 ,152960,720,599,62,140,31,2,2044,2,1554
5601,04/01/2020T21:30:00 ,152959,718,602,62,140,31,2,2044,2,1555
5602,04/01/2020T21:40:00 ,152957,720,602,62,140,31,2,2044,2,1557
5603,04/01/2020T21:50:00 ,152956,721,601,61,140,31,2,2046,2,1556
5604,04/01/2020T22:00:00 ,152955,722,600,61,140,31,2,2047,2,1556
5605,04/01/2020T22:10:00 ,152955,718,600,63,139,30,2,2051,2,1552
5606,04/01/2020T22:20:00 ,152953,720,600,63,139,30,2,2051,2,1554
5607,04/01/2020T22:30:00 ,152953,719,601,63,139,30,2,2051,2,1554
5608,04/01/2020T22:40:00 ,152953,716,602,64,139,30,2,2052,2,1553
5609,04/01/2020T22:50:00 ,152953,716,601,64,139,30,2,2053,2,1552
5610,04/01/2020T23:00:00 ,152953,715,600,65,138,31,2,2054,2,1551
5611,04/01/2020T23:10:00 ,152953,714,599,65,139,31,2,2055,2,1550
5612,04/01/2020T23:20:00 ,152952,713,601,65,139,31,2,2055,2,1551
5613,04/01/2020T23:30:00 ,152952,710,602,67,139,31,2,2055,2,1551
5614,04/01/2020T23:40:00 ,152951,710,603,67,139,31,2,2055,2,1552
5615,04/01/2020T23:50:00 ,152950,710,602,67,140,31,2,2056,2,1552
5616,04/02/2020T00:00:00 ,152950,710,602,67,140,31,2,2056,2,1552
5617,04/02/2020T00:10:00 ,152950,709,602,67,140,31,2,2057,2,1551
5618,04/02/2020T00:20:00 ,152950,708,602,67,140,31,2,2058,2,1550
5619,04/02/2020T00:30:00 ,152950,708,600,67,140,31,2,2060,2,1548
5620,04/02/2020T00:40:00 ,152950,708,600,67,140,31,2,2060,2,1548
5621,04/02/2020T00:50:00 ,152950,705,603,67,140,31,2,2060,2,1548
5622,04/02/2020T01:00:00 ,152950,704,604,66,141,31,2,2060,2,1548
5623,04/02/2020T01:10:00 ,152950,704,604,66,139,31,2,2062,2,1546
5624,04/02/2020T01:20:00 ,152950,702,604,67,138,30,3,2064,2,1544
5625,04/02/2020T01:30:00 ,152948,704,604,67,138,30,3,2064,2,1546
5626,04/02/2020T01:40:00 ,152945,706,604,67,138,30,3,2065,2,1548
5627,04/02/2020T01:50:00 ,152945,706,602,67,137,30,3,2068,2,1545
5628,04/02/2020T02:00:00 ,152944,703,605,68,137,30,3,2068,2,1546
5629,04/02/2020T02:10:00 ,152944,703,604,68,136,30,3,2070,2,1544
5630,04/02/2020T02:20:00 ,152943,703,604,68,136,30,3,2071,2,1544
5631,04/02/2020T02:30:00 ,152943,703,603,68,136,30,3,2072,2,1543
5632,04/02/2020T02:40:00 ,152942,704,602,68,136,30,3,2073,2,1543
5633,04/02/2020T02:50:00 ,152941,702,604,67,137,30,3,2074,2,1543
5634,04/02/2020T03:00:00 ,152940,703,604,67,136,30,3,2075,2,1543
5635,04/02/2020T03:10:00 ,152940,701,603,68,136,30,3,2077,2,1541
5636,04/02/2020T03:20:00 ,152940,700,604,68,136,30,3,2077,2,1541
5637,04/02/2020T03:30:00 ,152940,700,604,68,136,30,3,2077,2,1541
5638,04/02/2020T03:40:00 ,152940,699,605,68,135,30,3,2078,2,1540
5639,04/02/2020T03:50:00 ,152940,696,607,69,135,30,3,2078,2,1540
5640,04/02/2020T04:00:00 ,152940,695,608,69,133,30,3,2080,2,1538
5641,04/02/2020T04:10:00 ,152940,695,607,68,134,30,3,2081,2,1537
5642,04/02/2020T04:20:00 ,152940,695,606,68,134,30,3,2082,2,1536
5643,04/02/2020T04:30:00 ,152939,694,607,68,133,31,3,2083,2,1536
5644,04/02/2020T04:40:00 ,152939,692,608,68,133,31,3,2084,2,1535
5645,04/02/2020T04:50:00 ,152939,692,607,68,133,31,3,2085,2,1534
5646,04/02/2020T05:00:00 ,152939,690,609,68,133,31,3,2085,2,1534
5647,04/02/2020T05:10:00 ,152938,689,611,68,133,31,3,2085,2,1535
5648,04/02/2020T05:20:00 ,152938,688,611,69,133,31,3,2085,2,1535
5649,04/02/2020T05:30:00 ,152936,688,611,71,133,31,3,2085,2,1537
5650,04/02/2020T05:40:00 ,152935,689,610,71,133,31,3,2086,2,1537
5651,04/02/2020T05:50:00 ,152933,689,611,71,132,31,3,2088,2,1537
5652,04/02/2020T06:00:00 ,152933,685,615,71,132,31,3,2088,2,1537
5653,04/02/2020T06:10:00 ,152933,685,615,71,131,31,3,2089,2,1536
5654,04/02/2020T06:20:00 ,152933,682,616,73,130,31,3,2090,2,1535
5655,04/02/2020T06:30:00 ,152933,681,616,73,130,31,3,2091,2,1534
5656,04/02/2020T06:40:00 ,152933,681,615,73,130,31,3,2092,2,1533
5657,04/02/2020T06:50:00 ,152933,681,614,73,130,31,3,2093,2,1532
5658,04/02/2020T07:00:00 ,152933,681,612,73,130,31,3,2095,2,1530
5659,04/02/2020T07:10:00 ,152933,680,610,74,130,31,3,2097,2,1528
5660,04/02/2020T07:20:00 ,152932,680,610,73,131,31,3,2098,2,1528
5661,04/02/2020T07:30:00 ,152932,680,609,73,131,31,3,2099,2,1527
5662,04/02/2020T07:40:00 ,152930,682,609,73,131,31,3,2099,2,1529
5663,04/02/2020T07:50:00 ,152927,682,611,72,131,31,3,2101,2,1530
5664,04/02/2020T08:00:00 ,152924,681,614,72,131,31,3,2102,2,1532
5665,04/02/2020T08:10:00 ,152919,685,614,72,131,31,3,2103,2,1536
5666,04/02/2020T08:20:00 ,152916,688,614,72,130,32,3,2103,2,1539
5667,04/02/2020T08:30:00 ,152913,691,612,72,130,32,3,2105,2,1540
5668,04/02/2020T08:40:00 ,152911,691,611,73,131,32,3,2106,2,1541
5669,04/02/2020T08:50:00 ,152910,692,608,73,131,32,3,2109,2,1539
5670,04/02/2020T09:00:00 ,152905,695,609,74,130,32,3,2110,2,1543
5671,04/02/2020T09:10:00 ,152900,700,609,74,129,32,3,2111,2,1547
5672,04/02/2020T09:20:00 ,152898,702,608,74,129,32,3,2112,2,1548
5673,04/02/2020T09:30:00 ,152890,708,608,73,130,32,3,2114,2,1554
5674,04/02/2020T09:40:00 ,152885,712,608,74,130,32,3,2114,2,1559
5675,04/02/2020T09:50:00 ,152879,717,608,75,130,32,3,2114,2,1565
5676,04/02/2020T10:00:00 ,152876,718,608,75,129,32,3,2117,2,1565
5677,04/02/2020T10:10:00 ,152870,724,607,75,128,32,3,2119,2,1569
5678,04/02/2020T10:20:00 ,152867,726,607,75,128,32,3,2120,2,1571
5679,04/02/2020T10:30:00 ,152865,726,607,76,128,32,3,2121,2,1572
5680,04/02/2020T10:40:00 ,152857,732,607,76,128,32,3,2123,2,1578
5681,04/02/2020T10:50:00 ,152854,733,607,77,128,32,3,2124,2,1580
5682,04/02/2020T11:00:00 ,152853,732,608,77,128,32,3,2125,2,1580
5683,04/02/2020T11:10:00 ,152851,732,610,76,129,32,3,2125,2,1582
5684,04/02/2020T11:20:00 ,152843,740,608,76,129,32,3,2127,2,1588
5685,04/02/2020T11:30:00 ,152840,740,610,75,130,32,3,2128,2,1590
5686,04/02/2020T11:40:00 ,152837,743,610,74,131,32,3,2128,2,1593
5687,04/02/2020T11:50:00 ,152834,745,610,74,131,32,3,2129,2,1595
5688,04/02/2020T12:00:00 ,152833,744,612,74,131,32,3,2129,2,1596
5689,04/02/2020T12:10:00 ,152831,745,612,74,131,32,3,2130,2,1597
5690,04/02/2020T12:20:00 ,152823,752,611,75,130,32,3,2132,2,1603
5691,04/02/2020T12:30:00 ,152821,754,611,74,131,32,3,2132,2,1605
5692,04/02/2020T12:40:00 ,152819,753,614,74,131,32,3,2132,2,1607
5693,04/02/2020T12:50:00 ,152812,757,615,74,129,32,3,2136,2,1610
5694,04/02/2020T13:00:00 ,152806,760,617,75,129,32,3,2136,2,1616
5695,04/02/2020T13:10:00 ,152801,764,617,75,128,32,3,2138,2,1619
5696,04/02/2020T13:20:00 ,152799,765,615,76,128,32,3,2140,2,1619
5697,04/02/2020T13:30:00 ,152795,767,615,76,128,32,3,2142,2,1621
5698,04/02/2020T13:40:00 ,152793,768,615,76,127,32,3,2144,2,1621
5699,04/02/2020T13:50:00 ,152786,773,616,76,127,32,3,2145,2,1627
5700,04/02/2020T14:00:00 ,152780,779,614,76,127,32,3,2147,2,1631
5701,04/02/2020T14:10:00 ,152776,782,613,77,127,32,3,2148,2,1634
5702,04/02/2020T14:20:00 ,152769,788,612,78,127,32,3,2149,2,1640
5703,04/02/2020T14:30:00 ,152764,790,613,79,127,32,3,2150,2,1644
5704,04/02/2020T14:40:00 ,152755,798,613,80,127,32,3,2150,2,1653
5705,04/02/2020T14:50:00 ,152749,803,613,81,127,32,3,2150,2,1659
5706,04/02/2020T15:00:00 ,152745,807,610,81,127,32,3,2153,2,1660
5707,04/02/2020T15:10:00 ,152741,810,608,82,127,32,3,2155,2,1662
5708,04/02/2020T15:20:00 ,152740,807,610,84,127,32,3,2155,2,1663
5709,04/02/2020T15:30:00 ,152735,811,609,84,126,33,3,2157,2,1666
5710,04/02/2020T15:40:00 ,152734,811,609,83,126,33,3,2159,2,1665
5711,04/02/2020T15:50:00 ,152730,813,608,83,125,33,3,2163,2,1665
5712,04/02/2020T16:00:00 ,152727,816,607,83,125,33,3,2164,2,1667
5713,04/02/2020T16:10:00 ,152723,820,606,83,125,33,3,2165,2,1670
5714,04/02/2020T16:20:00 ,152720,823,606,82,125,33,3,2166,2,1672
5715,04/02/2020T16:30:00 ,152717,825,605,82,125,33,3,2168,2,1673
5716,04/02/2020T16:40:00 ,152714,827,603,83,125,33,3,2170,2,1674
5717,04/02/2020T16:50:00 ,152711,829,603,83,125,33,3,2171,2,1676
5718,04/02/2020T17:00:00 ,152710,827,605,83,124,33,3,2173,2,1675
5719,04/02/2020T17:10:00 ,152708,829,603,83,124,33,3,2175,2,1675
5720,04/02/2020T17:20:00 ,152708,827,604,83,124,33,3,2176,2,1674
5721,04/02/2020T17:30:00 ,152705,829,604,83,124,33,3,2177,2,1676
5722,04/02/2020T17:40:00 ,152705,827,605,82,124,33,3,2179,2,1674
5723,04/02/2020T17:50:00 ,152704,826,606,82,124,33,3,2180,2,1674
5724,04/02/2020T18:00:00 ,152702,826,607,82,124,33,3,2181,2,1675
5725,04/02/2020T18:10:00 ,152701,826,605,82,123,33,3,2185,2,1672
5726,04/02/2020T18:20:00 ,152700,823,608,83,123,33,3,2185,2,1673
5727,04/02/2020T18:30:00 ,152699,824,608,83,123,33,3,2185,2,1674
5728,04/02/2020T18:40:00 ,152699,821,610,84,123,33,3,2185,2,1674
5729,04/02/2020T18:50:00 ,152699,820,610,83,124,33,3,2186,2,1673
5730,04/02/2020T19:00:00 ,152699,818,611,83,124,33,3,2187,2,1672
5731,04/02/2020T19:10:00 ,152699,816,611,81,126,33,3,2189,2,1670
5732,04/02/2020T19:20:00 ,152698,817,609,81,124,33,3,2193,2,1667
5733,04/02/2020T19:30:00 ,152698,815,611,81,124,33,3,2193,2,1667
5734,04/02/2020T19:40:00 ,152698,815,611,81,124,33,3,2193,2,1667
5735,04/02/2020T19:50:00 ,152698,815,611,81,124,33,3,2193,2,1667
5736,04/02/2020T20:00:00 ,152697,813,613,79,126,33,3,2194,2,1667
5737,04/02/2020T20:10:00 ,152695,813,613,79,125,33,3,2197,2,1666
5738,04/02/2020T20:20:00 ,152695,812,613,79,123,33,3,2200,2,1663
5739,04/02/2020T20:30:00 ,152695,812,612,79,121,33,3,2203,2,1660
5740,04/02/2020T20:40:00 ,152694,811,613,79,121,33,3,2204,2,1660
5741,04/02/2020T20:50:00 ,152693,812,611,79,121,33,3,2206,2,1659
5742,04/02/2020T21:00:00 ,152693,811,611,79,121,33,3,2207,2,1658
5743,04/02/2020T21:10:00 ,152693,811,611,79,121,33,3,2207,2,1658
5744,04/02/2020T21:20:00 ,152692,809,614,79,120,33,3,2208,2,1658
5745,04/02/2020T21:30:00 ,152689,811,615,79,120,32,3,2209,2,1660
5746,04/02/2020T21:40:00 ,152688,810,615,78,121,32,3,2211,2,1659
5747,04/02/2020T21:50:00 ,152687,809,615,79,121,32,3,2212,2,1659
5748,04/02/2020T22:00:00 ,152687,809,613,79,121,32,3,2214,2,1657
5749,04/02/2020T22:10:00 ,152684,810,612,79,122,32,3,2216,2,1658
5750,04/02/2020T22:20:00 ,152684,809,612,79,122,32,3,2217,2,1657
5751,04/02/2020T22:30:00 ,152684,806,610,79,121,32,3,2223,2,1651
5752,04/02/2020T22:40:00 ,152684,806,609,79,121,32,3,2224,2,1650
5753,04/02/2020T22:50:00 ,152684,806,609,78,122,32,3,2224,2,1650
5754,04/02/2020T23:00:00 ,152684,806,608,77,123,32,3,2225,2,1649
5755,04/02/2020T23:10:00 ,152684,806,607,77,123,32,3,2226,2,1648
5756,04/02/2020T23:20:00 ,152684,805,607,78,123,32,3,2226,2,1648
5757,04/02/2020T23:30:00 ,152684,802,609,79,123,32,3,2226,2,1648
5758,04/02/2020T23:40:00 ,152684,799,612,79,123,32,3,2226,2,1648
5759,04/02/2020T23:50:00 ,152683,800,611,78,123,33,3,2227,2,1648
5760,04/03/2020T00:00:00 ,152683,796,614,79,123,33,3,2227,2,1648
5761,04/03/2020T00:10:00 ,152683,794,615,79,122,33,3,2229,2,1646
5762,04/03/2020T00:20:00 ,152683,790,619,79,122,33,3,2229,2,1646
5763,04/03/2020T00:30:00 ,152683,788,620,80,122,33,3,2229,2,1646
5764,04/03/2020T00:40:00 ,152683,787,618,80,122,33,3,2232,2,1643
5765,04/03/2020T00:50:00 ,152682,785,620,80,122,33,3,2233,2,1643
5766,04/03/2020T01:00:00 ,152682,784,621,80,122,33,3,2233,2,1643
5767,04/03/2020T01:10:00 ,152682,781,623,80,121,33,3,2235,2,1641
5768,04/03/2020T01:20:00 ,152682,779,624,80,120,34,3,2236,2,1640
5769,04/03/2020T01:30:00 ,152682,776,626,81,120,34,3,2236,2,1640
5770,04/03/2020T01:40:00 ,152682,775,626,81,119,34,3,2238,2,1638
5771,04/03/2020T01:50:00 ,152682,774,626,81,119,34,3,2239,2,1637
5772,04/03/2020T02:00:00 ,152682,773,626,81,118,35,3,2240,2,1636
5773,04/03/2020T02:10:00 ,152682,772,626,80,119,35,3,2241,2,1635
5774,04/03/2020T02:20:00 ,152682,770,628,80,118,35,3,2242,2,1634
5775,04/03/2020T02:30:00 ,152682,768,628,80,119,35,3,2243,2,1633
5776,04/03/2020T02:40:00 ,152682,764,630,81,119,35,3,2244,2,1632
5777,04/03/2020T02:50:00 ,152682,762,632,81,119,35,3,2244,2,1632
5778,04/03/2020T03:00:00 ,152681,760,633,82,119,35,3,2245,2,1632
5779,04/03/2020T03:10:00 ,152681,759,634,81,120,35,3,2245,2,1632
5780,04/03/2020T03:20:00 ,152679,760,633,81,120,35,3,2247,2,1632
5781,04/03/2020T03:30:00 ,152679,757,634,82,119,35,3,2249,2,1630
5782,04/03/2020T03:40:00 ,152679,754,634,83,119,35,3,2251,2,1628
5783,04/03/2020T03:50:00 ,152679,753,634,83,118,35,3,2253,2,1626
5784,04/03/2020T04:00:00 ,152678,753,635,83,118,35,3,2253,2,1627
5785,04/03/2020T04:10:00 ,152678,752,636,82,119,35,3,2253,2,1627
5786,04/03/2020T04:20:00 ,152678,748,639,81,120,35,3,2254,2,1626
5787,04/03/2020T04:30:00 ,152677,747,639,80,121,35,3,2256,2,1625
5788,04/03/2020T04:40:00 ,152676,747,640,80,119,35,3,2258,2,1624
5789,04/03/2020T04:50:00 ,152676,745,642,80,118,35,3,2259,2,1623
5790,04/03/2020T05:00:00 ,152676,743,641,81,118,35,3,2261,2,1621
5791,04/03/2020T05:10:00 ,152675,742,642,81,117,35,3,2263,2,1620
5792,04/03/2020T05:20:00 ,152675,741,640,80,117,34,3,2268,2,1615
5793,04/03/2020T05:30:00 ,152674,740,641,81,117,34,3,2268,2,1616
5794,04/03/2020T05:40:00 ,152674,740,641,81,117,34,3,2268,2,1616
5795,04/03/2020T05:50:00 ,152674,738,641,80,119,34,3,2269,2,1615
5796,04/03/2020T06:00:00 ,152674,735,644,80,118,34,3,2270,2,1614
5797,04/03/2020T06:10:00 ,152674,735,644,80,118,34,3,2270,2,1614
5798,04/03/2020T06:20:00 ,152674,734,645,80,118,34,3,2270,2,1614
5799,04/03/2020T06:30:00 ,152674,732,646,79,119,34,3,2271,2,1613
5800,04/03/2020T06:40:00 ,152674,731,647,79,119,34,3,2271,2,1613
5801,04/03/2020T06:50:00 ,152673,730,647,80,119,34,3,2272,2,1613
5802,04/03/2020T07:00:00 ,152673,728,649,80,119,34,3,2272,2,1613
5803,04/03/2020T07:10:00 ,152673,727,647,81,119,34,3,2274,2,1611
5804,04/03/2020T07:20:00 ,152672,727,648,81,119,34,3,2274,2,1612
5805,04/03/2020T07:30:00 ,152671,727,649,81,119,34,3,2274,2,1613
5806,04/03/2020T07:40:00 ,152671,726,649,82,119,34,3,2274,2,1613
5807,04/03/2020T07:50:00 ,152669,726,650,83,117,34,3,2276,2,1613
5808,04/03/2020T08:00:00 ,152661,732,650,82,117,34,3,2279,2,1618
5809,04/03/2020T08:10:00 ,152661,731,650,81,118,34,3,2280,2,1617
5810,04/03/2020T08:20:00 ,152657,734,651,81,117,34,3,2281,2,1620
5811,04/03/2020T08:30:00 ,152649,742,650,81,117,34,3,2282,2,1627
5812,04/03/2020T08:40:00 ,152645,745,649,81,116,34,3,2285,2,1628
5813,04/03/2020T08:50:00 ,152644,743,649,81,115,34,3,2288,3,1625
5814,04/03/2020T09:00:00 ,152635,752,648,81,114,34,3,2290,3,1632
5815,04/03/2020T09:10:00 ,152632,754,649,81,114,34,3,2290,3,1635
5816,04/03/2020T09:20:00 ,152630,756,648,81,114,34,3,2291,3,1636
5817,04/03/2020T09:30:00 ,152624,759,650,82,113,34,3,2292,3,1641
5818,04/03/2020T09:40:00 ,152623,759,651,82,113,34,3,2292,3,1642
5819,04/03/2020T09:50:00 ,152616,765,651,82,114,34,3,2292,3,1649
5820,04/03/2020T10:00:00 ,152610,767,654,82,115,34,3,2292,3,1655
5821,04/03/2020T10:10:00 ,152604,772,655,81,116,34,3,2292,3,1661
5822,04/03/2020T10:20:00 ,152600,775,654,80,117,34,3,2294,3,1663
5823,04/03/2020T10:30:00 ,152591,782,654,80,118,34,3,2295,3,1671
5824,04/03/2020T10:40:00 ,152584,787,656,80,118,34,3,2295,3,1678
5825,04/03/2020T10:50:00 ,152579,791,655,80,118,34,3,2297,3,1681
5826,04/03/2020T11:00:00 ,152570,799,656,80,118,34,3,2297,3,1690
5827,04/03/2020T11:10:00 ,152566,800,656,81,118,34,3,2299,3,1692
5828,04/03/2020T11:20:00 ,152562,802,658,81,118,34,3,2299,3,1696
5829,04/03/2020T11:30:00 ,152558,802,660,82,118,34,3,2300,3,1699
5830,04/03/2020T11:40:00 ,152555,804,661,82,118,34,3,2300,3,1702
5831,04/03/2020T11:50:00 ,152550,808,659,82,118,34,3,2303,3,1704
5832,04/03/2020T12:00:00 ,152545,810,660,83,117,34,3,2305,3,1707
5833,04/03/2020T12:10:00 ,152541,813,660,84,116,34,3,2306,3,1710
5834,04/03/2020T12:20:00 ,152539,810,664,85,116,34,3,2306,3,1712
5835,04/03/2020T12:30:00 ,152534,810,666,87,116,34,3,2307,3,1716
5836,04/03/2020T12:40:00 ,152529,814,666,87,116,34,3,2308,3,1720
5837,04/03/2020T12:50:00 ,152523,820,666,86,117,34,3,2308,3,1726
5838,04/03/2020T13:00:00 ,152513,829,666,86,118,34,3,2308,3,1736
5839,04/03/2020T13:10:00 ,152510,832,665,86,118,34,3,2309,3,1738
5840,04/03/2020T13:20:00 ,152505,835,664,87,118,34,3,2311,3,1741
5841,04/03/2020T13:30:00 ,152499,839,665,87,119,34,3,2311,3,1747
5842,04/03/2020T13:40:00 ,152498,836,668,88,119,34,3,2311,3,1748
5843,04/03/2020T13:50:00 ,152494,837,670,89,119,34,3,2311,3,1752
5844,04/03/2020T14:00:00 ,152491,837,672,89,119,34,3,2312,3,1754
5845,04/03/2020T14:10:00 ,152486,842,672,88,120,34,3,2312,3,1759
5846,04/03/2020T14:20:00 ,152482,845,671,89,120,34,3,2313,3,1762
5847,04/03/2020T14:30:00 ,152478,847,672,90,119,34,3,2314,3,1765
5848,04/03/2020T14:40:00 ,152472,851,673,89,120,34,3,2315,3,1770
5849,04/03/2020T14:50:00 ,152470,851,674,90,119,35,3,2315,3,1772
5850,04/03/2020T15:00:00 ,152465,855,673,91,119,35,3,2316,3,1776
5851,04/03/2020T15:10:00 ,152461,857,674,92,119,35,3,2316,3,1780
5852,04/03/2020T15:20:00 ,152454,862,676,92,119,35,3,2316,3,1787
5853,04/03/2020T15:30:00 ,152449,865,677,92,119,35,3,2317,3,1791
5854,04/03/2020T15:40:00 ,152447,866,678,92,118,35,3,2318,3,1792
5855,04/03/2020T15:50:00 ,152445,865,681,91,119,35,3,2318,3,1794
5856,04/03/2020T16:00:00 ,152439,868,681,92,119,35,3,2320,3,1798
5857,04/03/2020T16:10:00 ,152436,868,682,93,119,35,3,2321,3,1800
5858,04/03/2020T16:20:00 ,152431,872,682,92,120,35,3,2322,3,1804
5859,04/03/2020T16:30:00 ,152425,877,682,92,119,35,3,2324,3,1808
5860,04/03/2020T16:40:00 ,152423,879,681,92,119,35,3,2325,3,1809
5861,04/03/2020T16:50:00 ,152420,880,682,92,118,35,3,2327,3,1810
5862,04/03/2020T17:00:00 ,152419,881,682,92,117,35,3,2328,3,1810
5863,04/03/2020T17:10:00 ,152414,884,683,92,117,35,3,2329,3,1814
5864,04/03/2020T17:20:00 ,152411,884,684,91,116,35,3,2333,3,1813
5865,04/03/2020T17:30:00 ,152407,886,685,92,116,35,3,2333,3,1817
5866,04/03/2020T17:40:00 ,152407,883,685,93,116,35,3,2335,3,1815
5867,04/03/2020T17:50:00 ,152404,883,685,94,116,35,3,2337,3,1816
5868,04/03/2020T18:00:00 ,152404,882,686,93,116,35,3,2338,3,1815
5869,04/03/2020T18:10:00 ,152401,879,690,93,116,35,3,2340,3,1816
5870,04/03/2020T18:20:00 ,152401,878,691,93,116,35,3,2340,3,1816
5871,04/03/2020T18:30:00 ,152400,878,690,93,116,35,3,2342,3,1815
5872,04/03/2020T18:40:00 ,152399,876,692,94,116,35,3,2342,3,1816
5873,04/03/2020T18:50:00 ,152399,874,693,94,117,35,3,2342,3,1816
5874,04/03/2020T19:00:00 ,152399,872,694,94,117,35,3,2343,3,1815
5875,04/03/2020T19:10:00 ,152398,873,693,94,117,35,3,2344,3,1815
5876,04/03/2020T19:20:00 ,152397,873,690,94,117,35,3,2348,3,1812
5877,04/03/2020T19:30:00 ,152397,870,693,94,116,36,3,2348,3,1812
5878,04/03/2020T19:40:00 ,152397,870,693,94,116,36,3,2348,3,1812
5879,04/03/2020T19:50:00 ,152397,868,695,94,116,36,3,2348,3,1812
5880,04/03/2020T20:00:00 ,152397,868,693,94,115,36,3,2351,3,1809
5881,04/03/2020T20:10:00 ,152396,863,695,95,114,37,3,2354,3,1807
5882,04/03/2020T20:20:00 ,152396,861,692,96,114,37,3,2358,3,1803
5883,04/03/2020T20:30:00 ,152394,861,693,97,113,37,3,2359,3,1804
5884,04/03/2020T20:40:00 ,152394,859,692,97,113,37,3,2362,3,1801
5885,04/03/2020T20:50:00 ,152392,859,691,97,112,37,3,2366,3,1799
5886,04/03/2020T21:00:00 ,152390,859,692,97,112,37,3,2367,3,1800
5887,04/03/2020T21:10:00 ,152389,858,692,97,113,37,3,2368,3,1800
5888,04/03/2020T21:20:00 ,152388,858,693,96,114,37,3,2368,3,1801
5889,04/03/2020T21:30:00 ,152387,857,694,97,114,37,3,2368,3,1802
5890,04/03/2020T21:40:00 ,152386,857,694,97,114,37,3,2369,3,1802
5891,04/03/2020T21:50:00 ,152384,858,694,97,114,37,3,2370,3,1803
5892,04/03/2020T22:00:00 ,152384,855,697,95,116,37,3,2370,3,1803
5893,04/03/2020T22:10:00 ,152384,854,698,95,115,37,3,2371,3,1802
5894,04/03/2020T22:20:00 ,152383,847,705,96,115,37,3,2371,3,1803
5895,04/03/2020T22:30:00 ,152383,845,705,97,114,37,3,2373,3,1801
5896,04/03/2020T22:40:00 ,152383,839,709,98,114,37,3,2374,3,1800
5897,04/03/2020T22:50:00 ,152380,841,708,99,114,37,3,2375,3,1802
5898,04/03/2020T23:00:00 ,152380,840,707,100,114,37,3,2376,3,1801
5899,04/03/2020T23:10:00 ,152380,838,705,101,113,37,3,2380,3,1797
5900,04/03/2020T23:20:00 ,152380,837,705,101,113,37,3,2381,3,1796
5901,04/03/2020T23:30:00 ,152378,837,706,101,113,37,3,2382,3,1797
5902,04/03/2020T23:40:00 ,152377,838,705,101,113,37,3,2383,3,1797
5903,04/03/2020T23:50:00 ,152376,839,703,101,112,37,3,2386,3,1795
5904,04/04/2020T00:00:00 ,152376,837,704,101,112,37,3,2387,3,1794
5905,04/04/2020T00:10:00 ,152376,837,703,101,112,37,3,2388,3,1793
5906,04/04/2020T00:20:00 ,152375,837,701,101,112,37,3,2391,3,1791
5907,04/04/2020T00:30:00 ,152375,835,703,101,112,37,3,2391,3,1791
5908,04/04/2020T00:40:00 ,152375,831,707,100,112,37,3,2392,3,1790
5909,04/04/2020T00:50:00 ,152374,830,708,99,113,37,3,2393,3,1790
5910,04/04/2020T01:00:00 ,152374,829,707,98,114,37,3,2395,3,1788
5911,04/04/2020T01:10:00 ,152374,827,709,98,114,37,3,2395,3,1788
5912,04/04/2020T01:20:00 ,152374,827,709,98,114,37,3,2395,3,1788
5913,04/04/2020T01:30:00 ,152374,825,711,98,114,37,3,2395,3,1788
5914,04/04/2020T01:40:00 ,152374,824,711,99,114,37,3,2395,3,1788
5915,04/04/2020T01:50:00 ,152372,824,711,99,113,37,3,2398,3,1787
5916,04/04/2020T02:00:00 ,152371,824,711,98,114,37,3,2399,3,1787
5917,04/04/2020T02:10:00 ,152371,823,711,98,114,37,3,2400,3,1786
5918,04/04/2020T02:20:00 ,152371,823,711,98,113,37,3,2401,3,1785
5919,04/04/2020T02:30:00 ,152371,817,716,98,113,37,3,2402,3,1784
5920,04/04/2020T02:40:00 ,152370,815,716,99,113,37,3,2404,3,1783
5921,04/04/2020T02:50:00 ,152370,814,715,98,114,37,3,2406,3,1781
5922,04/04/2020T03:00:00 ,152370,812,715,99,114,37,3,2407,3,1780
5923,04/04/2020T03:10:00 ,152370,811,715,100,113,38,3,2407,3,1780
5924,04/04/2020T03:20:00 ,152370,811,711,100,113,38,3,2411,3,1776
5925,04/04/2020T03:30:00 ,152370,810,712,100,112,38,3,2412,3,1775
5926,04/04/2020T03:40:00 ,152369,807,711,102,112,38,3,2415,3,1773
5927,04/04/2020T03:50:00 ,152369,805,711,103,112,38,3,2416,3,1772
5928,04/04/2020T04:00:00 ,152369,803,712,104,112,38,3,2416,3,1772
5929,04/04/2020T04:10:00 ,152368,801,715,104,112,39,2,2416,3,1773
5930,04/04/2020T04:20:00 ,152367,801,714,105,112,39,2,2417,3,1773
5931,04/04/2020T04:30:00 ,152366,801,713,105,112,39,2,2419,3,1772
5932,04/04/2020T04:40:00 ,152365,801,712,105,113,39,2,2420,3,1772
5933,04/04/2020T04:50:00 ,152365,798,714,104,114,39,2,2421,3,1771
5934,04/04/2020T05:00:00 ,152365,796,714,105,114,39,2,2422,3,1770
5935,04/04/2020T05:10:00 ,152364,794,716,104,115,39,2,2423,3,1770
5936,04/04/2020T05:20:00 ,152364,792,717,105,115,39,2,2423,3,1770
5937,04/04/2020T05:30:00 ,152363,792,718,104,116,39,2,2423,3,1771
5938,04/04/2020T05:40:00 ,152362,791,719,104,116,39,2,2424,3,1771
5939,04/04/2020T05:50:00 ,152362,791,719,104,116,39,2,2424,3,1771
5940,04/04/2020T06:00:00 ,152361,791,718,105,116,39,2,2425,3,1771
5941,04/04/2020T06:10:00 ,152360,788,717,109,116,39,2,2426,3,1771
5942,04/04/2020T06:20:00 ,152359,789,715,109,115,39,2,2429,3,1769
5943,04/04/2020T06:30:00 ,152359,787,715,110,115,39,2,2430,3,1768
5944,04/04/2020T06:40:00 ,152359,785,716,110,114,39,2,2432,3,1766
5945,04/04/2020T06:50:00 ,152358,785,717,109,115,39,2,2432,3,1767
5946,04/04/2020T07:00:00 ,152358,784,718,109,115,39,2,2432,3,1767
5947,04/04/2020T07:10:00 ,152358,783,717,109,115,39,2,2434,3,1765
5948,04/04/2020T07:20:00 ,152358,781,718,109,113,39,2,2437,3,1762
5949,04/04/2020T07:30:00 ,152355,783,717,109,113,39,2,2439,3,1763
5950,04/04/2020T07:40:00 ,152354,782,718,109,113,39,2,2440,3,1763
5951,04/04/2020T07:50:00 ,152352,784,717,109,113,39,2,2441,3,1764
5952,04/04/2020T08:00:00 ,152348,785,719,109,112,39,2,2443,3,1766
5953,04/04/2020T08:10:00 ,152343,789,718,109,112,39,2,2445,3,1769
5954,04/04/2020T08:20:00 ,152338,791,718,110,112,39,2,2447,3,1772
5955,04/04/2020T08:30:00 ,152333,796,716,110,112,39,2,2449,3,1775
5956,04/04/2020T08:40:00 ,152331,795,716,109,114,39,2,2451,3,1775
5957,04/04/2020T08:50:00 ,152328,797,715,110,114,39,2,2452,3,1777
5958,04/04/2020T09:00:00 ,152323,800,717,110,114,39,2,2452,3,1782
5959,04/04/2020T09:10:00 ,152321,802,716,110,112,39,2,2455,3,1781
5960,04/04/2020T09:20:00 ,152315,806,717,110,111,39,2,2457,3,1785
5961,04/04/2020T09:30:00 ,152309,810,717,111,111,39,2,2458,3,1790
5962,04/04/2020T09:40:00 ,152305,812,718,111,111,39,2,2459,3,1793
5963,04/04/2020T09:50:00 ,152297,814,723,112,111,39,2,2459,3,1801
5964,04/04/2020T10:00:00 ,152287,823,723,112,110,39,2,2461,3,1809
5965,04/04/2020T10:10:00 ,152285,825,722,112,109,39,2,2463,3,1809
5966,04/04/2020T10:20:00 ,152277,831,722,113,109,39,2,2464,3,1816
5967,04/04/2020T10:30:00 ,152270,837,723,113,109,39,2,2464,3,1823
5968,04/04/2020T10:40:00 ,152260,846,722,113,109,39,2,2466,3,1831
5969,04/04/2020T10:50:00 ,152253,852,722,112,110,39,2,2467,3,1837
5970,04/04/2020T11:00:00 ,152248,855,723,112,111,39,2,2467,3,1842
5971,04/04/2020T11:10:00 ,152240,862,723,112,111,39,2,2468,3,1849
5972,04/04/2020T11:20:00 ,152234,866,724,112,111,39,2,2469,3,1854
5973,04/04/2020T11:30:00 ,152228,870,726,112,111,39,2,2469,3,1860
5974,04/04/2020T11:40:00 ,152221,875,726,112,111,39,2,2471,3,1865
5975,04/04/2020T11:50:00 ,152213,882,726,112,111,39,2,2472,3,1872
5976,04/04/2020T12:00:00 ,152209,885,724,113,109,39,2,2476,3,1872
5977,04/04/2020T12:10:00 ,152205,888,723,114,108,39,2,2478,3,1874
5978,04/04/2020T12:20:00 ,152203,889,724,114,108,39,2,2478,3,1876
5979,04/04/2020T12:30:00 ,152201,889,726,113,109,39,2,2478,3,1878
5980,04/04/2020T12:40:00 ,152197,892,726,114,109,39,2,2478,3,1882
5981,04/04/2020T12:50:00 ,152193,891,730,115,109,39,2,2478,3,1886
5982,04/04/2020T13:00:00 ,152187,897,729,114,110,39,2,2479,3,1891
5983,04/04/2020T13:10:00 ,152180,903,728,113,111,39,2,2481,3,1896
5984,04/04/2020T13:20:00 ,152174,908,728,112,112,39,2,2482,3,1901
5985,04/04/2020T13:30:00 ,152171,908,730,113,112,39,2,2482,3,1904
5986,04/04/2020T13:40:00 ,152165,912,731,113,112,39,2,2483,3,1909
5987,04/04/2020T13:50:00 ,152158,919,731,113,112,39,2,2483,3,1916
5988,04/04/2020T14:00:00 ,152157,919,732,113,112,39,2,2483,3,1917
5989,04/04/2020T14:10:00 ,152155,920,733,113,112,39,2,2483,3,1919
5990,04/04/2020T14:20:00 ,152151,921,734,114,112,39,2,2484,3,1922
5991,04/04/2020T14:30:00 ,152145,926,731,114,113,39,2,2487,3,1925
5992,04/04/2020T14:40:00 ,152139,930,730,115,113,39,2,2489,3,1929
5993,04/04/2020T14:50:00 ,152133,934,726,116,113,39,2,2494,3,1930
5994,04/04/2020T15:00:00 ,152122,943,726,117,113,39,2,2495,3,1940
5995,04/04/2020T15:10:00 ,152121,943,725,117,113,39,2,2497,3,1939
5996,04/04/2020T15:20:00 ,152114,947,727,115,115,39,2,2498,3,1945
5997,04/04/2020T15:30:00 ,152111,949,727,115,115,39,2,2499,3,1947
5998,04/04/2020T15:40:00 ,152105,954,727,115,115,39,2,2500,3,1952
5999,04/04/2020T15:50:00 ,152103,955,728,115,115,39,2,2500,3,1954
6000,04/04/2020T16:00:00 ,152099,957,729,116,115,38,3,2500,3,1958
6001,04/04/2020T16:10:00 ,152093,960,730,117,115,38,3,2501,3,1963
6002,04/04/2020T16:20:00 ,152088,963,732,116,116,38,3,2501,3,1968
6003,04/04/2020T16:30:00 ,152081,966,734,117,115,39,3,2502,3,1974
6004,04/04/2020T16:40:00 ,152078,968,734,116,116,39,3,2503,3,1976
6005,04/04/2020T16:50:00 ,152075,968,736,117,116,39,3,2503,3,1979
6006,04/04/2020T17:00:00 ,152072,969,737,117,116,39,3,2504,3,1981
6007,04/04/2020T17:10:00 ,152065,975,737,118,116,39,3,2504,3,1988
6008,04/04/2020T17:20:00 ,152064,976,736,118,116,39,3,2505,3,1988
6009,04/04/2020T17:30:00 ,152064,974,734,120,116,39,3,2507,3,1986
6010,04/04/2020T17:40:00 ,152063,975,733,120,115,39,3,2509,3,1985
6011,04/04/2020T17:50:00 ,152061,975,734,121,114,40,3,2509,3,1987
6012,04/04/2020T18:00:00 ,152059,977,733,121,114,40,3,2510,3,1988
6013,04/04/2020T18:10:00 ,152058,976,733,122,114,40,3,2511,3,1988
6014,04/04/2020T18:20:00 ,152058,976,732,122,114,40,3,2512,3,1987
6015,04/04/2020T18:30:00 ,152058,974,733,122,114,40,3,2513,3,1986
6016,04/04/2020T18:40:00 ,152058,971,734,123,114,40,3,2514,3,1985
6017,04/04/2020T18:50:00 ,152057,971,735,123,113,40,3,2515,3,1985
6018,04/04/2020T19:00:00 ,152056,969,737,123,113,40,3,2516,3,1985
6019,04/04/2020T19:10:00 ,152056,965,738,124,112,40,3,2519,3,1982
6020,04/04/2020T19:20:00 ,152055,966,737,123,112,40,3,2521,3,1981
6021,04/04/2020T19:30:00 ,152055,962,741,123,112,40,3,2521,3,1981
6022,04/04/2020T19:40:00 ,152055,961,741,123,112,40,3,2522,3,1980
6023,04/04/2020T19:50:00 ,152055,960,741,123,112,40,3,2523,3,1979
6024,04/04/2020T20:00:00 ,152055,958,743,123,112,40,3,2523,3,1979
6025,04/04/2020T20:10:00 ,152054,957,744,123,112,40,3,2524,3,1979
6026,04/04/2020T20:20:00 ,152054,956,743,124,112,40,3,2525,3,1978
6027,04/04/2020T20:30:00 ,152054,953,744,125,112,40,3,2526,3,1977
6028,04/04/2020T20:40:00 ,152053,950,748,125,112,40,3,2526,3,1978
6029,04/04/2020T20:50:00 ,152053,946,752,125,112,39,3,2526,4,1977
6030,04/04/2020T21:00:00 ,152051,947,752,125,110,40,3,2528,4,1977
6031,04/04/2020T21:10:00 ,152049,947,754,125,110,40,3,2528,4,1979
6032,04/04/2020T21:20:00 ,152048,942,755,127,110,40,3,2531,4,1977
6033,04/04/2020T21:30:00 ,152044,945,754,127,111,40,3,2532,4,1980
6034,04/04/2020T21:40:00 ,152044,945,753,127,110,41,3,2533,4,1979
6035,04/04/2020T21:50:00 ,152042,945,753,128,109,41,3,2535,4,1979
6036,04/04/2020T22:00:00 ,152041,944,754,128,109,41,3,2536,4,1979
6037,04/04/2020T22:10:00 ,152040,945,753,128,108,41,3,2538,4,1978
6038,04/04/2020T22:20:00 ,152040,942,755,128,108,41,3,2539,4,1977
6039,04/04/2020T22:30:00 ,152040,941,755,128,108,41,3,2540,4,1976
6040,04/04/2020T22:40:00 ,152040,938,758,128,107,42,3,2540,4,1976
6041,04/04/2020T22:50:00 ,152040,937,757,127,108,42,3,2542,4,1974
6042,04/04/2020T23:00:00 ,152040,937,756,127,108,42,3,2543,4,1973
6043,04/04/2020T23:10:00 ,152040,936,755,128,108,42,3,2544,4,1972
6044,04/04/2020T23:20:00 ,152040,934,757,127,108,42,3,2545,4,1971
6045,04/04/2020T23:30:00 ,152040,932,758,128,108,42,3,2545,4,1971
6046,04/04/2020T23:40:00 ,152039,931,758,130,108,42,3,2545,4,1972
6047,04/04/2020T23:50:00 ,152039,928,760,131,108,42,3,2545,4,1972
6048,04/05/2020T00:00:00 ,152039,923,762,132,109,42,3,2546,4,1971
6049,04/05/2020T00:10:00 ,152039,922,761,132,109,42,3,2548,4,1969
6050,04/05/2020T00:20:00 ,152039,920,761,133,107,42,3,2551,4,1966
6051,04/05/2020T00:30:00 ,152038,917,763,135,107,42,3,2551,4,1967
6052,04/05/2020T00:40:00 ,152038,917,763,135,107,42,3,2551,4,1967
6053,04/05/2020T00:50:00 ,152038,915,762,137,106,42,3,2553,4,1965
6054,04/05/2020T01:00:00 ,152037,913,763,136,107,42,3,2555,4,1964
6055,04/05/2020T01:10:00 ,152036,913,763,136,107,42,3,2556,4,1964
6056,04/05/2020T01:20:00 ,152035,912,765,136,107,42,3,2556,4,1965
6057,04/05/2020T01:30:00 ,152035,909,766,136,106,42,3,2559,4,1962
6058,04/05/2020T01:40:00 ,152035,908,764,137,106,43,2,2561,4,1960
6059,04/05/2020T01:50:00 ,152035,907,765,136,107,43,2,2561,4,1960
6060,04/05/2020T02:00:00 ,152035,906,764,135,109,43,2,2562,4,1959
6061,04/05/2020T02:10:00 ,152035,904,765,135,110,43,2,2562,4,1959
6062,04/05/2020T02:20:00 ,152034,902,765,136,111,43,2,2563,4,1959
6063,04/05/2020T02:30:00 ,152032,904,763,136,111,43,2,2565,4,1959
6064,04/05/2020T02:40:00 ,152032,901,765,136,111,43,2,2566,4,1958
6065,04/05/2020T02:50:00 ,152032,899,767,135,112,43,2,2566,4,1958
6066,04/05/2020T03:00:00 ,152032,898,767,135,112,43,2,2567,4,1957
6067,04/05/2020T03:10:00 ,152031,897,769,135,112,43,2,2567,4,1958
6068,04/05/2020T03:20:00 ,152031,894,770,134,113,43,2,2569,4,1956
6069,04/05/2020T03:30:00 ,152031,890,768,136,114,43,2,2572,4,1953
6070,04/05/2020T03:40:00 ,152031,888,770,136,114,43,2,2572,4,1953
6071,04/05/2020T03:50:00 ,152031,887,769,136,114,43,2,2574,4,1951
6072,04/05/2020T04:00:00 ,152031,884,772,136,114,43,2,2574,4,1951
6073,04/05/2020T04:10:00 ,152031,882,774,136,113,43,2,2575,4,1950
6074,04/05/2020T04:20:00 ,152029,884,774,136,113,43,2,2575,4,1952
6075,04/05/2020T04:30:00 ,152029,883,773,136,113,43,2,2577,4,1950
6076,04/05/2020T04:40:00 ,152028,881,775,135,115,43,2,2577,4,1951
6077,04/05/2020T04:50:00 ,152028,875,780,134,116,43,2,2578,4,1950
6078,04/05/2020T05:00:00 ,152028,871,783,133,118,43,2,2578,4,1950
6079,04/05/2020T05:10:00 ,152028,867,785,133,118,43,2,2580,4,1948
6080,04/05/2020T05:20:00 ,152028,866,784,133,119,43,2,2581,4,1947
6081,04/05/2020T05:30:00 ,152028,863,785,133,119,43,2,2583,4,1945
6082,04/05/2020T05:40:00 ,152028,862,786,133,119,43,2,2583,4,1945
6083,04/05/2020T05:50:00 ,152028,861,785,134,118,43,2,2585,4,1943
6084,04/05/2020T06:00:00 ,152028,859,782,135,118,43,2,2589,4,1939
6085,04/05/2020T06:10:00 ,152028,855,785,136,118,43,2,2589,4,1939
6086,04/05/2020T06:20:00 ,152027,853,785,137,117,43,2,2592,4,1937
6087,04/05/2020T06:30:00 ,152027,850,785,137,117,43,2,2595,4,1934
6088,04/05/2020T06:40:00 ,152026,850,786,136,118,43,2,2595,4,1935
6089,04/05/2020T06:50:00 ,152026,850,784,136,116,43,2,2599,4,1931
6090,04/05/2020T07:00:00 ,152025,848,787,135,117,43,2,2599,4,1932
6091,04/05/2020T07:10:00 ,152025,845,787,135,118,43,2,2601,4,1930
6092,04/05/2020T07:20:00 ,152025,844,788,135,117,44,2,2601,4,1930
6093,04/05/2020T07:30:00 ,152025,842,790,133,118,44,2,2602,4,1929
6094,04/05/2020T07:40:00 ,152025,841,789,132,119,44,2,2604,4,1927
6095,04/05/2020T07:50:00 ,152025,839,788,134,119,44,2,2605,4,1926
6096,04/05/2020T08:00:00 ,152023,840,789,133,120,44,2,2605,4,1928
6097,04/05/2020T08:10:00 ,152023,838,790,133,120,44,2,2606,4,1927
6098,04/05/2020T08:20:00 ,152023,836,792,133,120,44,2,2606,4,1927
6099,04/05/2020T08:30:00 ,152023,832,790,134,120,44,2,2611,4,1922
6100,04/05/2020T08:40:00 ,152023,831,790,134,120,44,2,2612,4,1921
6101,04/05/2020T08:50:00 ,152022,832,790,132,122,44,2,2612,4,1922
6102,04/05/2020T09:00:00 ,152022,830,791,132,122,44,2,2613,4,1921
6103,04/05/2020T09:10:00 ,152021,828,793,131,124,44,2,2613,4,1922
6104,04/05/2020T09:20:00 ,152020,828,794,131,123,44,2,2614,4,1922
6105,04/05/2020T09:30:00 ,152020,828,794,131,123,44,2,2614,4,1922
6106,04/05/2020T09:40:00 ,152019,828,795,131,123,44,2,2614,4,1923
6107,04/05/2020T09:50:00 ,152019,826,796,131,123,44,2,2615,4,1922
6108,04/05/2020T10:00:00 ,152019,824,797,131,123,44,2,2616,4,1921
6109,04/05/2020T10:10:00 ,152018,821,795,133,122,44,2,2621,4,1917
6110,04/05/2020T10:20:00 ,152017,820,796,133,122,44,2,2622,4,1917
6111,04/05/2020T10:30:00 ,152017,819,795,133,122,44,2,2624,4,1915
6112,04/05/2020T10:40:00 ,152017,817,795,133,122,44,2,2626,4,1913
6113,04/05/2020T10:50:00 ,152017,814,797,133,121,44,2,2628,4,1911
6114,04/05/2020T11:00:00 ,152017,812,799,132,122,44,2,2628,4,1911
6115,04/05/2020T11:10:00 ,152017,811,798,131,123,44,2,2630,4,1909
6116,04/05/2020T11:20:00 ,152017,810,798,131,123,44,2,2631,4,1908
6117,04/05/2020T11:30:00 ,152016,809,795,132,123,44,2,2635,4,1905
6118,04/05/2020T11:40:00 ,152014,807,798,130,126,44,2,2635,4,1907
6119,04/05/2020T11:50:00 ,152012,809,798,130,125,45,2,2635,4,1909
6120,04/05/2020T12:00:00 ,152011,810,798,130,124,45,2,2636,4,1909
6121,04/05/2020T12:10:00 ,152010,810,799,129,125,45,2,2636,4,1910
6122,04/05/2020T12:20:00 ,152009,808,801,130,125,45,2,2636,4,1911
6123,04/05/2020T12:30:00 ,152005,809,804,130,125,45,2,2636,4,1915
6124,04/05/2020T12:40:00 ,152004,807,806,130,126,45,2,2636,4,1916
6125,04/05/2020T12:50:00 ,152003,805,806,131,126,45,2,2638,4,1915
6126,04/05/2020T13:00:00 ,152003,800,811,131,126,45,2,2638,4,1915
6127,04/05/2020T13:10:00 ,152003,798,813,131,125,45,2,2639,4,1914
6128,04/05/2020T13:20:00 ,152003,796,813,132,125,45,2,2640,4,1913
6129,04/05/2020T13:30:00 ,152002,796,813,132,125,45,2,2641,4,1913
6130,04/05/2020T13:40:00 ,152000,798,812,131,126,45,2,2642,4,1914
6131,04/05/2020T13:50:00 ,151998,799,812,131,126,45,2,2643,4,1915
6132,04/05/2020T14:00:00 ,151997,796,813,133,126,45,2,2644,4,1915
6133,04/05/2020T14:10:00 ,151997,795,812,134,126,45,2,2645,4,1914
6134,04/05/2020T14:20:00 ,151997,793,813,133,127,45,2,2646,4,1913
6135,04/05/2020T14:30:00 ,151997,792,812,133,127,45,2,2648,4,1911
6136,04/05/2020T14:40:00 ,151996,790,812,132,129,45,2,2650,4,1910
6137,04/05/2020T14:50:00 ,151995,790,813,131,130,45,2,2650,4,1911
6138,04/05/2020T15:00:00 ,151995,786,816,131,131,45,2,2650,4,1911
6139,04/05/2020T15:10:00 ,151995,784,818,131,130,45,2,2651,4,1910
6140,04/05/2020T15:20:00 ,151995,781,820,131,131,45,2,2651,4,1910
6141,04/05/2020T15:30:00 ,151995,779,820,131,132,45,2,2652,4,1909
6142,04/05/2020T15:40:00 ,151995,778,819,132,132,45,2,2653,4,1908
6143,04/05/2020T15:50:00 ,151994,778,818,132,132,45,2,2655,4,1907
6144,04/05/2020T16:00:00 ,151992,779,818,131,133,45,2,2656,4,1908
6145,04/05/2020T16:10:00 ,151991,778,818,132,133,45,2,2657,4,1908
6146,04/05/2020T16:20:00 ,151990,778,819,132,133,45,2,2657,4,1909
6147,04/05/2020T16:30:00 ,151990,775,817,134,133,45,2,2660,4,1906
6148,04/05/2020T16:40:00 ,151990,775,817,133,134,45,2,2660,4,1906
6149,04/05/2020T16:50:00 ,151988,773,820,133,133,45,2,2662,4,1906
6150,04/05/2020T17:00:00 ,151988,771,820,134,133,45,2,2663,4,1905
6151,04/05/2020T17:10:00 ,151988,769,821,133,134,45,2,2664,4,1904
6152,04/05/2020T17:20:00 ,151988,768,821,133,134,45,2,2665,4,1903
6153,04/05/2020T17:30:00 ,151987,768,821,133,133,45,2,2667,4,1902
6154,04/05/2020T17:40:00 ,151987,766,822,133,133,45,2,2668,4,1901
6155,04/05/2020T17:50:00 ,151985,767,823,133,131,46,2,2669,4,1902
6156,04/05/2020T18:00:00 ,151985,764,824,132,132,46,2,2671,4,1900
6157,04/05/2020T18:10:00 ,151985,764,824,132,132,46,2,2671,4,1900
6158,04/05/2020T18:20:00 ,151984,764,825,131,133,46,2,2671,4,1901
6159,04/05/2020T18:30:00 ,151984,763,826,130,134,46,2,2671,4,1901
6160,04/05/2020T18:40:00 ,151984,760,829,130,134,46,2,2671,4,1901
6161,04/05/2020T18:50:00 ,151983,760,827,130,133,46,2,2675,4,1898
6162,04/05/2020T19:00:00 ,151983,758,827,130,132,46,2,2678,4,1895
6163,04/05/2020T19:10:00 ,151983,753,829,132,130,46,2,2681,4,1892
6164,04/05/2020T19:20:00 ,151982,754,824,132,130,46,2,2686,4,1888
6165,04/05/2020T19:30:00 ,151981,754,825,132,130,46,2,2686,4,1889
6166,04/05/2020T19:40:00 ,151979,753,826,132,131,46,2,2687,4,1890
6167,04/05/2020T19:50:00 ,151974,754,830,132,131,46,2,2687,4,1895
6168,04/05/2020T20:00:00 ,151972,755,831,132,131,46,2,2687,4,1897
6169,04/05/2020T20:10:00 ,151972,755,829,132,131,46,2,2689,4,1895
6170,04/05/2020T20:20:00 ,151971,752,832,131,132,46,2,2690,4,1895
6171,04/05/2020T20:30:00 ,151968,751,834,131,133,46,2,2691,4,1897
6172,04/05/2020T20:40:00 ,151961,756,835,132,133,46,2,2691,4,1904
6173,04/05/2020T20:50:00 ,151959,755,834,133,134,46,2,2693,4,1904
6174,04/05/2020T21:00:00 ,151957,754,836,134,134,46,2,2693,4,1906
6175,04/05/2020T21:10:00 ,151955,755,837,134,134,46,2,2693,4,1908
6176,04/05/2020T21:20:00 ,151952,757,836,134,134,46,2,2695,4,1909
6177,04/05/2020T21:30:00 ,151951,756,837,135,134,46,2,2695,4,1910
6178,04/05/2020T21:40:00 ,151950,755,835,135,135,46,2,2698,4,1908
6179,04/05/2020T21:50:00 ,151950,753,834,136,134,46,2,2701,4,1905
6180,04/05/2020T22:00:00 ,151950,753,832,136,134,46,2,2703,4,1903
6181,04/05/2020T22:10:00 ,151949,753,830,137,134,46,2,2705,4,1902
6182,04/05/2020T22:20:00 ,151947,754,829,135,137,46,2,2706,4,1903
6183,04/05/2020T22:30:00 ,151946,754,829,135,136,46,2,2708,4,1902
6184,04/05/2020T22:40:00 ,151943,755,828,136,136,46,2,2710,4,1903
6185,04/05/2020T22:50:00 ,151943,752,828,137,136,46,2,2712,4,1901
6186,04/05/2020T23:00:00 ,151943,750,829,137,135,46,2,2714,4,1899
6187,04/05/2020T23:10:00 ,151941,750,830,137,135,46,2,2715,4,1900
6188,04/05/2020T23:20:00 ,151941,749,831,137,135,46,2,2715,4,1900
6189,04/05/2020T23:30:00 ,151941,747,833,136,136,46,2,2715,4,1900
6190,04/05/2020T23:40:00 ,151941,746,831,136,136,45,2,2719,4,1896
6191,04/05/2020T23:50:00 ,151940,745,833,136,136,45,2,2719,4,1897
6192,04/06/2020T00:00:00 ,151939,744,834,135,137,45,2,2720,4,1897
6193,04/06/2020T00:10:00 ,151939,742,834,135,137,45,2,2722,4,1895
6194,04/06/2020T00:20:00 ,151938,740,833,138,137,45,2,2723,4,1895
6195,04/06/2020T00:30:00 ,151938,736,836,138,137,45,2,2724,4,1894
6196,04/06/2020T00:40:00 ,151938,735,836,138,137,45,2,2725,4,1893
6197,04/06/2020T00:50:00 ,151938,735,836,136,139,45,2,2725,4,1893
6198,04/06/2020T01:00:00 ,151938,733,836,135,140,45,2,2727,4,1891
6199,04/06/2020T01:10:00 ,151936,732,838,135,140,46,2,2727,4,1893
6200,04/06/2020T01:20:00 ,151936,729,841,135,140,46,2,2727,4,1893
6201,04/06/2020T01:30:00 ,151935,728,841,135,140,46,2,2729,4,1892
6202,04/06/2020T01:40:00 ,151935,726,843,134,141,46,2,2729,4,1892
6203,04/06/2020T01:50:00 ,151935,726,842,134,141,46,2,2730,4,1891
6204,04/06/2020T02:00:00 ,151935,722,844,135,141,46,2,2731,4,1890
6205,04/06/2020T02:10:00 ,151935,720,846,134,142,46,2,2731,4,1890
6206,04/06/2020T02:20:00 ,151934,717,847,134,142,46,2,2734,4,1888
6207,04/06/2020T02:30:00 ,151933,716,849,134,142,46,2,2734,4,1889
6208,04/06/2020T02:40:00 ,151930,718,850,134,141,46,2,2735,4,1891
6209,04/06/2020T02:50:00 ,151929,718,850,134,141,46,2,2736,4,1891
6210,04/06/2020T03:00:00 ,151928,715,854,132,143,46,2,2736,4,1892
6211,04/06/2020T03:10:00 ,151927,712,856,133,143,46,2,2737,4,1892
6212,04/06/2020T03:20:00 ,151927,711,857,133,143,46,2,2737,4,1892
6213,04/06/2020T03:30:00 ,151927,709,857,134,142,46,2,2739,4,1890
6214,04/06/2020T03:40:00 ,151925,709,858,133,143,46,2,2740,4,1891
6215,04/06/2020T03:50:00 ,151923,709,860,132,144,46,2,2740,4,1893
6216,04/06/2020T04:00:00 ,151923,705,862,134,144,46,2,2740,4,1893
6217,04/06/2020T04:10:00 ,151923,704,862,134,143,46,2,2742,4,1891
6218,04/06/2020T04:20:00 ,151923,704,861,134,143,46,2,2743,4,1890
6219,04/06/2020T04:30:00 ,151923,704,859,134,142,45,2,2747,4,1886
6220,04/06/2020T04:40:00 ,151923,702,859,134,143,45,2,2748,4,1885
6221,04/06/2020T04:50:00 ,151922,701,861,133,144,45,2,2748,4,1886
6222,04/06/2020T05:00:00 ,151922,699,862,133,144,45,2,2749,4,1885
6223,04/06/2020T05:10:00 ,151922,698,862,133,144,45,2,2750,4,1884
6224,04/06/2020T05:20:00 ,151922,694,862,132,145,45,2,2754,4,1880
6225,04/06/2020T05:30:00 ,151922,690,864,132,145,45,2,2756,4,1878
6226,04/06/2020T05:40:00 ,151922,687,862,133,145,45,2,2760,4,1874
6227,04/06/2020T05:50:00 ,151921,685,862,135,145,45,2,2761,4,1874
6228,04/06/2020T06:00:00 ,151920,684,863,135,145,45,2,2762,4,1874
6229,04/06/2020T06:10:00 ,151918,684,864,135,145,45,2,2763,4,1875
6230,04/06/2020T06:20:00 ,151918,679,867,136,145,45,2,2764,4,1874
6231,04/06/2020T06:30:00 ,151918,679,866,136,145,45,2,2765,4,1873
6232,04/06/2020T06:40:00 ,151918,674,869,137,145,45,2,2766,4,1872
6233,04/06/2020T06:50:00 ,151917,675,869,137,145,45,2,2766,4,1873
6234,04/06/2020T07:00:00 ,151917,673,869,138,144,45,2,2768,4,1871
6235,04/06/2020T07:10:00 ,151917,668,871,137,146,45,2,2770,4,1869
6236,04/06/2020T07:20:00 ,151916,666,872,137,147,45,2,2771,4,1869
6237,04/06/2020T07:30:00 ,151916,664,873,138,147,45,2,2771,4,1869
6238,04/06/2020T07:40:00 ,151915,661,876,138,147,45,2,2772,4,1869
6239,04/06/2020T07:50:00 ,151915,659,877,138,147,45,2,2773,4,1868
6240,04/06/2020T08:00:00 ,151915,657,876,139,147,45,2,2775,4,1866
6241,04/06/2020T08:10:00 ,151915,654,877,140,147,45,2,2776,4,1865
6242,04/06/2020T08:20:00 ,151915,653,876,141,147,45,2,2777,4,1864
6243,04/06/2020T08:30:00 ,151915,650,879,140,148,45,2,2777,4,1864
6244,04/06/2020T08:40:00 ,151915,648,881,140,147,46,2,2777,4,1864
6245,04/06/2020T08:50:00 ,151914,642,888,139,147,46,2,2778,4,1864
6246,04/06/2020T09:00:00 ,151914,641,888,140,146,46,2,2779,4,1863
6247,04/06/2020T09:10:00 ,151912,643,888,139,147,46,2,2779,4,1865
6248,04/06/2020T09:20:00 ,151911,641,891,139,147,46,2,2779,4,1866
6249,04/06/2020T09:30:00 ,151911,637,893,140,146,46,2,2781,4,1864
6250,04/06/2020T09:40:00 ,151911,636,894,140,145,46,2,2782,4,1863
6251,04/06/2020T09:50:00 ,151911,631,897,141,145,46,2,2783,4,1862
6252,04/06/2020T10:00:00 ,151911,630,898,140,146,46,2,2783,4,1862
6253,04/06/2020T10:10:00 ,151911,630,897,140,144,46,2,2786,4,1859
6254,04/06/2020T10:20:00 ,151911,628,898,140,144,46,2,2787,4,1858
6255,04/06/2020T10:30:00 ,151911,626,899,141,143,46,2,2788,4,1857
6256,04/06/2020T10:40:00 ,151911,624,898,141,143,46,2,2791,4,1854
6257,04/06/2020T10:50:00 ,151909,624,898,141,143,46,2,2793,4,1854
6258,04/06/2020T11:00:00 ,151909,623,897,141,143,46,2,2795,4,1852
6259,04/06/2020T11:10:00 ,151908,624,895,141,143,46,2,2797,4,1851
6260,04/06/2020T11:20:00 ,151906,625,895,141,143,45,2,2799,4,1851
6261,04/06/2020T11:30:00 ,151906,625,894,141,143,45,2,2800,4,1850
6262,04/06/2020T11:40:00 ,151906,623,896,141,143,45,2,2800,4,1850
6263,04/06/2020T11:50:00 ,151906,619,896,143,144,45,2,2801,4,1849
6264,04/06/2020T12:00:00 ,151906,617,897,143,143,45,2,2803,4,1847
6265,04/06/2020T12:10:00 ,151905,613,900,144,142,45,2,2805,4,1846
6266,04/06/2020T12:20:00 ,151905,612,898,145,142,45,2,2807,4,1844
6267,04/06/2020T12:30:00 ,151905,610,899,146,142,45,2,2807,4,1844
6268,04/06/2020T12:40:00 ,151905,608,900,145,143,45,2,2808,4,1843
6269,04/06/2020T12:50:00 ,151904,608,899,144,144,45,2,2810,4,1842
6270,04/06/2020T13:00:00 ,151902,609,900,142,146,45,2,2810,4,1844
6271,04/06/2020T13:10:00 ,151902,607,902,141,146,45,2,2811,4,1843
6272,04/06/2020T13:20:00 ,151902,605,904,140,147,45,2,2811,4,1843
6273,04/06/2020T13:30:00 ,151901,604,903,141,146,46,2,2813,4,1842
6274,04/06/2020T13:40:00 ,151901,602,903,142,146,46,2,2814,4,1841
6275,04/06/2020T13:50:00 ,151900,600,905,142,146,46,2,2815,4,1841
6276,04/06/2020T14:00:00 ,151900,600,905,142,146,46,2,2815,4,1841
6277,04/06/2020T14:10:00 ,151899,598,905,143,146,46,2,2817,4,1840
6278,04/06/2020T14:20:00 ,151898,598,905,142,147,46,2,2818,4,1840
6279,04/06/2020T14:30:00 ,151897,597,907,142,147,46,2,2818,4,1841
6280,04/06/2020T14:40:00 ,151897,593,908,143,148,46,2,2819,4,1840
6281,04/06/2020T14:50:00 ,151896,592,907,144,147,46,2,2822,4,1838
6282,04/06/2020T15:00:00 ,151896,591,905,142,148,46,2,2826,4,1834
6283,04/06/2020T15:10:00 ,151895,590,904,143,149,46,2,2827,4,1834
6284,04/06/2020T15:20:00 ,151895,588,902,144,149,46,2,2830,4,1831
6285,04/06/2020T15:30:00 ,151895,587,903,143,150,46,2,2830,4,1831
6286,04/06/2020T15:40:00 ,151894,587,903,144,149,46,2,2831,4,1831
6287,04/06/2020T15:50:00 ,151894,585,904,145,149,46,2,2831,4,1831
6288,04/06/2020T16:00:00 ,151894,583,905,145,150,46,2,2831,4,1831
6289,04/06/2020T16:10:00 ,151894,581,906,145,150,46,2,2832,4,1830
6290,04/06/2020T16:20:00 ,151893,580,907,143,153,46,2,2832,4,1831
6291,04/06/2020T16:30:00 ,151892,580,907,141,155,46,2,2833,4,1831
6292,04/06/2020T16:40:00 ,151890,581,906,141,155,46,2,2835,4,1831
6293,04/06/2020T16:50:00 ,151890,581,906,141,155,46,2,2835,4,1831
6294,04/06/2020T17:00:00 ,151889,579,909,141,155,46,2,2835,4,1832
6295,04/06/2020T17:10:00 ,151888,579,909,142,155,46,2,2835,4,1833
6296,04/06/2020T17:20:00 ,151887,579,907,143,155,46,2,2837,4,1832
6297,04/06/2020T17:30:00 ,151886,579,907,142,156,46,2,2838,4,1832
6298,04/06/2020T17:40:00 ,151886,577,909,142,156,46,2,2838,4,1832
6299,04/06/2020T17:50:00 ,151885,578,908,142,156,46,2,2839,4,1832
6300,04/06/2020T18:00:00 ,151885,574,909,143,156,47,2,2840,4,1831
6301,04/06/2020T18:10:00 ,151883,575,910,143,156,47,2,2840,4,1833
6302,04/06/2020T18:20:00 ,151882,576,910,142,157,47,2,2840,4,1834
6303,04/06/2020T18:30:00 ,151882,574,910,142,157,47,2,2842,4,1832
6304,04/06/2020T18:40:00 ,151881,573,911,141,158,47,2,2843,4,1832
6305,04/06/2020T18:50:00 ,151880,572,912,140,158,47,2,2845,4,1831
6306,04/06/2020T19:00:00 ,151879,571,913,141,157,47,2,2846,4,1831
6307,04/06/2020T19:10:00 ,151879,570,913,141,157,47,2,2847,4,1830
6308,04/06/2020T19:20:00 ,151879,568,915,139,159,47,2,2847,4,1830
6309,04/06/2020T19:30:00 ,151875,568,917,138,160,47,2,2849,4,1832
6310,04/06/2020T19:40:00 ,151873,569,917,139,159,47,2,2850,4,1833
6311,04/06/2020T19:50:00 ,151870,568,917,142,159,47,2,2851,4,1835
6312,04/06/2020T20:00:00 ,151870,566,917,142,158,47,2,2854,4,1832
6313,04/06/2020T20:10:00 ,151864,572,916,142,158,47,2,2855,4,1837
6314,04/06/2020T20:20:00 ,151858,578,915,141,159,47,2,2856,4,1842
6315,04/06/2020T20:30:00 ,151856,579,913,142,159,47,2,2858,4,1842
6316,04/06/2020T20:40:00 ,151856,578,913,142,159,47,2,2859,4,1841
6317,04/06/2020T20:50:00 ,151851,580,916,140,161,47,2,2859,4,1846
6318,04/06/2020T21:00:00 ,151850,581,912,140,161,47,2,2863,4,1843
6319,04/06/2020T21:10:00 ,151850,579,912,141,161,47,2,2864,4,1842
6320,04/06/2020T21:20:00 ,151849,579,910,141,161,47,2,2867,4,1840
6321,04/06/2020T21:30:00 ,151849,576,911,141,162,47,2,2868,4,1839
6322,04/06/2020T21:40:00 ,151848,574,913,141,161,47,2,2870,4,1838
6323,04/06/2020T21:50:00 ,151847,574,913,140,162,47,2,2871,4,1838
6324,04/06/2020T22:00:00 ,151846,571,917,140,161,47,2,2872,4,1838
6325,04/06/2020T22:10:00 ,151846,570,917,139,162,47,2,2873,4,1837
6326,04/06/2020T22:20:00 ,151846,569,917,139,162,47,2,2874,4,1836
6327,04/06/2020T22:30:00 ,151846,567,918,139,163,47,2,2874,4,1836
6328,04/06/2020T22:40:00 ,151846,566,919,136,166,47,2,2874,4,1836
6329,04/06/2020T22:50:00 ,151845,567,918,135,167,47,2,2875,4,1836
6330,04/06/2020T23:00:00 ,151845,564,919,134,167,47,2,2878,4,1833
6331,04/06/2020T23:10:00 ,151845,558,923,135,166,47,2,2880,4,1831
6332,04/06/2020T23:20:00 ,151844,558,922,135,166,47,2,2882,4,1830
6333,04/06/2020T23:30:00 ,151844,557,921,135,165,47,2,2885,4,1827
6334,04/06/2020T23:40:00 ,151843,556,921,134,165,47,2,2888,4,1825
6335,04/06/2020T23:50:00 ,151842,556,920,135,165,47,2,2889,4,1825
6336,04/07/2020T00:00:00 ,151842,553,923,135,165,47,2,2889,4,1825
6337,04/07/2020T00:10:00 ,151842,551,922,133,167,47,2,2892,4,1822
6338,04/07/2020T00:20:00 ,151842,548,925,133,167,47,2,2892,4,1822
6339,04/07/2020T00:30:00 ,151841,547,925,133,168,47,2,2893,4,1822
6340,04/07/2020T00:40:00 ,151841,544,926,133,168,47,2,2895,4,1820
6341,04/07/2020T00:50:00 ,151840,542,928,134,168,47,2,2895,4,1821
6342,04/07/2020T01:00:00 ,151840,541,927,133,168,48,2,2897,4,1819
6343,04/07/2020T01:10:00 ,151840,541,926,133,167,48,2,2899,4,1817
6344,04/07/2020T01:20:00 ,151840,540,926,133,167,48,2,2900,4,1816
6345,04/07/2020T01:30:00 ,151839,536,929,134,167,49,2,2900,4,1817
6346,04/07/2020T01:40:00 ,151839,534,929,134,167,49,2,2902,4,1815
6347,04/07/2020T01:50:00 ,151839,533,930,134,166,49,2,2903,4,1814
6348,04/07/2020T02:00:00 ,151838,533,931,134,166,49,2,2903,4,1815
6349,04/07/2020T02:10:00 ,151838,528,931,137,166,49,2,2905,4,1813
6350,04/07/2020T02:20:00 ,151838,528,930,137,165,49,2,2907,4,1811
6351,04/07/2020T02:30:00 ,151837,529,928,137,164,49,2,2910,4,1809
6352,04/07/2020T02:40:00 ,151837,526,928,138,163,49,2,2913,4,1806
6353,04/07/2020T02:50:00 ,151837,524,929,138,163,49,2,2914,4,1805
6354,04/07/2020T03:00:00 ,151837,523,929,138,163,49,2,2915,4,1804
6355,04/07/2020T03:10:00 ,151837,522,929,137,163,49,2,2917,4,1802
6356,04/07/2020T03:20:00 ,151837,521,926,136,164,49,2,2921,4,1798
6357,04/07/2020T03:30:00 ,151837,520,926,136,163,49,2,2923,4,1796
6358,04/07/2020T03:40:00 ,151837,519,924,136,161,49,2,2928,4,1791
6359,04/07/2020T03:50:00 ,151837,516,926,137,161,49,2,2928,4,1791
6360,04/07/2020T04:00:00 ,151837,516,924,137,161,49,2,2930,4,1789
6361,04/07/2020T04:10:00 ,151836,513,926,138,161,49,2,2931,4,1789
6362,04/07/2020T04:20:00 ,151836,512,925,138,161,49,2,2933,4,1787
6363,04/07/2020T04:30:00 ,151836,512,925,138,161,49,2,2933,4,1787
6364,04/07/2020T04:40:00 ,151836,508,929,137,162,49,2,2933,4,1787
6365,04/07/2020T04:50:00 ,151835,507,931,137,162,49,2,2933,4,1788
6366,04/07/2020T05:00:00 ,151835,505,929,138,162,49,2,2936,4,1785
6367,04/07/2020T05:10:00 ,151835,503,929,137,163,49,2,2938,4,1783
6368,04/07/2020T05:20:00 ,151835,502,929,138,163,49,2,2938,4,1783
6369,04/07/2020T05:30:00 ,151833,503,929,138,164,49,2,2938,4,1785
6370,04/07/2020T05:40:00 ,151833,502,928,138,163,49,2,2941,4,1782
6371,04/07/2020T05:50:00 ,151831,504,926,138,163,49,2,2943,4,1782
6372,04/07/2020T06:00:00 ,151831,502,927,138,163,49,2,2944,4,1781
6373,04/07/2020T06:10:00 ,151830,500,929,138,164,49,2,2944,4,1782
6374,04/07/2020T06:20:00 ,151830,498,930,139,164,49,2,2944,4,1782
6375,04/07/2020T06:30:00 ,151830,497,929,139,164,49,2,2946,4,1780
6376,04/07/2020T06:40:00 ,151830,495,928,139,164,49,2,2949,4,1777
6377,04/07/2020T06:50:00 ,151830,494,925,139,164,49,2,2953,4,1773
6378,04/07/2020T07:00:00 ,151830,492,925,140,164,49,2,2954,4,1772
6379,04/07/2020T07:10:00 ,151830,486,929,140,164,49,2,2956,4,1770
6380,04/07/2020T07:20:00 ,151829,487,925,139,165,49,2,2960,4,1767
6381,04/07/2020T07:30:00 ,151829,486,925,139,165,49,2,2961,4,1766
6382,04/07/2020T07:40:00 ,151828,483,928,139,164,50,2,2962,4,1766
6383,04/07/2020T07:50:00 ,151827,484,928,139,164,50,2,2962,4,1767
6384,04/07/2020T08:00:00 ,151821,489,928,139,165,50,2,2962,4,1773
6385,04/07/2020T08:10:00 ,151819,487,932,139,165,50,2,2962,4,1775
6386,04/07/2020T08:20:00 ,151808,498,931,139,164,50,2,2964,4,1784
6387,04/07/2020T08:30:00 ,151804,500,932,138,164,50,2,2966,4,1786
6388,04/07/2020T08:40:00 ,151792,512,930,137,165,50,2,2968,4,1796
6389,04/07/2020T08:50:00 ,151780,524,927,136,164,51,2,2972,4,1804
6390,04/07/2020T09:00:00 ,151771,532,925,137,164,51,2,2974,4,1811
6391,04/07/2020T09:10:00 ,151761,540,926,137,164,51,2,2975,4,1820
6392,04/07/2020T09:20:00 ,151750,550,925,137,164,51,2,2977,4,1829
6393,04/07/2020T09:30:00 ,151746,553,926,137,164,51,2,2977,4,1833
6394,04/07/2020T09:40:00 ,151731,564,930,136,164,51,2,2978,4,1847
6395,04/07/2020T09:50:00 ,151718,576,928,136,164,51,2,2981,4,1857
6396,04/07/2020T10:00:00 ,151706,588,926,135,165,51,2,2983,4,1867
6397,04/07/2020T10:10:00 ,151693,601,926,135,164,51,2,2984,4,1879
6398,04/07/2020T10:20:00 ,151686,605,928,135,165,51,2,2984,4,1886
6399,04/07/2020T10:30:00 ,151678,611,925,137,165,51,2,2987,4,1891
6400,04/07/2020T10:40:00 ,151671,617,924,137,165,51,2,2989,4,1896
6401,04/07/2020T10:50:00 ,151658,628,923,136,166,51,2,2992,4,1906
6402,04/07/2020T11:00:00 ,151644,641,924,136,165,51,2,2993,4,1919
6403,04/07/2020T11:10:00 ,151636,645,927,137,165,51,2,2993,4,1927
6404,04/07/2020T11:20:00 ,151624,655,928,137,165,51,2,2994,4,1938
6405,04/07/2020T11:30:00 ,151616,663,927,136,166,51,2,2995,4,1945
6406,04/07/2020T11:40:00 ,151605,669,931,136,166,51,2,2996,4,1955
6407,04/07/2020T11:50:00 ,151598,674,933,136,166,51,2,2996,4,1962
6408,04/07/2020T12:00:00 ,151582,689,934,134,168,51,2,2996,4,1978
6409,04/07/2020T12:10:00 ,151567,704,934,132,169,51,2,2997,4,1992
6410,04/07/2020T12:20:00 ,151559,711,933,131,170,51,2,2999,4,1998
6411,04/07/2020T12:30:00 ,151555,714,934,131,170,51,2,2999,4,2002
6412,04/07/2020T12:40:00 ,151543,725,935,130,171,51,2,2999,4,2014
6413,04/07/2020T12:50:00 ,151533,733,937,129,172,51,2,2999,4,2024
6414,04/07/2020T13:00:00 ,151528,737,935,129,172,51,2,3002,4,2026
6415,04/07/2020T13:10:00 ,151521,744,935,127,174,51,2,3002,4,2033
6416,04/07/2020T13:20:00 ,151516,747,937,126,174,51,2,3003,4,2037
6417,04/07/2020T13:30:00 ,151507,753,937,128,174,51,2,3004,4,2045
6418,04/07/2020T13:40:00 ,151503,754,939,128,174,51,2,3005,4,2048
6419,04/07/2020T13:50:00 ,151496,760,939,126,176,51,2,3006,4,2054
6420,04/07/2020T14:00:00 ,151489,766,940,126,176,51,2,3006,4,2061
6421,04/07/2020T14:10:00 ,151479,775,938,127,176,51,2,3008,4,2069
6422,04/07/2020T14:20:00 ,151469,783,939,127,175,51,2,3010,4,2077
6423,04/07/2020T14:30:00 ,151464,785,938,129,175,51,2,3012,4,2080
6424,04/07/2020T14:40:00 ,151452,797,937,129,175,51,2,3013,4,2091
6425,04/07/2020T14:50:00 ,151442,805,938,128,175,51,2,3015,4,2099
6426,04/07/2020T15:00:00 ,151439,806,935,129,175,51,2,3019,4,2098
6427,04/07/2020T15:10:00 ,151433,810,935,129,173,52,2,3022,4,2101
6428,04/07/2020T15:20:00 ,151424,816,937,130,173,52,2,3022,4,2110
6429,04/07/2020T15:30:00 ,151417,819,939,129,175,52,2,3023,4,2116
6430,04/07/2020T15:40:00 ,151408,825,942,129,175,52,2,3023,4,2125
6431,04/07/2020T15:50:00 ,151401,829,944,130,175,52,2,3023,4,2132
6432,04/07/2020T16:00:00 ,151391,838,945,129,175,52,2,3024,4,2141
6433,04/07/2020T16:10:00 ,151387,842,944,128,176,52,2,3025,4,2144
6434,04/07/2020T16:20:00 ,151379,849,944,129,176,52,2,3025,4,2152
6435,04/07/2020T16:30:00 ,151372,855,943,129,177,52,2,3026,4,2158
6436,04/07/2020T16:40:00 ,151368,856,945,129,177,53,1,3027,4,2161
6437,04/07/2020T16:50:00 ,151361,862,944,130,177,53,1,3028,4,2167
6438,04/07/2020T17:00:00 ,151355,868,944,130,177,53,1,3028,4,2173
6439,04/07/2020T17:10:00 ,151352,869,943,130,178,53,1,3030,4,2174
6440,04/07/2020T17:20:00 ,151352,867,944,130,178,53,1,3031,4,2173
6441,04/07/2020T17:30:00 ,151352,866,943,131,178,53,1,3032,4,2172
6442,04/07/2020T17:40:00 ,151349,867,944,130,178,53,1,3034,4,2173
6443,04/07/2020T17:50:00 ,151347,866,943,130,179,53,1,3037,4,2172
6444,04/07/2020T18:00:00 ,151347,865,944,129,180,53,1,3037,4,2172
6445,04/07/2020T18:10:00 ,151346,866,941,129,180,53,1,3040,4,2170
6446,04/07/2020T18:20:00 ,151345,866,942,126,183,53,1,3040,4,2171
6447,04/07/2020T18:30:00 ,151345,866,942,125,184,53,1,3040,4,2171
6448,04/07/2020T18:40:00 ,151344,867,941,123,185,53,1,3042,4,2170
6449,04/07/2020T18:50:00 ,151344,866,940,124,185,53,1,3043,4,2169
6450,04/07/2020T19:00:00 ,151343,866,941,124,185,53,1,3043,4,2170
6451,04/07/2020T19:10:00 ,151342,864,943,124,185,53,1,3044,4,2170
6452,04/07/2020T19:20:00 ,151342,863,941,123,186,53,1,3047,4,2167
6453,04/07/2020T19:30:00 ,151342,863,940,122,186,53,1,3049,4,2165
6454,04/07/2020T19:40:00 ,151341,864,939,122,185,53,1,3051,4,2164
6455,04/07/2020T19:50:00 ,151339,864,941,122,185,53,1,3051,4,2166
6456,04/07/2020T20:00:00 ,151339,863,940,122,185,53,1,3053,4,2164
6457,04/07/2020T20:10:00 ,151338,861,942,122,185,53,1,3054,4,2164
6458,04/07/2020T20:20:00 ,151336,859,945,121,186,53,1,3055,4,2165
6459,04/07/2020T20:30:00 ,151336,856,946,120,187,53,1,3057,4,2163
6460,04/07/2020T20:40:00 ,151336,853,946,121,188,53,1,3058,4,2162
6461,04/07/2020T20:50:00 ,151336,850,949,121,188,53,1,3058,4,2162
6462,04/07/2020T21:00:00 ,151336,850,947,121,188,53,1,3060,4,2160
6463,04/07/2020T21:10:00 ,151334,852,946,121,187,53,1,3062,4,2160
6464,04/07/2020T21:20:00 ,151333,851,943,122,186,53,1,3067,4,2156
6465,04/07/2020T21:30:00 ,151332,851,942,122,186,53,1,3069,4,2155
6466,04/07/2020T21:40:00 ,151331,852,941,121,187,53,1,3070,4,2155
6467,04/07/2020T21:50:00 ,151330,849,944,122,186,53,1,3071,4,2155
6468,04/07/2020T22:00:00 ,151330,847,944,123,186,53,1,3072,4,2154
6469,04/07/2020T22:10:00 ,151329,846,944,122,186,53,1,3075,4,2152
6470,04/07/2020T22:20:00 ,151327,847,944,123,186,53,1,3075,4,2154
6471,04/07/2020T22:30:00 ,151326,846,944,123,186,53,1,3077,4,2153
6472,04/07/2020T22:40:00 ,151326,846,942,123,186,53,1,3079,4,2151
6473,04/07/2020T22:50:00 ,151325,844,944,124,186,53,1,3079,4,2152
6474,04/07/2020T23:00:00 ,151325,843,944,123,187,53,1,3080,4,2151
6475,04/07/2020T23:10:00 ,151325,841,945,122,187,53,1,3082,4,2149
6476,04/07/2020T23:20:00 ,151325,837,947,121,188,53,1,3084,4,2147
6477,04/07/2020T23:30:00 ,151324,836,948,122,188,53,1,3084,4,2148
6478,04/07/2020T23:40:00 ,151324,836,948,122,188,53,1,3084,4,2148
6479,04/07/2020T23:50:00 ,151324,833,949,123,188,53,1,3085,4,2147
6480,04/08/2020T00:00:00 ,151323,832,950,123,187,53,1,3087,4,2146
6481,04/08/2020T00:10:00 ,151323,832,949,122,188,53,1,3088,4,2145
6482,04/08/2020T00:20:00 ,151322,832,947,123,188,53,1,3090,4,2144
6483,04/08/2020T00:30:00 ,151321,831,948,123,188,53,1,3091,4,2144
6484,04/08/2020T00:40:00 ,151321,829,950,123,188,53,1,3091,4,2144
6485,04/08/2020T00:50:00 ,151321,828,950,123,188,53,1,3092,4,2143
6486,04/08/2020T01:00:00 ,151321,825,952,123,189,53,1,3092,4,2143
6487,04/08/2020T01:10:00 ,151321,824,949,123,189,53,1,3096,4,2139
6488,04/08/2020T01:20:00 ,151321,822,951,123,189,53,1,3096,4,2139
6489,04/08/2020T01:30:00 ,151320,823,950,123,189,53,1,3097,4,2139
6490,04/08/2020T01:40:00 ,151320,822,950,123,189,53,1,3098,4,2138
6491,04/08/2020T01:50:00 ,151320,820,948,124,188,53,1,3102,4,2134
6492,04/08/2020T02:00:00 ,151320,818,947,124,188,52,1,3106,4,2130
6493,04/08/2020T02:10:00 ,151320,817,946,123,189,52,1,3108,4,2128
6494,04/08/2020T02:20:00 ,151320,816,946,123,190,52,1,3108,4,2128
6495,04/08/2020T02:30:00 ,151319,816,944,122,191,52,1,3111,4,2126
6496,04/08/2020T02:40:00 ,151319,813,945,123,190,52,1,3113,4,2124
6497,04/08/2020T02:50:00 ,151319,810,946,123,190,52,1,3115,4,2122
6498,04/08/2020T03:00:00 ,151319,810,945,122,191,52,1,3116,4,2121
6499,04/08/2020T03:10:00 ,151318,808,945,123,191,52,1,3118,4,2120
6500,04/08/2020T03:20:00 ,151318,807,941,122,193,52,1,3122,4,2116
6501,04/08/2020T03:30:00 ,151317,806,942,123,193,52,1,3122,4,2117
6502,04/08/2020T03:40:00 ,151317,805,942,123,193,52,1,3123,4,2116
6503,04/08/2020T03:50:00 ,151314,806,941,123,194,52,1,3125,4,2117
6504,04/08/2020T04:00:00 ,151314,805,942,121,196,52,1,3125,4,2117
6505,04/08/2020T04:10:00 ,151314,802,943,122,196,52,1,3126,4,2116
6506,04/08/2020T04:20:00 ,151314,799,946,121,197,52,1,3126,4,2116
6507,04/08/2020T04:30:00 ,151314,799,946,119,199,52,1,3126,4,2116
6508,04/08/2020T04:40:00 ,151314,799,946,119,198,52,1,3127,4,2115
6509,04/08/2020T04:50:00 ,151314,798,946,119,198,52,1,3128,4,2114
6510,04/08/2020T05:00:00 ,151313,794,950,119,197,52,1,3130,4,2113
6511,04/08/2020T05:10:00 ,151312,795,950,118,198,52,1,3130,4,2114
6512,04/08/2020T05:20:00 ,151312,793,952,117,199,52,1,3130,4,2114
6513,04/08/2020T05:30:00 ,151312,790,953,117,199,52,1,3132,4,2112
6514,04/08/2020T05:40:00 ,151312,789,954,117,198,53,1,3132,4,2112
6515,04/08/2020T05:50:00 ,151312,788,954,118,198,53,1,3132,4,2112
6516,04/08/2020T06:00:00 ,151312,787,954,118,198,53,1,3133,4,2111
6517,04/08/2020T06:10:00 ,151311,787,954,117,199,53,1,3134,4,2111
6518,04/08/2020T06:20:00 ,151311,787,953,115,200,53,1,3136,4,2109
6519,04/08/2020T06:30:00 ,151311,785,952,115,200,53,1,3139,4,2106
6520,04/08/2020T06:40:00 ,151311,784,951,115,200,53,1,3141,4,2104
6521,04/08/2020T06:50:00 ,151311,782,952,115,200,53,1,3142,4,2103
6522,04/08/2020T07:00:00 ,151309,783,951,116,200,53,1,3143,4,2104
6523,04/08/2020T07:10:00 ,151309,782,951,116,200,53,1,3144,4,2103
6524,04/08/2020T07:20:00 ,151307,781,952,116,200,53,1,3146,4,2103
6525,04/08/2020T07:30:00 ,151306,780,951,116,201,53,1,3148,4,2102
6526,04/08/2020T07:40:00 ,151305,781,951,116,201,53,1,3148,4,2103
6527,04/08/2020T07:50:00 ,151304,782,951,114,202,53,1,3149,4,2103
6528,04/08/2020T08:00:00 ,151304,781,949,113,204,53,1,3151,4,2101
6529,04/08/2020T08:10:00 ,151301,782,949,114,204,53,1,3152,4,2103
6530,04/08/2020T08:20:00 ,151295,787,948,114,205,53,1,3153,4,2108
6531,04/08/2020T08:30:00 ,151288,793,949,114,204,53,1,3154,4,2114
6532,04/08/2020T08:40:00 ,151284,797,947,114,204,53,1,3156,4,2116
6533,04/08/2020T08:50:00 ,151280,799,949,114,203,53,1,3157,4,2119
6534,04/08/2020T09:00:00 ,151275,801,950,113,204,53,1,3159,4,2122
6535,04/08/2020T09:10:00 ,151262,810,950,114,204,53,1,3162,4,2132
6536,04/08/2020T09:20:00 ,151246,825,948,114,203,53,1,3166,4,2144
6537,04/08/2020T09:30:00 ,151240,829,950,113,204,53,1,3166,4,2150
6538,04/08/2020T09:40:00 ,151232,836,950,112,204,53,1,3168,4,2156
6539,04/08/2020T09:50:00 ,151226,840,951,111,204,53,1,3170,4,2160
6540,04/08/2020T10:00:00 ,151218,844,952,112,204,53,1,3172,4,2166
6541,04/08/2020T10:10:00 ,151212,849,952,112,204,53,1,3173,4,2171
6542,04/08/2020T10:20:00 ,151203,856,952,113,203,53,1,3175,4,2178
6543,04/08/2020T10:30:00 ,151197,861,950,114,203,53,1,3177,4,2182
6544,04/08/2020T10:40:00 ,151189,867,948,115,200,53,1,3183,4,2184
6545,04/08/2020T10:50:00 ,151181,875,946,113,202,53,1,3185,4,2190
6546,04/08/2020T11:00:00 ,151176,878,946,114,202,53,1,3186,4,2194
6547,04/08/2020T11:10:00 ,151170,881,947,114,200,54,1,3189,4,2197
6548,04/08/2020T11:20:00 ,151161,890,946,113,201,54,1,3190,4,2205
6549,04/08/2020T11:30:00 ,151154,894,949,113,201,54,1,3190,4,2212
6550,04/08/2020T11:40:00 ,151146,901,949,113,201,54,1,3191,4,2219
6551,04/08/2020T11:50:00 ,151140,906,949,111,202,55,1,3192,4,2224
6552,04/08/2020T12:00:00 ,151136,909,949,111,202,55,1,3193,4,2227
6553,04/08/2020T12:10:00 ,151131,912,950,112,202,55,1,3193,4,2232
6554,04/08/2020T12:20:00 ,151120,923,947,112,202,55,1,3196,4,2240
6555,04/08/2020T12:30:00 ,151116,927,945,111,203,55,1,3198,4,2242
6556,04/08/2020T12:40:00 ,151112,931,944,111,203,55,1,3199,4,2245
6557,04/08/2020T12:50:00 ,151108,934,943,112,202,54,1,3202,4,2246
6558,04/08/2020T13:00:00 ,151104,937,944,112,202,54,1,3202,4,2250
6559,04/08/2020T13:10:00 ,151100,940,944,112,201,54,1,3204,4,2252
6560,04/08/2020T13:20:00 ,151097,943,944,112,201,54,1,3204,4,2255
6561,04/08/2020T13:30:00 ,151089,950,943,110,203,54,1,3206,4,2261
6562,04/08/2020T13:40:00 ,151085,952,942,111,202,54,1,3209,4,2262
6563,04/08/2020T13:50:00 ,151082,953,942,110,204,54,1,3210,4,2264
6564,04/08/2020T14:00:00 ,151077,958,937,110,204,54,1,3215,4,2264
6565,04/08/2020T14:10:00 ,151066,967,938,110,204,54,1,3216,4,2274
6566,04/08/2020T14:20:00 ,151059,972,939,110,205,54,1,3216,4,2281
6567,04/08/2020T14:30:00 ,151053,978,937,110,205,54,1,3218,4,2285
6568,04/08/2020T14:40:00 ,151043,987,936,111,205,54,1,3219,4,2294
6569,04/08/2020T14:50:00 ,151034,994,934,111,204,54,1,3224,4,2298
6570,04/08/2020T15:00:00 ,151030,998,930,111,202,55,1,3229,4,2297
6571,04/08/2020T15:10:00 ,151023,1005,929,111,200,55,1,3232,4,2301
6572,04/08/2020T15:20:00 ,151020,1006,927,112,200,55,1,3235,4,2301
6573,04/08/2020T15:30:00 ,151007,1017,928,113,200,55,1,3235,4,2314
6574,04/08/2020T15:40:00 ,150998,1026,926,111,201,55,1,3238,4,2320
6575,04/08/2020T15:50:00 ,150993,1028,929,111,201,55,1,3238,4,2325
6576,04/08/2020T16:00:00 ,150989,1032,929,110,202,55,1,3238,4,2329
6577,04/08/2020T16:10:00 ,150985,1034,930,109,203,55,1,3239,4,2332
6578,04/08/2020T16:20:00 ,150978,1041,929,109,202,55,1,3241,4,2337
6579,04/08/2020T16:30:00 ,150970,1048,930,106,205,55,1,3241,4,2345
6580,04/08/2020T16:40:00 ,150966,1050,932,106,204,55,1,3242,4,2348
6581,04/08/2020T16:50:00 ,150959,1055,932,106,203,55,1,3245,4,2352
6582,04/08/2020T17:00:00 ,150957,1054,930,107,203,55,1,3249,4,2350
6583,04/08/2020T17:10:00 ,150954,1056,930,107,202,54,1,3252,4,2350
6584,04/08/2020T17:20:00 ,150953,1057,929,107,202,54,1,3253,4,2350
6585,04/08/2020T17:30:00 ,150953,1057,929,107,202,54,1,3253,4,2350
6586,04/08/2020T17:40:00 ,150951,1058,930,107,202,54,1,3253,4,2352
6587,04/08/2020T17:50:00 ,150950,1059,929,106,201,54,1,3256,4,2350
6588,04/08/2020T18:00:00 ,150950,1055,930,107,201,54,1,3258,4,2348
6589,04/08/2020T18:10:00 ,150949,1055,930,107,201,54,1,3259,4,2348
6590,04/08/2020T18:20:00 ,150949,1054,931,106,202,54,1,3259,4,2348
6591,04/08/2020T18:30:00 ,150948,1054,932,105,202,54,1,3260,4,2348
6592,04/08/2020T18:40:00 ,150948,1053,932,105,201,54,1,3262,4,2346
6593,04/08/2020T18:50:00 ,150947,1054,929,105,201,54,1,3265,4,2344
6594,04/08/2020T19:00:00 ,150947,1053,929,105,200,55,1,3266,4,2343
6595,04/08/2020T19:10:00 ,150947,1053,929,105,200,55,1,3266,4,2343
6596,04/08/2020T19:20:00 ,150946,1054,928,105,199,55,1,3268,4,2342
6597,04/08/2020T19:30:00 ,150946,1053,929,104,200,55,1,3268,4,2342
6598,04/08/2020T19:40:00 ,150946,1051,930,105,200,55,1,3268,4,2342
6599,04/08/2020T19:50:00 ,150946,1048,932,105,201,55,1,3268,4,2342
6600,04/08/2020T20:00:00 ,150945,1049,930,105,200,55,1,3271,4,2340
6601,04/08/2020T20:10:00 ,150944,1049,929,105,199,55,1,3274,4,2338
6602,04/08/2020T20:20:00 ,150944,1048,930,104,200,55,1,3274,4,2338
6603,04/08/2020T20:30:00 ,150944,1044,931,105,199,55,1,3277,4,2335
6604,04/08/2020T20:40:00 ,150942,1044,930,106,199,55,1,3279,4,2335
6605,04/08/2020T20:50:00 ,150939,1046,929,106,199,55,1,3281,4,2336
6606,04/08/2020T21:00:00 ,150938,1043,931,107,198,55,1,3283,4,2335
6607,04/08/2020T21:10:00 ,150935,1042,931,107,200,55,1,3285,4,2336
6608,04/08/2020T21:20:00 ,150935,1041,931,107,200,55,1,3286,4,2335
6609,04/08/2020T21:30:00 ,150934,1040,929,107,200,55,1,3290,4,2332
6610,04/08/2020T21:40:00 ,150932,1041,930,107,200,55,1,3290,4,2334
6611,04/08/2020T21:50:00 ,150931,1037,935,107,200,55,1,3290,4,2335
6612,04/08/2020T22:00:00 ,150930,1035,935,107,199,55,1,3294,4,2332
6613,04/08/2020T22:10:00 ,150930,1034,933,106,200,55,1,3297,4,2329
6614,04/08/2020T22:20:00 ,150929,1032,934,107,200,55,1,3298,4,2329
6615,04/08/2020T22:30:00 ,150929,1029,934,108,200,55,1,3300,4,2327
6616,04/08/2020T22:40:00 ,150928,1030,931,108,200,55,1,3303,4,2325
6617,04/08/2020T22:50:00 ,150928,1028,933,108,200,55,1,3303,4,2325
6618,04/08/2020T23:00:00 ,150928,1026,933,108,201,55,1,3304,4,2324
6619,04/08/2020T23:10:00 ,150928,1026,932,108,200,55,1,3306,4,2322
6620,04/08/2020T23:20:00 ,150927,1027,931,108,199,55,1,3308,4,2321
6621,04/08/2020T23:30:00 ,150926,1027,931,107,200,55,1,3309,4,2321
6622,04/08/2020T23:40:00 ,150926,1025,931,107,199,55,1,3312,4,2318
6623,04/08/2020T23:50:00 ,150926,1023,930,109,198,55,1,3314,4,2316
6624,04/09/2020T00:00:00 ,150926,1019,933,108,199,55,1,3315,4,2315
6625,04/09/2020T00:10:00 ,150926,1014,936,110,199,55,1,3315,4,2315
6626,04/09/2020T00:20:00 ,150926,1008,940,110,200,55,1,3316,4,2314
6627,04/09/2020T00:30:00 ,150926,1006,942,110,200,55,1,3316,4,2314
6628,04/09/2020T00:40:00 ,150926,1005,942,110,200,55,1,3317,4,2313
6629,04/09/2020T00:50:00 ,150925,1006,941,110,200,55,1,3318,4,2313
6630,04/09/2020T01:00:00 ,150925,1002,942,111,200,55,1,3320,4,2311
6631,04/09/2020T01:10:00 ,150925,1002,941,111,200,55,1,3321,4,2310
6632,04/09/2020T01:20:00 ,150924,1001,942,111,198,55,1,3324,4,2308
6633,04/09/2020T01:30:00 ,150923,999,944,110,199,55,1,3325,4,2308
6634,04/09/2020T01:40:00 ,150923,998,945,110,199,55,1,3325,4,2308
6635,04/09/2020T01:50:00 ,150923,997,942,110,199,55,1,3329,4,2304
6636,04/09/2020T02:00:00 ,150923,996,942,109,200,55,1,3330,4,2303
6637,04/09/2020T02:10:00 ,150923,993,945,109,200,55,1,3330,4,2303
6638,04/09/2020T02:20:00 ,150923,991,946,109,200,55,1,3331,4,2302
6639,04/09/2020T02:30:00 ,150923,990,945,109,198,56,1,3334,4,2299
6640,04/09/2020T02:40:00 ,150920,989,947,110,198,56,1,3335,4,2301
6641,04/09/2020T02:50:00 ,150919,988,947,110,198,56,1,3337,4,2300
6642,04/09/2020T03:00:00 ,150919,987,948,110,198,56,1,3337,4,2300
6643,04/09/2020T03:10:00 ,150919,985,948,109,196,57,1,3341,4,2296
6644,04/09/2020T03:20:00 ,150919,984,949,109,196,57,1,3341,4,2296
6645,04/09/2020T03:30:00 ,150919,983,949,109,196,57,1,3342,4,2295
6646,04/09/2020T03:40:00 ,150919,983,947,109,196,57,1,3344,4,2293
6647,04/09/2020T03:50:00 ,150918,982,949,108,197,57,1,3344,4,2294
6648,04/09/2020T04:00:00 ,150918,979,951,108,198,57,1,3344,4,2294
6649,04/09/2020T04:10:00 ,150918,978,950,108,197,57,1,3347,4,2291
6650,04/09/2020T04:20:00 ,150918,977,949,108,197,57,1,3349,4,2289
6651,04/09/2020T04:30:00 ,150918,975,949,108,197,57,1,3351,4,2287
6652,04/09/2020T04:40:00 ,150918,973,950,108,197,57,1,3352,4,2286
6653,04/09/2020T04:50:00 ,150918,973,948,108,197,57,1,3354,4,2284
6654,04/09/2020T05:00:00 ,150918,969,951,108,196,57,1,3356,4,2282
6655,04/09/2020T05:10:00 ,150918,967,952,108,196,57,1,3357,4,2281
6656,04/09/2020T05:20:00 ,150916,968,952,108,195,57,1,3359,4,2281
6657,04/09/2020T05:30:00 ,150915,968,952,108,195,57,1,3360,4,2281
6658,04/09/2020T05:40:00 ,150915,966,954,108,195,57,1,3360,4,2281
6659,04/09/2020T05:50:00 ,150915,960,959,107,196,57,1,3361,4,2280
6660,04/09/2020T06:00:00 ,150914,960,958,107,196,57,1,3363,4,2279
6661,04/09/2020T06:10:00 ,150914,958,957,108,196,57,1,3365,4,2277
6662,04/09/2020T06:20:00 ,150914,957,956,108,196,56,1,3368,4,2274
6663,04/09/2020T06:30:00 ,150914,953,959,108,197,56,1,3368,4,2274
6664,04/09/2020T06:40:00 ,150913,951,961,109,197,56,1,3368,4,2275
6665,04/09/2020T06:50:00 ,150913,949,960,108,199,56,1,3370,4,2273
6666,04/09/2020T07:00:00 ,150913,948,958,109,199,56,1,3372,4,2271
6667,04/09/2020T07:10:00 ,150912,946,960,110,199,56,1,3372,4,2272
6668,04/09/2020T07:20:00 ,150912,942,962,109,199,56,1,3375,4,2269
6669,04/09/2020T07:30:00 ,150911,942,963,108,198,56,1,3377,4,2268
6670,04/09/2020T07:40:00 ,150910,940,966,108,198,55,2,3377,4,2269
6671,04/09/2020T07:50:00 ,150907,939,966,110,197,55,2,3380,4,2269
6672,04/09/2020T08:00:00 ,150902,943,967,110,197,55,2,3380,4,2274
6673,04/09/2020T08:10:00 ,150896,948,966,110,197,55,2,3382,4,2278
6674,04/09/2020T08:20:00 ,150892,951,964,111,197,55,2,3384,4,2280
6675,04/09/2020T08:30:00 ,150885,957,963,110,198,55,2,3386,4,2285
6676,04/09/2020T08:40:00 ,150881,960,962,110,198,55,2,3388,4,2287
6677,04/09/2020T08:50:00 ,150873,967,963,110,197,55,2,3389,4,2294
6678,04/09/2020T09:00:00 ,150867,966,967,111,198,55,2,3390,4,2299
6679,04/09/2020T09:10:00 ,150858,972,967,111,198,55,2,3393,4,2305
6680,04/09/2020T09:20:00 ,150851,973,971,112,198,55,2,3394,4,2311
6681,04/09/2020T09:30:00 ,150847,975,972,112,198,55,2,3395,4,2314
6682,04/09/2020T09:40:00 ,150842,979,971,112,198,55,2,3397,4,2317
6683,04/09/2020T09:50:00 ,150837,982,973,112,198,55,2,3397,4,2322
6684,04/09/2020T10:00:00 ,150828,991,972,111,199,55,2,3398,4,2330
6685,04/09/2020T10:10:00 ,150821,997,972,112,198,55,2,3399,4,2336
6686,04/09/2020T10:20:00 ,150817,998,973,112,198,55,2,3401,4,2338
6687,04/09/2020T10:30:00 ,150810,1004,974,111,199,55,2,3401,4,2345
6688,04/09/2020T10:40:00 ,150800,1014,973,111,198,55,2,3403,4,2353
6689,04/09/2020T10:50:00 ,150790,1022,973,110,198,55,2,3406,4,2360
6690,04/09/2020T11:00:00 ,150780,1030,972,110,199,55,2,3408,4,2368
6691,04/09/2020T11:10:00 ,150772,1037,972,110,199,55,2,3409,4,2375
6692,04/09/2020T11:20:00 ,150763,1046,971,109,199,55,2,3411,4,2382
6693,04/09/2020T11:30:00 ,150758,1050,971,108,200,55,2,3412,4,2386
6694,04/09/2020T11:40:00 ,150752,1056,968,106,202,55,2,3415,4,2389
6695,04/09/2020T11:50:00 ,150744,1062,970,106,202,55,2,3415,4,2397
6696,04/09/2020T12:00:00 ,150739,1065,972,106,201,55,2,3416,4,2401
6697,04/09/2020T12:10:00 ,150734,1068,971,108,200,55,2,3418,4,2404
6698,04/09/2020T12:20:00 ,150726,1074,972,108,199,56,2,3419,4,2411
6699,04/09/2020T12:30:00 ,150721,1077,973,108,199,56,2,3420,4,2415
6700,04/09/2020T12:40:00 ,150715,1081,975,108,199,56,2,3420,4,2421
6701,04/09/2020T12:50:00 ,150708,1086,974,109,199,56,2,3422,4,2426
6702,04/09/2020T13:00:00 ,150702,1090,973,109,199,56,2,3425,4,2429
6703,04/09/2020T13:10:00 ,150699,1089,976,109,199,56,2,3426,4,2431
6704,04/09/2020T13:20:00 ,150695,1090,978,110,199,56,2,3426,4,2435
6705,04/09/2020T13:30:00 ,150688,1096,978,110,199,56,2,3427,4,2441
6706,04/09/2020T13:40:00 ,150685,1095,981,111,199,56,2,3427,4,2444
6707,04/09/2020T13:50:00 ,150678,1101,981,111,199,56,2,3428,4,2450
6708,04/09/2020T14:00:00 ,150674,1105,981,111,199,56,2,3428,4,2454
6709,04/09/2020T14:10:00 ,150670,1107,978,112,198,56,2,3433,4,2453
6710,04/09/2020T14:20:00 ,150665,1111,977,113,197,56,2,3435,4,2456
6711,04/09/2020T14:30:00 ,150659,1116,976,114,197,56,2,3436,4,2461
6712,04/09/2020T14:40:00 ,150656,1118,974,114,197,56,2,3439,4,2461
6713,04/09/2020T14:50:00 ,150649,1124,973,115,197,56,2,3440,4,2467
6714,04/09/2020T15:00:00 ,150646,1125,974,114,198,56,2,3441,4,2469
6715,04/09/2020T15:10:00 ,150638,1130,976,113,199,56,2,3442,4,2476
6716,04/09/2020T15:20:00 ,150631,1135,976,114,198,56,2,3444,4,2481
6717,04/09/2020T15:30:00 ,150618,1146,978,114,198,55,2,3445,4,2493
6718,04/09/2020T15:40:00 ,150614,1148,979,114,197,55,2,3447,4,2495
6719,04/09/2020T15:50:00 ,150605,1155,980,115,197,55,2,3447,4,2504
6720,04/09/2020T16:00:00 ,150603,1154,982,113,198,55,2,3449,4,2504
6721,04/09/2020T16:10:00 ,150592,1163,984,112,198,55,2,3450,4,2514
6722,04/09/2020T16:20:00 ,150590,1164,982,111,200,55,2,3452,4,2514
6723,04/09/2020T16:30:00 ,150588,1164,982,112,200,55,2,3453,4,2515
6724,04/09/2020T16:40:00 ,150587,1163,983,112,200,55,2,3454,4,2515
6725,04/09/2020T16:50:00 ,150581,1168,984,112,200,55,2,3454,4,2521
6726,04/09/2020T17:00:00 ,150579,1168,985,113,200,55,2,3454,4,2523
6727,04/09/2020T17:10:00 ,150573,1173,984,114,200,55,2,3455,4,2528
6728,04/09/2020T17:20:00 ,150571,1172,987,113,200,55,2,3456,4,2529
6729,04/09/2020T17:30:00 ,150569,1174,987,111,202,55,2,3456,4,2531
6730,04/09/2020T17:40:00 ,150568,1173,988,111,202,55,2,3457,4,2531
6731,04/09/2020T17:50:00 ,150567,1172,990,111,202,55,2,3457,4,2532
6732,04/09/2020T18:00:00 ,150567,1170,992,111,201,55,2,3458,4,2531
6733,04/09/2020T18:10:00 ,150566,1170,992,112,201,55,2,3458,4,2532
6734,04/09/2020T18:20:00 ,150566,1167,992,112,201,55,2,3461,4,2529
6735,04/09/2020T18:30:00 ,150565,1166,990,113,200,55,2,3465,4,2526
6736,04/09/2020T18:40:00 ,150564,1165,992,111,201,55,2,3466,4,2526
6737,04/09/2020T18:50:00 ,150564,1163,992,110,202,55,2,3468,4,2524
6738,04/09/2020T19:00:00 ,150564,1160,993,110,202,55,2,3470,4,2522
6739,04/09/2020T19:10:00 ,150564,1159,994,110,202,55,2,3470,4,2522
6740,04/09/2020T19:20:00 ,150564,1157,995,109,203,55,2,3471,4,2521
6741,04/09/2020T19:30:00 ,150564,1153,995,110,203,55,2,3474,4,2518
6742,04/09/2020T19:40:00 ,150563,1154,995,110,202,55,2,3475,4,2518
6743,04/09/2020T19:50:00 ,150563,1153,994,109,203,55,2,3477,4,2516
6744,04/09/2020T20:00:00 ,150563,1152,992,109,203,55,2,3480,4,2513
6745,04/09/2020T20:10:00 ,150562,1152,992,109,203,55,2,3481,4,2513
6746,04/09/2020T20:20:00 ,150559,1151,993,110,202,55,2,3484,4,2513
6747,04/09/2020T20:30:00 ,150557,1152,993,110,202,55,2,3485,4,2514
6748,04/09/2020T20:40:00 ,150556,1149,994,110,201,55,2,3489,4,2511
6749,04/09/2020T20:50:00 ,150554,1150,991,110,200,55,2,3494,4,2508
6750,04/09/2020T21:00:00 ,150553,1148,991,110,200,55,2,3497,4,2506
6751,04/09/2020T21:10:00 ,150551,1145,995,110,199,55,2,3499,4,2506
6752,04/09/2020T21:20:00 ,150551,1143,994,111,198,55,2,3502,4,2503
6753,04/09/2020T21:30:00 ,150550,1141,996,110,199,55,2,3503,4,2503
6754,04/09/2020T21:40:00 ,150549,1136,1000,110,199,55,2,3505,4,2502
6755,04/09/2020T21:50:00 ,150548,1133,1003,108,201,55,2,3506,4,2502
6756,04/09/2020T22:00:00 ,150548,1130,1004,109,200,55,2,3508,4,2500
6757,04/09/2020T22:10:00 ,150546,1127,1005,109,200,55,2,3512,4,2498
6758,04/09/2020T22:20:00 ,150544,1126,1008,109,200,55,2,3512,4,2500
6759,04/09/2020T22:30:00 ,150544,1126,1008,109,200,55,2,3512,4,2500
6760,04/09/2020T22:40:00 ,150544,1123,1006,110,199,55,2,3517,4,2495
6761,04/09/2020T22:50:00 ,150544,1121,1003,111,199,55,2,3521,4,2491
6762,04/09/2020T23:00:00 ,150544,1120,1003,109,200,55,2,3523,4,2489
6763,04/09/2020T23:10:00 ,150542,1119,1002,110,200,55,2,3526,4,2488
6764,04/09/2020T23:20:00 ,150541,1118,1003,110,199,55,2,3528,4,2487
6765,04/09/2020T23:30:00 ,150541,1118,999,109,200,55,2,3532,4,2483
6766,04/09/2020T23:40:00 ,150541,1113,1002,109,201,55,2,3533,4,2482
6767,04/09/2020T23:50:00 ,150539,1113,1002,107,203,55,2,3535,4,2482
6768,04/10/2020T00:00:00 ,150539,1109,1004,106,203,54,2,3539,4,2478
6769,04/10/2020T00:10:00 ,150538,1108,1005,105,203,55,2,3540,4,2478
6770,04/10/2020T00:20:00 ,150538,1106,1005,107,203,55,2,3540,4,2478
6771,04/10/2020T00:30:00 ,150536,1106,1005,107,202,55,2,3543,4,2477
6772,04/10/2020T00:40:00 ,150534,1105,1005,108,202,55,2,3545,4,2477
6773,04/10/2020T00:50:00 ,150534,1102,1006,109,200,55,2,3548,4,2474
6774,04/10/2020T01:00:00 ,150534,1101,1005,110,199,55,2,3550,4,2472
6775,04/10/2020T01:10:00 ,150534,1097,1008,110,199,55,2,3551,4,2471
6776,04/10/2020T01:20:00 ,150534,1095,1008,111,198,55,2,3553,4,2469
6777,04/10/2020T01:30:00 ,150534,1092,1010,111,198,54,3,3554,4,2468
6778,04/10/2020T01:40:00 ,150534,1091,1009,111,198,54,3,3556,4,2466
6779,04/10/2020T01:50:00 ,150534,1089,1010,111,198,54,3,3557,4,2465
6780,04/10/2020T02:00:00 ,150534,1089,1010,111,198,54,3,3557,4,2465
6781,04/10/2020T02:10:00 ,150533,1088,1010,112,198,54,3,3558,4,2465
6782,04/10/2020T02:20:00 ,150532,1087,1007,113,199,54,3,3561,4,2463
6783,04/10/2020T02:30:00 ,150532,1085,1007,113,198,55,3,3563,4,2461
6784,04/10/2020T02:40:00 ,150531,1086,1005,112,199,54,3,3566,4,2459
6785,04/10/2020T02:50:00 ,150529,1085,1005,112,198,54,3,3570,4,2457
6786,04/10/2020T03:00:00 ,150529,1080,1010,112,198,54,3,3570,4,2457
6787,04/10/2020T03:10:00 ,150527,1081,1009,113,198,54,3,3571,4,2458
6788,04/10/2020T03:20:00 ,150527,1078,1009,114,196,54,3,3575,4,2454
6789,04/10/2020T03:30:00 ,150527,1073,1011,115,196,54,3,3577,4,2452
6790,04/10/2020T03:40:00 ,150527,1070,1012,116,194,54,3,3580,4,2449
6791,04/10/2020T03:50:00 ,150527,1070,1010,115,194,54,3,3583,4,2446
6792,04/10/2020T04:00:00 ,150527,1068,1011,114,195,54,3,3584,4,2445
6793,04/10/2020T04:10:00 ,150527,1064,1014,114,194,54,3,3586,4,2443
6794,04/10/2020T04:20:00 ,150526,1061,1017,114,193,54,3,3588,4,2442
6795,04/10/2020T04:30:00 ,150525,1058,1020,113,193,54,3,3590,4,2441
6796,04/10/2020T04:40:00 ,150525,1056,1020,114,192,54,3,3592,4,2439
6797,04/10/2020T04:50:00 ,150523,1057,1018,114,192,54,3,3595,4,2438
6798,04/10/2020T05:00:00 ,150523,1057,1016,114,191,54,3,3598,4,2435
6799,04/10/2020T05:10:00 ,150521,1055,1017,114,190,54,3,3602,4,2433
6800,04/10/2020T05:20:00 ,150521,1054,1015,114,189,55,3,3605,4,2430
6801,04/10/2020T05:30:00 ,150521,1051,1012,116,190,55,3,3608,4,2427
6802,04/10/2020T05:40:00 ,150521,1048,1015,116,190,55,3,3608,4,2427
6803,04/10/2020T05:50:00 ,150520,1047,1014,114,192,55,3,3611,4,2425
6804,04/10/2020T06:00:00 ,150520,1047,1014,113,193,55,3,3611,4,2425
6805,04/10/2020T06:10:00 ,150520,1045,1013,114,193,55,3,3613,4,2423
6806,04/10/2020T06:20:00 ,150520,1044,1014,113,193,55,3,3614,4,2422
6807,04/10/2020T06:30:00 ,150519,1045,1012,112,194,55,3,3616,4,2421
6808,04/10/2020T06:40:00 ,150519,1041,1012,114,194,55,3,3618,4,2419
6809,04/10/2020T06:50:00 ,150519,1040,1013,113,194,55,3,3619,4,2418
6810,04/10/2020T07:00:00 ,150519,1036,1015,113,194,55,3,3621,4,2416
6811,04/10/2020T07:10:00 ,150516,1037,1016,113,193,55,3,3623,4,2417
6812,04/10/2020T07:20:00 ,150516,1035,1018,112,194,55,3,3623,4,2417
6813,04/10/2020T07:30:00 ,150516,1033,1016,114,194,55,3,3625,4,2415
6814,04/10/2020T07:40:00 ,150516,1028,1017,116,194,55,3,3627,4,2413
6815,04/10/2020T07:50:00 ,150515,1027,1016,117,194,55,3,3629,4,2412
6816,04/10/2020T08:00:00 ,150515,1027,1013,117,193,55,3,3633,4,2408
6817,04/10/2020T08:10:00 ,150510,1030,1012,117,193,55,3,3636,4,2410
6818,04/10/2020T08:20:00 ,150508,1028,1015,116,194,55,3,3637,4,2411
6819,04/10/2020T08:30:00 ,150505,1029,1017,115,194,56,3,3637,4,2414
6820,04/10/2020T08:40:00 ,150500,1031,1018,115,195,56,3,3638,4,2418
6821,04/10/2020T08:50:00 ,150498,1032,1018,115,194,56,3,3640,4,2418
6822,04/10/2020T09:00:00 ,150496,1032,1019,115,193,56,3,3642,4,2418
6823,04/10/2020T09:10:00 ,150491,1033,1021,116,192,56,3,3644,4,2421
6824,04/10/2020T09:20:00 ,150485,1035,1023,117,192,56,3,3645,4,2426
6825,04/10/2020T09:30:00 ,150474,1041,1025,118,192,56,3,3647,4,2435
6826,04/10/2020T09:40:00 ,150461,1053,1024,118,193,56,3,3648,4,2447
6827,04/10/2020T09:50:00 ,150446,1066,1022,119,193,56,3,3651,4,2459
6828,04/10/2020T10:00:00 ,150438,1072,1022,120,192,56,3,3653,4,2465
6829,04/10/2020T10:10:00 ,150428,1077,1025,121,192,56,3,3654,4,2474
6830,04/10/2020T10:20:00 ,150416,1087,1026,121,192,56,3,3655,4,2485
6831,04/10/2020T10:30:00 ,150408,1092,1026,122,191,56,3,3658,4,2490
6832,04/10/2020T10:40:00 ,150395,1103,1025,122,190,56,3,3662,4,2499
6833,04/10/2020T10:50:00 ,150386,1112,1025,121,190,56,3,3663,4,2507
6834,04/10/2020T11:00:00 ,150379,1118,1025,121,189,56,3,3665,4,2512
6835,04/10/2020T11:10:00 ,150369,1126,1026,121,189,55,3,3667,4,2520
6836,04/10/2020T11:20:00 ,150360,1133,1026,122,186,55,3,3671,4,2525
6837,04/10/2020T11:30:00 ,150346,1145,1023,122,186,55,3,3676,4,2534
6838,04/10/2020T11:40:00 ,150338,1151,1022,123,186,55,3,3678,4,2540
6839,04/10/2020T11:50:00 ,150326,1162,1022,123,185,55,3,3680,4,2550
6840,04/10/2020T12:00:00 ,150321,1166,1020,123,186,55,3,3682,4,2553
6841,04/10/2020T12:10:00 ,150313,1173,1020,122,187,55,3,3683,4,2560
6842,04/10/2020T12:20:00 ,150310,1173,1022,122,187,55,3,3684,4,2562
6843,04/10/2020T12:30:00 ,150306,1172,1024,123,187,55,3,3686,4,2564
6844,04/10/2020T12:40:00 ,150302,1173,1022,123,188,55,3,3690,4,2564
6845,04/10/2020T12:50:00 ,150298,1176,1019,122,189,55,3,3694,4,2564
6846,04/10/2020T13:00:00 ,150295,1176,1018,122,189,55,3,3698,4,2563
6847,04/10/2020T13:10:00 ,150290,1180,1017,121,189,54,3,3702,4,2564
6848,04/10/2020T13:20:00 ,150287,1180,1018,122,189,54,3,3703,4,2566
6849,04/10/2020T13:30:00 ,150282,1180,1023,120,191,54,3,3703,4,2571
6850,04/10/2020T13:40:00 ,150279,1181,1023,118,192,55,3,3705,4,2572
6851,04/10/2020T13:50:00 ,150271,1187,1023,118,191,55,3,3708,4,2577
6852,04/10/2020T14:00:00 ,150265,1193,1022,118,190,55,3,3710,4,2581
6853,04/10/2020T14:10:00 ,150255,1200,1024,117,190,55,3,3712,4,2589
6854,04/10/2020T14:20:00 ,150249,1204,1024,118,190,55,3,3713,4,2594
6855,04/10/2020T14:30:00 ,150244,1207,1022,119,190,55,3,3716,4,2596
6856,04/10/2020T14:40:00 ,150237,1207,1023,122,190,55,3,3719,4,2600
6857,04/10/2020T14:50:00 ,150230,1211,1026,120,192,55,3,3719,4,2607
6858,04/10/2020T15:00:00 ,150222,1217,1027,119,191,55,3,3722,4,2612
6859,04/10/2020T15:10:00 ,150210,1227,1028,119,191,55,3,3723,4,2623
6860,04/10/2020T15:20:00 ,150206,1228,1031,119,191,55,3,3723,4,2627
6861,04/10/2020T15:30:00 ,150203,1230,1030,119,191,55,3,3725,4,2628
6862,04/10/2020T15:40:00 ,150199,1232,1028,120,191,55,3,3728,4,2629
6863,04/10/2020T15:50:00 ,150193,1237,1027,119,192,54,3,3731,4,2632
6864,04/10/2020T16:00:00 ,150187,1242,1025,119,192,54,3,3734,4,2635
6865,04/10/2020T16:10:00 ,150182,1247,1022,118,193,54,3,3737,4,2637
6866,04/10/2020T16:20:00 ,150181,1246,1021,118,194,54,3,3739,4,2636
6867,04/10/2020T16:30:00 ,150178,1247,1021,120,194,54,3,3739,4,2639
6868,04/10/2020T16:40:00 ,150174,1247,1024,121,193,54,3,3740,4,2642
6869,04/10/2020T16:50:00 ,150168,1249,1022,123,193,54,3,3744,4,2644
6870,04/10/2020T17:00:00 ,150164,1248,1026,122,194,52,3,3747,4,2645
6871,04/10/2020T17:10:00 ,150164,1245,1027,123,193,52,3,3749,4,2643
6872,04/10/2020T17:20:00 ,150162,1246,1028,122,194,52,3,3749,4,2645
6873,04/10/2020T17:30:00 ,150161,1240,1033,121,196,52,3,3750,4,2645
6874,04/10/2020T17:40:00 ,150159,1240,1032,121,196,52,3,3753,4,2644
6875,04/10/2020T17:50:00 ,150159,1235,1036,120,196,52,3,3755,4,2642
6876,04/10/2020T18:00:00 ,150158,1232,1039,120,197,52,3,3755,4,2643
6877,04/10/2020T18:10:00 ,150158,1232,1038,120,197,52,3,3756,4,2642
6878,04/10/2020T18:20:00 ,150157,1230,1040,120,197,52,3,3757,4,2642
6879,04/10/2020T18:30:00 ,150155,1232,1039,120,196,52,3,3759,4,2642
6880,04/10/2020T18:40:00 ,150155,1231,1038,119,195,52,3,3763,4,2638
6881,04/10/2020T18:50:00 ,150153,1229,1041,119,194,52,3,3765,4,2638
6882,04/10/2020T19:00:00 ,150153,1228,1038,118,195,52,3,3769,4,2634
6883,04/10/2020T19:10:00 ,150153,1224,1038,119,195,52,3,3772,4,2631
6884,04/10/2020T19:20:00 ,150153,1217,1043,120,194,52,3,3774,4,2629
6885,04/10/2020T19:30:00 ,150153,1215,1044,120,194,52,3,3775,4,2628
6886,04/10/2020T19:40:00 ,150153,1211,1046,120,193,52,3,3778,4,2625
6887,04/10/2020T19:50:00 ,150153,1210,1044,120,192,52,3,3782,4,2621
6888,04/10/2020T20:00:00 ,150152,1210,1043,120,192,52,3,3784,4,2620
6889,04/10/2020T20:10:00 ,150150,1208,1042,122,191,52,3,3788,4,2618
6890,04/10/2020T20:20:00 ,150149,1208,1041,122,191,52,3,3790,4,2617
6891,04/10/2020T20:30:00 ,150147,1210,1041,121,192,52,3,3790,4,2619
6892,04/10/2020T20:40:00 ,150145,1209,1043,122,192,52,3,3790,4,2621
6893,04/10/2020T20:50:00 ,150145,1206,1045,121,193,52,3,3791,4,2620
6894,04/10/2020T21:00:00 ,150144,1205,1045,121,193,52,3,3793,4,2619
6895,04/10/2020T21:10:00 ,150142,1203,1047,122,193,52,3,3794,4,2620
6896,04/10/2020T21:20:00 ,150142,1202,1044,121,194,52,3,3798,4,2616
6897,04/10/2020T21:30:00 ,150142,1202,1044,121,193,52,3,3799,4,2615
6898,04/10/2020T21:40:00 ,150142,1198,1048,120,194,52,3,3799,4,2615
6899,04/10/2020T21:50:00 ,150140,1196,1050,121,194,51,3,3801,4,2615
6900,04/10/2020T22:00:00 ,150140,1192,1054,120,195,51,3,3801,4,2615
6901,04/10/2020T22:10:00 ,150138,1190,1058,120,194,51,3,3802,4,2616
6902,04/10/2020T22:20:00 ,150138,1189,1057,120,194,51,3,3804,4,2614
6903,04/10/2020T22:30:00 ,150137,1190,1057,118,196,51,3,3804,4,2615
6904,04/10/2020T22:40:00 ,150134,1192,1056,118,196,51,3,3806,4,2616
6905,04/10/2020T22:50:00 ,150131,1191,1059,119,196,51,3,3806,4,2619
6906,04/10/2020T23:00:00 ,150131,1187,1059,118,198,50,3,3810,4,2615
6907,04/10/2020T23:10:00 ,150131,1185,1060,119,198,50,3,3810,4,2615
6908,04/10/2020T23:20:00 ,150131,1184,1058,119,198,50,3,3813,4,2612
6909,04/10/2020T23:30:00 ,150130,1183,1059,120,198,50,3,3813,4,2613
6910,04/10/2020T23:40:00 ,150130,1180,1059,120,198,50,3,3816,4,2610
6911,04/10/2020T23:50:00 ,150129,1177,1063,119,198,50,3,3817,4,2610
6912,04/11/2020T00:00:00 ,150128,1175,1064,119,198,50,3,3819,4,2609
6913,04/11/2020T00:10:00 ,150127,1174,1062,118,199,50,3,3823,4,2606
6914,04/11/2020T00:20:00 ,150125,1173,1063,119,198,50,3,3825,4,2606
6915,04/11/2020T00:30:00 ,150124,1167,1065,120,199,50,3,3828,4,2604
6916,04/11/2020T00:40:00 ,150121,1165,1067,121,198,50,3,3831,4,2604
6917,04/11/2020T00:50:00 ,150121,1162,1067,123,197,50,3,3833,4,2602
6918,04/11/2020T01:00:00 ,150121,1158,1067,124,197,50,3,3836,4,2599
6919,04/11/2020T01:10:00 ,150121,1154,1069,124,196,51,3,3838,4,2597
6920,04/11/2020T01:20:00 ,150120,1154,1067,124,196,50,4,3841,4,2595
6921,04/11/2020T01:30:00 ,150120,1153,1068,121,199,50,4,3841,4,2595
6922,04/11/2020T01:40:00 ,150120,1150,1070,121,199,50,4,3842,4,2594
6923,04/11/2020T01:50:00 ,150120,1147,1070,121,199,50,4,3845,4,2591
6924,04/11/2020T02:00:00 ,150120,1144,1069,122,200,50,4,3847,4,2589
6925,04/11/2020T02:10:00 ,150117,1144,1071,122,200,50,4,3848,4,2591
6926,04/11/2020T02:20:00 ,150117,1139,1074,123,199,50,4,3850,4,2589
6927,04/11/2020T02:30:00 ,150117,1138,1075,123,199,50,4,3850,4,2589
6928,04/11/2020T02:40:00 ,150117,1136,1075,123,199,50,4,3852,4,2587
6929,04/11/2020T02:50:00 ,150117,1134,1076,123,199,50,4,3853,4,2586
6930,04/11/2020T03:00:00 ,150115,1134,1077,122,200,50,4,3854,4,2587
6931,04/11/2020T03:10:00 ,150115,1129,1080,123,200,50,4,3855,4,2586
6932,04/11/2020T03:20:00 ,150114,1130,1078,123,200,50,4,3857,4,2585
6933,04/11/2020T03:30:00 ,150114,1125,1079,124,200,50,4,3860,4,2582
6934,04/11/2020T03:40:00 ,150113,1123,1080,124,199,51,4,3862,4,2581
6935,04/11/2020T03:50:00 ,150112,1120,1082,124,198,51,4,3865,4,2579
6936,04/11/2020T04:00:00 ,150110,1119,1083,123,199,51,4,3867,4,2579
6937,04/11/2020T04:10:00 ,150109,1116,1086,123,197,51,4,3870,4,2577
6938,04/11/2020T04:20:00 ,150108,1115,1088,123,197,51,4,3870,4,2578
6939,04/11/2020T04:30:00 ,150108,1114,1087,123,197,51,4,3872,4,2576
6940,04/11/2020T04:40:00 ,150108,1110,1089,122,198,51,4,3874,4,2574
6941,04/11/2020T04:50:00 ,150106,1109,1090,123,197,50,4,3877,4,2573
6942,04/11/2020T05:00:00 ,150106,1100,1096,126,196,51,4,3877,4,2573
6943,04/11/2020T05:10:00 ,150106,1100,1092,126,196,51,4,3881,4,2569
6944,04/11/2020T05:20:00 ,150106,1098,1094,126,196,51,4,3881,4,2569
6945,04/11/2020T05:30:00 ,150104,1098,1095,127,195,52,4,3881,4,2571
6946,04/11/2020T05:40:00 ,150104,1094,1097,127,194,52,4,3884,4,2568
6947,04/11/2020T05:50:00 ,150104,1092,1095,126,195,52,4,3888,4,2564
6948,04/11/2020T06:00:00 ,150102,1093,1096,126,195,52,4,3888,4,2566
6949,04/11/2020T06:10:00 ,150102,1091,1097,124,197,52,4,3889,4,2565
6950,04/11/2020T06:20:00 ,150101,1090,1097,124,197,52,4,3891,4,2564
6951,04/11/2020T06:30:00 ,150101,1089,1096,124,196,52,4,3894,4,2561
6952,04/11/2020T06:40:00 ,150101,1085,1099,125,195,52,4,3895,4,2560
6953,04/11/2020T06:50:00 ,150101,1082,1101,125,195,52,4,3896,4,2559
6954,04/11/2020T07:00:00 ,150098,1083,1102,124,196,52,4,3897,4,2561
6955,04/11/2020T07:10:00 ,150096,1083,1103,124,194,52,4,3900,4,2560
6956,04/11/2020T07:20:00 ,150092,1086,1103,123,195,52,4,3901,4,2563
6957,04/11/2020T07:30:00 ,150090,1085,1103,123,194,52,4,3905,4,2561
6958,04/11/2020T07:40:00 ,150088,1086,1103,123,193,52,4,3907,4,2561
6959,04/11/2020T07:50:00 ,150086,1084,1104,122,193,52,4,3911,4,2559
6960,04/11/2020T08:00:00 ,150082,1085,1106,123,191,52,4,3913,4,2561
6961,04/11/2020T08:10:00 ,150080,1086,1107,123,191,52,4,3913,4,2563
6962,04/11/2020T08:20:00 ,150076,1086,1108,125,191,52,4,3914,4,2566
6963,04/11/2020T08:30:00 ,150071,1090,1107,124,192,52,4,3916,4,2569
6964,04/11/2020T08:40:00 ,150067,1091,1109,124,192,52,4,3917,4,2572
6965,04/11/2020T08:50:00 ,150061,1093,1111,125,192,52,4,3918,4,2577
6966,04/11/2020T09:00:00 ,150055,1098,1110,125,192,52,4,3920,4,2581
6967,04/11/2020T09:10:00 ,150048,1099,1114,126,192,52,4,3921,4,2587
6968,04/11/2020T09:20:00 ,150041,1104,1114,128,192,52,4,3921,4,2594
6969,04/11/2020T09:30:00 ,150028,1117,1113,127,192,53,4,3922,4,2606
6970,04/11/2020T09:40:00 ,150018,1125,1114,127,191,53,4,3924,4,2614
6971,04/11/2020T09:50:00 ,150009,1132,1113,127,192,53,4,3926,4,2621
6972,04/11/2020T10:00:00 ,150002,1138,1114,127,192,52,4,3927,4,2627
6973,04/11/2020T10:10:00 ,149995,1142,1114,129,192,52,4,3928,4,2633
6974,04/11/2020T10:20:00 ,149988,1147,1115,130,192,52,4,3928,4,2640
6975,04/11/2020T10:30:00 ,149980,1153,1117,130,192,52,4,3928,4,2648
6976,04/11/2020T10:40:00 ,149975,1156,1118,130,192,52,4,3929,4,2652
6977,04/11/2020T10:50:00 ,149967,1164,1118,129,193,52,4,3929,4,2660
6978,04/11/2020T11:00:00 ,149960,1170,1117,129,192,52,4,3932,4,2664
6979,04/11/2020T11:10:00 ,149947,1180,1114,130,192,52,4,3937,4,2672
6980,04/11/2020T11:20:00 ,149940,1186,1113,129,194,52,4,3938,4,2678
6981,04/11/2020T11:30:00 ,149938,1186,1114,129,194,52,4,3939,4,2679
6982,04/11/2020T11:40:00 ,149931,1188,1115,130,193,52,4,3943,4,2682
6983,04/11/2020T11:50:00 ,149914,1204,1112,129,194,52,4,3947,4,2695
6984,04/11/2020T12:00:00 ,149900,1215,1113,129,194,52,4,3949,4,2707
6985,04/11/2020T12:10:00 ,149893,1220,1114,129,193,52,4,3951,4,2712
6986,04/11/2020T12:20:00 ,149884,1227,1116,129,191,52,4,3953,4,2719
6987,04/11/2020T12:30:00 ,149878,1231,1117,129,191,52,4,3954,4,2724
6988,04/11/2020T12:40:00 ,149871,1231,1122,129,190,52,4,3957,4,2728
6989,04/11/2020T12:50:00 ,149865,1235,1122,129,189,52,4,3960,4,2731
6990,04/11/2020T13:00:00 ,149861,1238,1120,128,189,52,4,3964,4,2731
6991,04/11/2020T13:10:00 ,149859,1239,1121,128,189,52,4,3964,4,2733
6992,04/11/2020T13:20:00 ,149857,1239,1121,127,191,52,4,3965,4,2734
6993,04/11/2020T13:30:00 ,149853,1242,1122,126,192,52,4,3965,4,2738
6994,04/11/2020T13:40:00 ,149844,1247,1124,127,191,52,4,3967,4,2745
6995,04/11/2020T13:50:00 ,149838,1250,1125,128,191,52,4,3968,4,2750
6996,04/11/2020T14:00:00 ,149835,1249,1123,129,190,52,4,3974,4,2747
6997,04/11/2020T14:10:00 ,149826,1254,1124,130,190,52,4,3976,4,2754
6998,04/11/2020T14:20:00 ,149819,1258,1125,130,191,52,4,3977,4,2760
6999,04/11/2020T14:30:00 ,149811,1264,1124,130,192,52,4,3979,4,2766
7000,04/11/2020T14:40:00 ,149803,1266,1126,131,192,52,4,3982,4,2771
7001,04/11/2020T14:50:00 ,149795,1272,1128,131,191,52,4,3983,4,2778
7002,04/11/2020T15:00:00 ,149787,1274,1130,133,192,52,4,3984,4,2785
7003,04/11/2020T15:10:00 ,149781,1275,1132,134,192,52,4,3986,4,2789
7004,04/11/2020T15:20:00 ,149775,1278,1133,135,192,52,4,3987,4,2794
7005,04/11/2020T15:30:00 ,149773,1279,1134,135,192,51,5,3987,4,2796
7006,04/11/2020T15:40:00 ,149769,1281,1134,135,191,51,5,3990,4,2797
7007,04/11/2020T15:50:00 ,149759,1289,1134,136,190,51,5,3992,4,2805
7008,04/11/2020T16:00:00 ,149751,1296,1132,136,189,51,5,3996,4,2809
7009,04/11/2020T16:10:00 ,149746,1298,1133,136,189,51,5,3998,4,2812
7010,04/11/2020T16:20:00 ,149742,1298,1134,136,189,51,5,4001,4,2813
7011,04/11/2020T16:30:00 ,149738,1302,1132,136,189,51,5,4003,4,2815
7012,04/11/2020T16:40:00 ,149733,1305,1132,136,189,51,5,4005,4,2818
7013,04/11/2020T16:50:00 ,149728,1308,1133,136,189,51,5,4006,4,2822
7014,04/11/2020T17:00:00 ,149726,1305,1135,137,187,51,5,4010,4,2820
7015,04/11/2020T17:10:00 ,149721,1305,1138,138,187,51,5,4011,4,2824
7016,04/11/2020T17:20:00 ,149719,1302,1142,139,186,51,5,4012,4,2825
7017,04/11/2020T17:30:00 ,149718,1297,1144,140,187,51,5,4014,4,2824
7018,04/11/2020T17:40:00 ,149716,1294,1141,142,186,51,5,4021,4,2819
7019,04/11/2020T17:50:00 ,149715,1295,1141,142,186,51,5,4021,4,2820
7020,04/11/2020T18:00:00 ,149714,1292,1143,142,184,51,5,4025,4,2817
7021,04/11/2020T18:10:00 ,149714,1289,1143,143,184,51,5,4027,4,2815
7022,04/11/2020T18:20:00 ,149712,1282,1149,145,183,52,5,4028,4,2816
7023,04/11/2020T18:30:00 ,149710,1282,1150,145,183,52,5,4029,4,2817
7024,04/11/2020T18:40:00 ,149710,1281,1150,144,183,51,5,4032,4,2814
7025,04/11/2020T18:50:00 ,149709,1279,1149,144,182,51,5,4037,4,2810
7026,04/11/2020T19:00:00 ,149709,1277,1150,144,182,51,5,4038,4,2809
7027,04/11/2020T19:10:00 ,149707,1276,1151,143,183,51,5,4040,4,2809
7028,04/11/2020T19:20:00 ,149706,1274,1151,144,182,51,5,4043,4,2807
7029,04/11/2020T19:30:00 ,149706,1272,1149,143,183,51,5,4047,4,2803
7030,04/11/2020T19:40:00 ,149703,1272,1151,143,183,51,5,4048,4,2805
7031,04/11/2020T19:50:00 ,149702,1264,1158,143,184,51,5,4049,4,2805
7032,04/11/2020T20:00:00 ,149702,1264,1155,143,184,51,5,4052,4,2802
7033,04/11/2020T20:10:00 ,149700,1262,1158,143,184,51,5,4053,4,2803
7034,04/11/2020T20:20:00 ,149700,1262,1157,141,186,51,5,4054,4,2802
7035,04/11/2020T20:30:00 ,149700,1260,1158,142,185,51,5,4055,4,2801
7036,04/11/2020T20:40:00 ,149700,1258,1155,142,185,51,5,4060,4,2796
7037,04/11/2020T20:50:00 ,149699,1254,1159,143,185,51,5,4060,4,2797
7038,04/11/2020T21:00:00 ,149697,1253,1159,144,185,51,5,4062,4,2797
7039,04/11/2020T21:10:00 ,149696,1253,1157,144,185,51,5,4065,4,2795
7040,04/11/2020T21:20:00 ,149695,1251,1157,145,185,51,5,4067,4,2794
7041,04/11/2020T21:30:00 ,149695,1249,1159,145,183,52,5,4068,4,2793
7042,04/11/2020T21:40:00 ,149693,1249,1160,145,183,52,5,4069,4,2794
7043,04/11/2020T21:50:00 ,149692,1247,1160,145,181,52,5,4074,4,2790
7044,04/11/2020T22:00:00 ,149691,1244,1161,147,181,52,5,4075,4,2790
7045,04/11/2020T22:10:00 ,149690,1242,1163,148,181,52,5,4075,4,2791
7046,04/11/2020T22:20:00 ,149690,1240,1160,148,181,52,5,4080,4,2786
7047,04/11/2020T22:30:00 ,149688,1240,1162,147,182,51,5,4081,4,2787
7048,04/11/2020T22:40:00 ,149688,1239,1163,147,181,51,5,4082,4,2786
7049,04/11/2020T22:50:00 ,149688,1233,1165,148,180,51,5,4086,4,2782
7050,04/11/2020T23:00:00 ,149688,1230,1167,147,181,51,5,4087,4,2781
7051,04/11/2020T23:10:00 ,149686,1229,1169,147,182,51,5,4087,4,2783
7052,04/11/2020T23:20:00 ,149686,1225,1170,148,182,50,5,4090,4,2780
7053,04/11/2020T23:30:00 ,149686,1222,1171,149,182,50,5,4091,4,2779
7054,04/11/2020T23:40:00 ,149686,1220,1171,147,184,50,5,4093,4,2777
7055,04/11/2020T23:50:00 ,149686,1217,1172,148,184,50,5,4094,4,2776
7056,04/12/2020T00:00:00 ,149686,1216,1171,148,184,50,5,4096,4,2774
7057,04/12/2020T00:10:00 ,149685,1214,1169,149,184,50,5,4100,4,2771
7058,04/12/2020T00:20:00 ,149684,1208,1173,151,184,50,5,4101,4,2771
7059,04/12/2020T00:30:00 ,149683,1207,1175,151,184,50,5,4101,4,2772
7060,04/12/2020T00:40:00 ,149683,1201,1179,152,185,50,5,4101,4,2772
7061,04/12/2020T00:50:00 ,149683,1198,1181,151,185,50,5,4103,4,2770
7062,04/12/2020T01:00:00 ,149682,1198,1181,150,186,50,5,4104,4,2770
7063,04/12/2020T01:10:00 ,149680,1196,1182,151,187,50,5,4105,4,2771
7064,04/12/2020T01:20:00 ,149679,1196,1180,151,188,50,5,4107,4,2770
7065,04/12/2020T01:30:00 ,149678,1196,1181,150,189,50,5,4107,4,2771
7066,04/12/2020T01:40:00 ,149675,1198,1181,149,188,50,5,4110,4,2771
7067,04/12/2020T01:50:00 ,149674,1199,1178,149,188,50,5,4113,4,2769
7068,04/12/2020T02:00:00 ,149674,1197,1179,149,186,50,5,4116,4,2766
7069,04/12/2020T02:10:00 ,149673,1195,1182,148,187,50,5,4116,4,2767
7070,04/12/2020T02:20:00 ,149672,1193,1183,148,187,50,5,4118,4,2766
7071,04/12/2020T02:30:00 ,149670,1191,1185,148,186,50,5,4121,4,2765
7072,04/12/2020T02:40:00 ,149667,1193,1186,145,188,50,5,4122,4,2767
7073,04/12/2020T02:50:00 ,149667,1191,1187,143,190,49,6,4123,4,2766
7074,04/12/2020T03:00:00 ,149666,1190,1187,143,190,49,6,4125,4,2765
7075,04/12/2020T03:10:00 ,149666,1188,1187,143,191,49,6,4126,4,2764
7076,04/12/2020T03:20:00 ,149665,1185,1189,144,192,49,6,4126,4,2765
7077,04/12/2020T03:30:00 ,149664,1185,1189,143,193,49,6,4127,4,2765
7078,04/12/2020T03:40:00 ,149664,1182,1190,143,193,49,6,4129,4,2763
7079,04/12/2020T03:50:00 ,149663,1181,1189,144,193,49,6,4131,4,2762
7080,04/12/2020T04:00:00 ,149662,1181,1190,144,193,49,6,4131,4,2763
7081,04/12/2020T04:10:00 ,149662,1180,1190,144,193,49,6,4132,4,2762
7082,04/12/2020T04:20:00 ,149662,1180,1189,144,193,49,6,4133,4,2761
7083,04/12/2020T04:30:00 ,149661,1179,1188,145,193,49,6,4135,4,2760
7084,04/12/2020T04:40:00 ,149661,1177,1189,146,193,49,6,4135,4,2760
7085,04/12/2020T04:50:00 ,149661,1174,1192,144,194,49,6,4136,4,2759
7086,04/12/2020T05:00:00 ,149661,1172,1194,144,194,49,6,4136,4,2759
7087,04/12/2020T05:10:00 ,149661,1170,1194,145,194,49,6,4137,4,2758
7088,04/12/2020T05:20:00 ,149660,1163,1198,149,194,49,6,4137,4,2759
7089,04/12/2020T05:30:00 ,149659,1161,1201,148,195,49,6,4137,4,2760
7090,04/12/2020T05:40:00 ,149659,1158,1203,147,195,49,6,4139,4,2758
7091,04/12/2020T05:50:00 ,149658,1158,1202,146,195,49,6,4142,4,2756
7092,04/12/2020T06:00:00 ,149657,1158,1201,146,193,49,6,4146,4,2753
7093,04/12/2020T06:10:00 ,149657,1156,1200,147,193,49,6,4148,4,2751
7094,04/12/2020T06:20:00 ,149656,1154,1202,147,192,48,6,4151,4,2749
7095,04/12/2020T06:30:00 ,149656,1150,1203,148,191,48,6,4154,4,2746
7096,04/12/2020T06:40:00 ,149656,1149,1200,149,190,48,6,4158,4,2742
7097,04/12/2020T06:50:00 ,149655,1147,1202,149,190,48,6,4159,4,2742
7098,04/12/2020T07:00:00 ,149655,1143,1205,149,190,48,6,4160,4,2741
7099,04/12/2020T07:10:00 ,149653,1142,1207,148,191,48,6,4161,4,2742
7100,04/12/2020T07:20:00 ,149653,1137,1211,147,192,48,6,4162,4,2741
7101,04/12/2020T07:30:00 ,149653,1134,1213,148,191,48,6,4163,4,2740
7102,04/12/2020T07:40:00 ,149653,1133,1212,146,193,48,6,4165,4,2738
7103,04/12/2020T07:50:00 ,149652,1134,1211,145,194,48,6,4166,4,2738
7104,04/12/2020T08:00:00 ,149652,1131,1211,145,195,48,6,4168,4,2736
7105,04/12/2020T08:10:00 ,149652,1127,1212,147,195,48,6,4169,4,2735
7106,04/12/2020T08:20:00 ,149650,1126,1214,146,196,48,6,4170,4,2736
7107,04/12/2020T08:30:00 ,149648,1123,1217,146,195,47,6,4174,4,2734
7108,04/12/2020T08:40:00 ,149648,1119,1216,145,196,46,6,4180,4,2728
7109,04/12/2020T08:50:00 ,149648,1116,1217,146,196,46,6,4181,4,2727
7110,04/12/2020T09:00:00 ,149648,1115,1217,146,196,46,6,4182,4,2726
7111,04/12/2020T09:10:00 ,149648,1108,1220,149,196,46,6,4183,4,2725
7112,04/12/2020T09:20:00 ,149648,1105,1219,150,197,46,6,4185,4,2723
7113,04/12/2020T09:30:00 ,149646,1106,1217,150,197,46,6,4188,4,2722
7114,04/12/2020T09:40:00 ,149646,1104,1216,151,196,46,6,4191,4,2719
7115,04/12/2020T09:50:00 ,149646,1101,1217,152,195,46,6,4193,4,2717
7116,04/12/2020T10:00:00 ,149646,1098,1216,153,196,46,6,4195,4,2715
7117,04/12/2020T10:10:00 ,149646,1096,1214,154,196,46,6,4198,4,2712
7118,04/12/2020T10:20:00 ,149646,1096,1214,154,195,47,6,4198,4,2712
7119,04/12/2020T10:30:00 ,149646,1095,1214,153,196,47,6,4199,4,2711
7120,04/12/2020T10:40:00 ,149645,1094,1214,153,196,47,6,4201,4,2710
7121,04/12/2020T10:50:00 ,149644,1093,1211,150,199,47,6,4206,4,2706
7122,04/12/2020T11:00:00 ,149643,1092,1213,150,198,47,6,4207,4,2706
7123,04/12/2020T11:10:00 ,149640,1091,1217,150,197,47,6,4208,4,2708
7124,04/12/2020T11:20:00 ,149638,1092,1216,150,197,47,6,4210,4,2708
7125,04/12/2020T11:30:00 ,149637,1088,1218,150,197,47,6,4213,4,2706
7126,04/12/2020T11:40:00 ,149637,1086,1215,150,197,47,6,4218,4,2701
7127,04/12/2020T11:50:00 ,149636,1085,1215,150,197,47,6,4220,4,2700
7128,04/12/2020T12:00:00 ,149636,1082,1216,149,198,47,6,4222,4,2698
7129,04/12/2020T12:10:00 ,149634,1081,1218,148,199,46,7,4223,4,2699
7130,04/12/2020T12:20:00 ,149634,1080,1217,149,198,47,7,4224,4,2698
7131,04/12/2020T12:30:00 ,149633,1078,1218,148,199,47,7,4226,4,2697
7132,04/12/2020T12:40:00 ,149631,1079,1219,148,199,47,7,4226,4,2699
7133,04/12/2020T12:50:00 ,149631,1076,1221,148,199,47,7,4227,4,2698
7134,04/12/2020T13:00:00 ,149631,1073,1221,148,199,47,7,4230,4,2695
7135,04/12/2020T13:10:00 ,149631,1070,1222,148,199,47,7,4232,4,2693
7136,04/12/2020T13:20:00 ,149629,1069,1224,148,199,47,7,4233,4,2694
7137,04/12/2020T13:30:00 ,149627,1064,1228,148,199,47,7,4236,4,2693
7138,04/12/2020T13:40:00 ,149626,1062,1227,150,198,47,7,4239,4,2691
7139,04/12/2020T13:50:00 ,149625,1057,1230,149,199,47,7,4242,4,2689
7140,04/12/2020T14:00:00 ,149624,1054,1234,149,198,47,7,4243,4,2689
7141,04/12/2020T14:10:00 ,149623,1050,1238,149,197,47,7,4245,4,2688
7142,04/12/2020T14:20:00 ,149620,1053,1236,149,197,47,7,4247,4,2689
7143,04/12/2020T14:30:00 ,149619,1053,1237,149,197,47,7,4247,4,2690
7144,04/12/2020T14:40:00 ,149618,1054,1234,149,196,47,7,4251,4,2687
7145,04/12/2020T14:50:00 ,149616,1055,1232,149,197,47,7,4253,4,2687
7146,04/12/2020T15:00:00 ,149613,1054,1231,150,198,47,7,4256,4,2687
7147,04/12/2020T15:10:00 ,149613,1051,1231,150,197,47,7,4260,4,2683
7148,04/12/2020T15:20:00 ,149612,1051,1231,150,197,47,7,4261,4,2683
7149,04/12/2020T15:30:00 ,149612,1050,1230,150,197,47,7,4263,4,2681
7150,04/12/2020T15:40:00 ,149612,1044,1233,152,197,47,7,4264,4,2680
7151,04/12/2020T15:50:00 ,149611,1040,1236,152,197,47,7,4266,4,2679
7152,04/12/2020T16:00:00 ,149611,1039,1234,152,198,47,7,4268,4,2677
7153,04/12/2020T16:10:00 ,149611,1034,1237,153,197,47,7,4270,4,2675
7154,04/12/2020T16:20:00 ,149609,1034,1235,155,197,47,7,4272,4,2675
7155,04/12/2020T16:30:00 ,149609,1033,1236,155,196,47,7,4273,4,2674
7156,04/12/2020T16:40:00 ,149606,1033,1238,156,195,47,7,4274,4,2676
7157,04/12/2020T16:50:00 ,149606,1028,1242,157,195,47,7,4274,4,2676
7158,04/12/2020T17:00:00 ,149606,1026,1243,156,196,47,7,4275,4,2675
7159,04/12/2020T17:10:00 ,149605,1025,1244,157,195,47,7,4276,4,2675
7160,04/12/2020T17:20:00 ,149605,1022,1247,157,195,47,7,4276,4,2675
7161,04/12/2020T17:30:00 ,149604,1020,1248,158,195,47,7,4277,4,2675
7162,04/12/2020T17:40:00 ,149600,1022,1250,158,195,47,7,4277,4,2679
7163,04/12/2020T17:50:00 ,149600,1018,1251,158,197,47,7,4278,4,2678
7164,04/12/2020T18:00:00 ,149600,1016,1252,157,197,47,7,4280,4,2676
7165,04/12/2020T18:10:00 ,149597,1017,1250,158,197,47,7,4283,4,2676
7166,04/12/2020T18:20:00 ,149597,1013,1252,157,198,47,7,4285,4,2674
7167,04/12/2020T18:30:00 ,149596,1011,1248,159,197,47,7,4291,4,2669
7168,04/12/2020T18:40:00 ,149596,1009,1247,159,197,47,7,4294,4,2666
7169,04/12/2020T18:50:00 ,149594,1009,1246,157,197,47,7,4299,4,2663
7170,04/12/2020T19:00:00 ,149594,1008,1245,158,197,47,7,4300,4,2662
7171,04/12/2020T19:10:00 ,149592,1007,1247,158,196,47,7,4302,4,2662
7172,04/12/2020T19:20:00 ,149591,1003,1248,160,196,46,8,4304,4,2661
7173,04/12/2020T19:30:00 ,149590,1002,1248,160,196,46,8,4306,4,2660
7174,04/12/2020T19:40:00 ,149588,1004,1246,160,193,47,8,4310,4,2658
7175,04/12/2020T19:50:00 ,149580,1011,1243,160,193,47,8,4314,4,2662
7176,04/12/2020T20:00:00 ,149580,1009,1243,161,193,47,8,4315,4,2661
7177,04/12/2020T20:10:00 ,149577,1009,1242,162,192,47,8,4319,4,2660
7178,04/12/2020T20:20:00 ,149575,1011,1240,162,191,47,8,4322,4,2659
7179,04/12/2020T20:30:00 ,149573,1010,1242,161,193,47,8,4322,4,2661
7180,04/12/2020T20:40:00 ,149570,1010,1243,162,193,47,8,4323,4,2663
7181,04/12/2020T20:50:00 ,149568,1010,1241,162,193,48,8,4326,4,2662
7182,04/12/2020T21:00:00 ,149567,1011,1239,162,192,48,8,4329,4,2660
7183,04/12/2020T21:10:00 ,149567,1011,1238,160,192,48,8,4332,4,2657
7184,04/12/2020T21:20:00 ,149565,1007,1240,160,195,48,8,4333,4,2658
7185,04/12/2020T21:30:00 ,149563,1007,1241,161,195,48,8,4333,4,2660
7186,04/12/2020T21:40:00 ,149557,1010,1242,161,195,48,8,4335,4,2664
7187,04/12/2020T21:50:00 ,149557,1009,1242,161,195,48,8,4336,4,2663
7188,04/12/2020T22:00:00 ,149556,1008,1244,161,195,47,8,4337,4,2663
7189,04/12/2020T22:10:00 ,149555,1008,1244,161,195,47,8,4338,4,2663
7190,04/12/2020T22:20:00 ,149555,1004,1246,163,193,47,8,4340,4,2661
7191,04/12/2020T22:30:00 ,149555,999,1250,164,192,47,8,4341,4,2660
7192,04/12/2020T22:40:00 ,149555,994,1252,165,192,47,8,4343,4,2658
7193,04/12/2020T22:50:00 ,149554,994,1252,164,192,48,8,4344,4,2658
7194,04/12/2020T23:00:00 ,149551,995,1252,163,193,48,8,4346,4,2659
7195,04/12/2020T23:10:00 ,149551,991,1251,165,193,48,8,4349,4,2656
7196,04/12/2020T23:20:00 ,149551,988,1252,164,195,48,8,4350,4,2655
7197,04/12/2020T23:30:00 ,149551,985,1249,165,195,48,8,4355,4,2650
7198,04/12/2020T23:40:00 ,149551,981,1251,167,195,48,8,4355,4,2650
7199,04/12/2020T23:50:00 ,149550,976,1255,167,195,48,8,4357,4,2649
7200,04/13/2020T00:00:00 ,149549,973,1256,170,195,48,8,4357,4,2650
7201,04/13/2020T00:10:00 ,149549,968,1259,171,194,48,8,4359,4,2648
7202,04/13/2020T00:20:00 ,149548,967,1260,171,194,48,8,4360,4,2648
7203,04/13/2020T00:30:00 ,149548,964,1262,171,194,48,8,4361,4,2647
7204,04/13/2020T00:40:00 ,149548,962,1262,170,195,48,8,4363,4,2645
7205,04/13/2020T00:50:00 ,149548,960,1261,171,194,48,8,4366,4,2642
7206,04/13/2020T01:00:00 ,149548,956,1263,171,194,48,8,4368,4,2640
7207,04/13/2020T01:10:00 ,149548,954,1263,172,193,48,8,4370,4,2638
7208,04/13/2020T01:20:00 ,149548,953,1263,172,193,48,8,4371,4,2637
7209,04/13/2020T01:30:00 ,149548,952,1263,171,193,48,8,4373,4,2635
7210,04/13/2020T01:40:00 ,149547,949,1263,174,192,48,8,4375,4,2634
7211,04/13/2020T01:50:00 ,149546,946,1264,177,191,49,7,4376,4,2634
7212,04/13/2020T02:00:00 ,149546,943,1264,177,191,49,7,4379,4,2631
7213,04/13/2020T02:10:00 ,149546,941,1262,175,193,49,7,4383,4,2627
7214,04/13/2020T02:20:00 ,149544,939,1264,175,193,49,7,4385,4,2627
7215,04/13/2020T02:30:00 ,149543,939,1262,174,195,49,7,4387,4,2626
7216,04/13/2020T02:40:00 ,149542,936,1264,174,194,49,7,4390,4,2624
7217,04/13/2020T02:50:00 ,149541,934,1263,175,194,49,7,4393,4,2622
7218,04/13/2020T03:00:00 ,149540,931,1266,174,195,49,7,4394,4,2622
7219,04/13/2020T03:10:00 ,149540,929,1265,172,198,49,7,4396,4,2620
7220,04/13/2020T03:20:00 ,149539,925,1267,173,199,49,7,4397,4,2620
7221,04/13/2020T03:30:00 ,149538,921,1269,174,199,49,7,4399,4,2619
7222,04/13/2020T03:40:00 ,149538,920,1270,174,199,49,7,4399,4,2619
7223,04/13/2020T03:50:00 ,149537,919,1270,174,198,49,7,4402,4,2617
7224,04/13/2020T04:00:00 ,149537,918,1271,174,198,49,7,4402,4,2617
7225,04/13/2020T04:10:00 ,149537,916,1273,174,198,49,7,4402,4,2617
7226,04/13/2020T04:20:00 ,149535,917,1271,175,198,49,7,4404,4,2617
7227,04/13/2020T04:30:00 ,149535,915,1271,174,200,49,7,4405,4,2616
7228,04/13/2020T04:40:00 ,149534,915,1269,174,199,49,7,4409,4,2613
7229,04/13/2020T04:50:00 ,149534,913,1267,176,199,49,7,4411,4,2611
7230,04/13/2020T05:00:00 ,149534,911,1268,176,197,49,7,4414,4,2608
7231,04/13/2020T05:10:00 ,149534,911,1268,176,196,49,7,4415,4,2607
7232,04/13/2020T05:20:00 ,149534,907,1267,175,198,49,7,4419,4,2603
7233,04/13/2020T05:30:00 ,149533,907,1266,174,199,49,7,4421,4,2602
7234,04/13/2020T05:40:00 ,149533,904,1265,173,201,49,7,4424,4,2599
7235,04/13/2020T05:50:00 ,149533,901,1265,172,202,49,7,4427,4,2596
7236,04/13/2020T06:00:00 ,149532,897,1267,174,201,49,7,4429,4,2595
7237,04/13/2020T06:10:00 ,149532,894,1268,174,200,49,7,4432,4,2592
7238,04/13/2020T06:20:00 ,149531,893,1268,175,199,49,7,4434,4,2591
7239,04/13/2020T06:30:00 ,149531,891,1268,176,199,49,7,4435,4,2590
7240,04/13/2020T06:40:00 ,149531,890,1268,176,199,49,7,4436,4,2589
7241,04/13/2020T06:50:00 ,149531,888,1268,175,200,49,7,4438,4,2587
7242,04/13/2020T07:00:00 ,149531,888,1266,175,200,49,7,4440,4,2585
7243,04/13/2020T07:10:00 ,149530,885,1267,176,201,49,7,4441,4,2585
7244,04/13/2020T07:20:00 ,149529,883,1268,177,200,49,7,4443,4,2584
7245,04/13/2020T07:30:00 ,149528,882,1269,177,200,49,7,4444,4,2584
7246,04/13/2020T07:40:00 ,149528,880,1268,178,199,49,7,4447,4,2581
7247,04/13/2020T07:50:00 ,149527,879,1270,177,199,49,7,4448,4,2581
7248,04/13/2020T08:00:00 ,149526,879,1269,177,199,49,7,4450,4,2580
7249,04/13/2020T08:10:00 ,149525,876,1271,177,200,49,7,4451,4,2580
7250,04/13/2020T08:20:00 ,149525,872,1273,177,200,49,7,4453,4,2578
7251,04/13/2020T08:30:00 ,149525,869,1272,177,200,49,7,4457,4,2574
7252,04/13/2020T08:40:00 ,149525,866,1271,177,200,49,7,4461,4,2570
7253,04/13/2020T08:50:00 ,149525,862,1271,178,198,49,7,4466,4,2565
7254,04/13/2020T09:00:00 ,149524,859,1271,178,200,49,7,4468,4,2564
7255,04/13/2020T09:10:00 ,149524,856,1274,178,199,49,7,4469,4,2563
7256,04/13/2020T09:20:00 ,149524,855,1273,177,200,49,7,4471,4,2561
7257,04/13/2020T09:30:00 ,149523,852,1276,177,200,49,7,4472,4,2561
7258,04/13/2020T09:40:00 ,149522,851,1274,177,201,49,7,4475,4,2559
7259,04/13/2020T09:50:00 ,149522,850,1273,177,201,49,7,4477,4,2557
7260,04/13/2020T10:00:00 ,149521,845,1277,178,199,49,7,4480,4,2555
7261,04/13/2020T10:10:00 ,149521,841,1279,178,200,49,7,4481,4,2554
7262,04/13/2020T10:20:00 ,149520,841,1278,177,201,49,7,4483,4,2553
7263,04/13/2020T10:30:00 ,149517,841,1279,176,201,49,7,4486,4,2553
7264,04/13/2020T10:40:00 ,149516,840,1281,175,202,49,7,4486,4,2554
7265,04/13/2020T10:50:00 ,149513,842,1282,175,201,49,7,4487,4,2556
7266,04/13/2020T11:00:00 ,149513,838,1284,175,201,49,7,4489,4,2554
7267,04/13/2020T11:10:00 ,149513,834,1286,175,202,49,7,4490,4,2553
7268,04/13/2020T11:20:00 ,149512,833,1287,174,203,49,7,4491,4,2553
7269,04/13/2020T11:30:00 ,149512,827,1288,175,203,49,7,4495,4,2549
7270,04/13/2020T11:40:00 ,149510,827,1289,173,205,49,7,4496,4,2550
7271,04/13/2020T11:50:00 ,149509,825,1290,174,205,49,7,4497,4,2550
7272,04/13/2020T12:00:00 ,149508,824,1289,173,206,49,7,4500,4,2548
7273,04/13/2020T12:10:00 ,149508,821,1290,173,206,49,7,4502,4,2546
7274,04/13/2020T12:20:00 ,149508,817,1290,175,206,49,7,4504,4,2544
7275,04/13/2020T12:30:00 ,149505,814,1294,176,206,49,7,4505,4,2546
7276,04/13/2020T12:40:00 ,149503,812,1294,176,208,49,7,4507,4,2546
7277,04/13/2020T12:50:00 ,149502,811,1292,175,209,49,7,4511,4,2543
7278,04/13/2020T13:00:00 ,149501,810,1290,176,207,49,7,4516,4,2539
7279,04/13/2020T13:10:00 ,149500,810,1291,176,207,49,7,4516,4,2540
7280,04/13/2020T13:20:00 ,149499,809,1291,176,208,49,7,4517,4,2540
7281,04/13/2020T13:30:00 ,149498,809,1291,176,208,49,7,4518,4,2540
7282,04/13/2020T13:40:00 ,149498,807,1293,176,208,49,7,4518,4,2540
7283,04/13/2020T13:50:00 ,149498,804,1293,176,209,49,7,4520,4,2538
7284,04/13/2020T14:00:00 ,149496,805,1291,176,209,49,7,4523,4,2537
7285,04/13/2020T14:10:00 ,149496,801,1295,176,208,49,7,4524,4,2536
7286,04/13/2020T14:20:00 ,149495,800,1294,176,209,49,7,4526,4,2535
7287,04/13/2020T14:30:00 ,149493,800,1293,175,210,49,7,4529,4,2534
7288,04/13/2020T14:40:00 ,149492,796,1295,175,211,49,7,4531,4,2533
7289,04/13/2020T14:50:00 ,149488,798,1296,173,212,49,7,4533,4,2535
7290,04/13/2020T15:00:00 ,149487,796,1297,173,212,49,7,4535,4,2534
7291,04/13/2020T15:10:00 ,149485,791,1303,171,212,48,7,4539,4,2532
7292,04/13/2020T15:20:00 ,149483,791,1303,172,212,48,7,4540,4,2533
7293,04/13/2020T15:30:00 ,149483,790,1304,172,211,49,7,4540,4,2533
7294,04/13/2020T15:40:00 ,149481,790,1305,171,213,49,7,4540,4,2535
7295,04/13/2020T15:50:00 ,149481,786,1306,170,215,49,7,4542,4,2533
7296,04/13/2020T16:00:00 ,149478,786,1307,171,215,49,7,4543,4,2535
7297,04/13/2020T16:10:00 ,149475,789,1304,171,215,49,7,4546,4,2535
7298,04/13/2020T16:20:00 ,149474,785,1305,173,213,50,7,4549,4,2533
7299,04/13/2020T16:30:00 ,149474,782,1306,173,214,49,7,4551,4,2531
7300,04/13/2020T16:40:00 ,149473,780,1308,173,214,49,7,4552,4,2531
7301,04/13/2020T16:50:00 ,149472,780,1308,172,215,49,7,4553,4,2531
7302,04/13/2020T17:00:00 ,149468,779,1308,174,213,50,7,4557,4,2531
7303,04/13/2020T17:10:00 ,149468,777,1308,174,213,50,7,4559,4,2529
7304,04/13/2020T17:20:00 ,149464,777,1311,175,213,50,7,4559,4,2533
7305,04/13/2020T17:30:00 ,149463,772,1311,176,213,49,7,4565,4,2528
7306,04/13/2020T17:40:00 ,149460,771,1313,178,213,49,7,4565,4,2531
7307,04/13/2020T17:50:00 ,149460,769,1312,178,213,49,7,4568,4,2528
7308,04/13/2020T18:00:00 ,149460,764,1314,180,213,49,7,4569,4,2527
7309,04/13/2020T18:10:00 ,149460,764,1311,178,215,49,7,4572,4,2524
7310,04/13/2020T18:20:00 ,149459,760,1313,179,213,49,7,4576,4,2521
7311,04/13/2020T18:30:00 ,149458,757,1312,181,213,49,7,4579,4,2519
7312,04/13/2020T18:40:00 ,149457,755,1310,182,213,49,7,4583,4,2516
7313,04/13/2020T18:50:00 ,149456,754,1310,183,213,49,7,4584,4,2516
7314,04/13/2020T19:00:00 ,149456,747,1314,182,215,49,7,4586,4,2514
7315,04/13/2020T19:10:00 ,149456,743,1316,181,216,49,7,4588,4,2512
7316,04/13/2020T19:20:00 ,149453,740,1319,183,216,49,7,4589,4,2514
7317,04/13/2020T19:30:00 ,149450,742,1319,183,216,49,7,4590,4,2516
7318,04/13/2020T19:40:00 ,149449,740,1317,183,215,49,7,4596,4,2511
7319,04/13/2020T19:50:00 ,149447,738,1317,182,217,49,7,4599,4,2510
7320,04/13/2020T20:00:00 ,149447,738,1315,182,216,49,7,4602,4,2507
7321,04/13/2020T20:10:00 ,149446,737,1317,182,216,49,7,4602,4,2508
7322,04/13/2020T20:20:00 ,149443,736,1320,182,216,49,7,4603,4,2510
7323,04/13/2020T20:30:00 ,149439,737,1322,182,216,49,7,4604,4,2513
7324,04/13/2020T20:40:00 ,149438,737,1320,181,217,49,7,4607,4,2511
7325,04/13/2020T20:50:00 ,149434,738,1322,182,217,49,7,4607,4,2515
7326,04/13/2020T21:00:00 ,149434,733,1319,184,218,49,7,4612,4,2510
7327,04/13/2020T21:10:00 ,149432,733,1320,185,217,49,7,4613,4,2511
7328,04/13/2020T21:20:00 ,149431,732,1321,185,216,48,7,4616,4,2509
7329,04/13/2020T21:30:00 ,149428,732,1322,186,216,48,7,4617,4,2511
7330,04/13/2020T21:40:00 ,149427,728,1322,187,217,48,7,4620,4,2509
7331,04/13/2020T21:50:00 ,149426,728,1322,187,216,48,7,4622,4,2508
7332,04/13/2020T22:00:00 ,149426,724,1325,186,218,48,7,4622,4,2508
7333,04/13/2020T22:10:00 ,149425,721,1326,187,218,48,7,4624,4,2507
7334,04/13/2020T22:20:00 ,149423,722,1324,187,218,48,7,4627,4,2506
7335,04/13/2020T22:30:00 ,149422,721,1323,184,220,48,7,4631,4,2503
7336,04/13/2020T22:40:00 ,149422,721,1321,184,220,48,7,4633,4,2501
7337,04/13/2020T22:50:00 ,149421,719,1322,183,220,48,7,4636,4,2499
7338,04/13/2020T23:00:00 ,149421,718,1322,182,221,48,7,4637,4,2498
7339,04/13/2020T23:10:00 ,149420,718,1322,181,222,48,7,4638,4,2498
7340,04/13/2020T23:20:00 ,149418,720,1322,180,223,48,7,4638,4,2500
7341,04/13/2020T23:30:00 ,149418,719,1323,180,223,48,7,4638,4,2500
7342,04/13/2020T23:40:00 ,149418,717,1321,180,223,48,7,4642,4,2496
7343,04/13/2020T23:50:00 ,149418,713,1324,179,224,48,7,4643,4,2495
7344,04/14/2020T00:00:00 ,149418,712,1323,180,224,48,7,4644,4,2494
7345,04/14/2020T00:10:00 ,149416,711,1326,179,225,48,7,4644,4,2496
7346,04/14/2020T00:20:00 ,149415,712,1323,179,225,48,7,4647,4,2494
7347,04/14/2020T00:30:00 ,149415,710,1324,179,224,48,7,4649,4,2492
7348,04/14/2020T00:40:00 ,149415,708,1320,180,224,48,7,4654,4,2487
7349,04/14/2020T00:50:00 ,149414,707,1320,179,223,48,7,4658,4,2484
7350,04/14/2020T01:00:00 ,149414,705,1320,178,224,48,7,4660,4,2482
7351,04/14/2020T01:10:00 ,149414,702,1322,177,225,48,7,4661,4,2481
7352,04/14/2020T01:20:00 ,149414,699,1322,176,226,48,7,4664,4,2478
7353,04/14/2020T01:30:00 ,149414,694,1324,177,226,47,8,4666,4,2476
7354,04/14/2020T01:40:00 ,149414,692,1324,176,227,47,8,4668,4,2474
7355,04/14/2020T01:50:00 ,149414,689,1325,178,227,47,8,4668,4,2474
7356,04/14/2020T02:00:00 ,149414,688,1325,177,228,47,8,4669,4,2473
7357,04/14/2020T02:10:00 ,149414,687,1324,175,230,47,8,4671,4,2471
7358,04/14/2020T02:20:00 ,149414,685,1321,176,230,47,8,4675,4,2467
7359,04/14/2020T02:30:00 ,149414,685,1318,176,230,47,8,4678,4,2464
7360,04/14/2020T02:40:00 ,149414,685,1318,175,231,47,8,4678,4,2464
7361,04/14/2020T02:50:00 ,149413,683,1319,175,232,47,8,4679,4,2464
7362,04/14/2020T03:00:00 ,149412,683,1318,176,232,47,8,4680,4,2464
7363,04/14/2020T03:10:00 ,149412,677,1320,176,233,47,8,4683,4,2461
7364,04/14/2020T03:20:00 ,149412,676,1320,176,231,48,8,4685,4,2459
7365,04/14/2020T03:30:00 ,149412,674,1322,175,231,48,8,4686,4,2458
7366,04/14/2020T03:40:00 ,149412,674,1321,174,231,48,8,4688,4,2456
7367,04/14/2020T03:50:00 ,149410,672,1320,176,231,48,8,4691,4,2455
7368,04/14/2020T04:00:00 ,149410,670,1321,175,232,48,8,4692,4,2454
7369,04/14/2020T04:10:00 ,149410,669,1319,175,231,48,8,4696,4,2450
7370,04/14/2020T04:20:00 ,149410,666,1322,175,231,48,8,4696,4,2450
7371,04/14/2020T04:30:00 ,149408,668,1322,175,231,48,8,4696,4,2452
7372,04/14/2020T04:40:00 ,149408,667,1322,175,230,48,8,4698,4,2450
7373,04/14/2020T04:50:00 ,149408,666,1322,175,229,49,8,4699,4,2449
7374,04/14/2020T05:00:00 ,149408,662,1322,174,228,49,8,4705,4,2443
7375,04/14/2020T05:10:00 ,149407,659,1323,172,229,49,8,4709,4,2440
7376,04/14/2020T05:20:00 ,149407,658,1321,173,229,49,8,4711,4,2438
7377,04/14/2020T05:30:00 ,149405,659,1320,173,228,50,8,4713,4,2438
7378,04/14/2020T05:40:00 ,149405,656,1323,173,228,50,8,4713,4,2438
7379,04/14/2020T05:50:00 ,149404,656,1323,173,228,50,8,4714,4,2438
7380,04/14/2020T06:00:00 ,149404,656,1321,171,230,50,8,4716,4,2436
7381,04/14/2020T06:10:00 ,149404,651,1323,172,230,50,8,4718,4,2434
7382,04/14/2020T06:20:00 ,149403,648,1321,173,229,50,8,4724,4,2429
7383,04/14/2020T06:30:00 ,149402,645,1322,172,231,50,8,4726,4,2428
7384,04/14/2020T06:40:00 ,149402,643,1322,172,231,50,8,4728,4,2426
7385,04/14/2020T06:50:00 ,149402,640,1322,171,232,50,8,4731,4,2423
7386,04/14/2020T07:00:00 ,149401,640,1320,172,232,50,8,4733,4,2422
7387,04/14/2020T07:10:00 ,149398,639,1322,172,232,50,8,4735,4,2423
7388,04/14/2020T07:20:00 ,149398,636,1322,173,232,50,8,4737,4,2421
7389,04/14/2020T07:30:00 ,149396,635,1324,174,232,50,8,4737,4,2423
7390,04/14/2020T07:40:00 ,149393,635,1326,173,232,51,8,4738,4,2425
7391,04/14/2020T07:50:00 ,149389,638,1327,173,231,51,8,4739,4,2428
7392,04/14/2020T08:00:00 ,149387,640,1327,173,231,51,8,4739,4,2430
7393,04/14/2020T08:10:00 ,149378,648,1326,172,230,51,8,4743,4,2435
7394,04/14/2020T08:20:00 ,149375,650,1326,171,231,51,8,4744,4,2437
7395,04/14/2020T08:30:00 ,149368,657,1324,171,231,51,8,4746,4,2442
7396,04/14/2020T08:40:00 ,149360,661,1328,169,233,51,8,4746,4,2450
7397,04/14/2020T08:50:00 ,149348,672,1329,169,233,51,8,4746,4,2462
7398,04/14/2020T09:00:00 ,149342,676,1331,168,232,51,8,4748,4,2466
7399,04/14/2020T09:10:00 ,149327,687,1332,170,231,51,8,4750,4,2479
7400,04/14/2020T09:20:00 ,149319,694,1332,168,233,51,8,4751,4,2486
7401,04/14/2020T09:30:00 ,149311,701,1331,168,233,51,8,4753,4,2492
7402,04/14/2020T09:40:00 ,149299,712,1331,168,232,51,8,4755,4,2502
7403,04/14/2020T09:50:00 ,149287,723,1330,167,233,51,8,4757,4,2512
7404,04/14/2020T10:00:00 ,149274,736,1329,166,233,52,8,4758,4,2524
7405,04/14/2020T10:10:00 ,149262,748,1327,166,233,52,8,4760,4,2534
7406,04/14/2020T10:20:00 ,149249,761,1324,165,234,52,8,4763,4,2544
7407,04/14/2020T10:30:00 ,149238,770,1324,166,234,52,8,4764,4,2554
7408,04/14/2020T10:40:00 ,149226,780,1324,164,236,52,8,4766,4,2564
7409,04/14/2020T10:50:00 ,149211,793,1322,165,235,52,8,4770,4,2575
7410,04/14/2020T11:00:00 ,149202,799,1323,164,237,52,8,4771,4,2583
7411,04/14/2020T11:10:00 ,149192,809,1322,164,237,52,8,4772,4,2592
7412,04/14/2020T11:20:00 ,149178,816,1323,167,237,52,8,4775,4,2603
7413,04/14/2020T11:30:00 ,149165,827,1324,165,238,52,8,4777,4,2614
7414,04/14/2020T11:40:00 ,149150,838,1327,165,238,52,8,4778,4,2628
7415,04/14/2020T11:50:00 ,149140,846,1328,164,239,52,8,4779,4,2637
7416,04/14/2020T12:00:00 ,149130,856,1326,164,239,52,8,4781,4,2645
7417,04/14/2020T12:10:00 ,149117,865,1328,163,240,52,8,4783,4,2656
7418,04/14/2020T12:20:00 ,149115,867,1328,162,239,52,8,4785,4,2656
7419,04/14/2020T12:30:00 ,149108,871,1327,161,240,52,8,4789,4,2659
7420,04/14/2020T12:40:00 ,149092,886,1326,160,241,52,8,4791,4,2673
7421,04/14/2020T12:50:00 ,149080,895,1326,159,242,52,8,4794,4,2682
7422,04/14/2020T13:00:00 ,149076,897,1326,159,242,52,8,4796,4,2684
7423,04/14/2020T13:10:00 ,149067,906,1326,159,242,52,8,4796,4,2693
7424,04/14/2020T13:20:00 ,149058,912,1327,160,242,52,8,4797,4,2701
7425,04/14/2020T13:30:00 ,149045,924,1325,160,242,52,8,4800,4,2711
7426,04/14/2020T13:40:00 ,149039,928,1325,160,243,52,8,4801,4,2716
7427,04/14/2020T13:50:00 ,149027,939,1324,160,241,52,8,4805,4,2724
7428,04/14/2020T14:00:00 ,149017,948,1324,159,241,52,8,4807,4,2732
7429,04/14/2020T14:10:00 ,149010,954,1323,159,240,52,8,4810,4,2736
7430,04/14/2020T14:20:00 ,149001,961,1322,160,240,52,8,4812,4,2743
7431,04/14/2020T14:30:00 ,148988,972,1322,161,239,52,8,4814,4,2754
7432,04/14/2020T14:40:00 ,148975,985,1320,161,238,53,8,4816,4,2765
7433,04/14/2020T14:50:00 ,148965,993,1321,161,238,53,8,4817,4,2774
7434,04/14/2020T15:00:00 ,148955,1002,1319,161,238,53,8,4820,4,2781
7435,04/14/2020T15:10:00 ,148945,1008,1320,162,238,53,8,4822,4,2789
7436,04/14/2020T15:20:00 ,148935,1016,1319,163,237,53,8,4825,4,2796
7437,04/14/2020T15:30:00 ,148926,1024,1320,161,238,53,8,4826,4,2804
7438,04/14/2020T15:40:00 ,148923,1027,1318,160,239,53,8,4828,4,2805
7439,04/14/2020T15:50:00 ,148918,1029,1318,160,239,53,8,4831,4,2807
7440,04/14/2020T16:00:00 ,148910,1034,1319,158,241,53,8,4833,4,2813
7441,04/14/2020T16:10:00 ,148906,1037,1319,157,242,53,8,4834,4,2816
7442,04/14/2020T16:20:00 ,148894,1048,1319,156,243,53,8,4835,4,2827
7443,04/14/2020T16:30:00 ,148888,1050,1323,156,243,53,8,4835,4,2833
7444,04/14/2020T16:40:00 ,148882,1052,1321,159,243,53,8,4838,4,2836
7445,04/14/2020T16:50:00 ,148872,1061,1319,160,242,54,8,4840,4,2844
7446,04/14/2020T17:00:00 ,148867,1064,1317,162,242,53,8,4843,4,2846
7447,04/14/2020T17:10:00 ,148862,1068,1317,162,242,53,8,4844,4,2850
7448,04/14/2020T17:20:00 ,148860,1067,1318,162,240,53,8,4848,4,2848
7449,04/14/2020T17:30:00 ,148859,1066,1320,160,241,53,8,4849,4,2848
7450,04/14/2020T17:40:00 ,148858,1064,1321,158,241,53,8,4853,4,2845
7451,04/14/2020T17:50:00 ,148854,1066,1323,156,243,53,8,4853,4,2849
7452,04/14/2020T18:00:00 ,148853,1066,1323,156,243,53,8,4854,4,2849
7453,04/14/2020T18:10:00 ,148853,1065,1321,155,245,53,8,4856,4,2847
7454,04/14/2020T18:20:00 ,148852,1064,1322,155,244,53,8,4858,4,2846
7455,04/14/2020T18:30:00 ,148852,1064,1321,154,244,53,8,4860,4,2844
7456,04/14/2020T18:40:00 ,148852,1064,1319,152,245,54,8,4862,4,2842
7457,04/14/2020T18:50:00 ,148852,1062,1318,153,244,54,8,4865,4,2839
7458,04/14/2020T19:00:00 ,148852,1061,1318,152,245,54,8,4866,4,2838
7459,04/14/2020T19:10:00 ,148850,1061,1319,152,244,54,8,4868,4,2838
7460,04/14/2020T19:20:00 ,148850,1061,1316,152,244,54,8,4871,4,2835
7461,04/14/2020T19:30:00 ,148848,1061,1315,153,245,54,8,4872,4,2836
7462,04/14/2020T19:40:00 ,148847,1062,1312,152,246,54,8,4875,4,2834
7463,04/14/2020T19:50:00 ,148846,1063,1310,152,246,54,8,4877,4,2833
7464,04/14/2020T20:00:00 ,148844,1064,1310,150,248,54,8,4878,4,2834
7465,04/14/2020T20:10:00 ,148844,1063,1308,150,248,54,8,4881,4,2831
7466,04/14/2020T20:20:00 ,148843,1062,1309,151,248,54,8,4881,4,2832
7467,04/14/2020T20:30:00 ,148842,1063,1309,151,248,54,8,4881,4,2833
7468,04/14/2020T20:40:00 ,148839,1063,1310,152,247,54,8,4883,4,2834
7469,04/14/2020T20:50:00 ,148839,1058,1312,152,247,54,8,4886,4,2831
7470,04/14/2020T21:00:00 ,148839,1058,1308,151,248,54,8,4890,4,2827
7471,04/14/2020T21:10:00 ,148838,1057,1309,151,247,54,8,4892,4,2826
7472,04/14/2020T21:20:00 ,148835,1058,1311,150,248,54,8,4892,4,2829
7473,04/14/2020T21:30:00 ,148834,1055,1312,150,249,54,8,4894,4,2828
7474,04/14/2020T21:40:00 ,148833,1054,1314,150,248,54,8,4895,4,2828
7475,04/14/2020T21:50:00 ,148833,1051,1316,149,249,54,8,4896,4,2827
7476,04/14/2020T22:00:00 ,148832,1050,1316,148,249,54,8,4899,4,2825
7477,04/14/2020T22:10:00 ,148832,1046,1316,149,248,54,8,4903,4,2821
7478,04/14/2020T22:20:00 ,148832,1045,1314,150,247,54,8,4906,4,2818
7479,04/14/2020T22:30:00 ,148832,1044,1315,149,248,54,8,4906,4,2818
7480,04/14/2020T22:40:00 ,148831,1042,1317,149,247,54,8,4908,4,2817
7481,04/14/2020T22:50:00 ,148831,1041,1314,150,247,54,8,4911,4,2814
7482,04/14/2020T23:00:00 ,148831,1040,1313,150,246,54,8,4914,4,2811
7483,04/14/2020T23:10:00 ,148830,1041,1312,147,248,54,8,4916,4,2810
7484,04/14/2020T23:20:00 ,148829,1040,1313,147,248,54,8,4917,4,2810
7485,04/14/2020T23:30:00 ,148829,1039,1313,148,247,55,8,4917,4,2810
7486,04/14/2020T23:40:00 ,148829,1038,1314,148,247,55,8,4917,4,2810
7487,04/14/2020T23:50:00 ,148828,1036,1316,148,248,55,8,4917,4,2811
7488,04/15/2020T00:00:00 ,148827,1035,1317,148,247,55,8,4919,4,2810
7489,04/15/2020T00:10:00 ,148827,1032,1318,148,247,55,8,4921,4,2808
7490,04/15/2020T00:20:00 ,148825,1032,1317,147,247,55,8,4925,4,2806
7491,04/15/2020T00:30:00 ,148825,1028,1319,146,248,55,8,4927,4,2804
7492,04/15/2020T00:40:00 ,148823,1027,1321,146,247,55,8,4929,4,2804
7493,04/15/2020T00:50:00 ,148822,1027,1320,145,248,55,8,4931,4,2803
7494,04/15/2020T01:00:00 ,148822,1022,1323,144,248,55,8,4934,4,2800
7495,04/15/2020T01:10:00 ,148820,1023,1323,145,248,55,8,4934,4,2802
7496,04/15/2020T01:20:00 ,148819,1024,1321,145,248,55,8,4936,4,2801
7497,04/15/2020T01:30:00 ,148819,1023,1322,144,247,55,8,4938,4,2799
7498,04/15/2020T01:40:00 ,148819,1021,1323,143,246,55,8,4941,4,2796
7499,04/15/2020T01:50:00 ,148818,1021,1323,142,246,55,8,4943,4,2795
7500,04/15/2020T02:00:00 ,148817,1021,1322,143,246,55,8,4944,4,2795
7501,04/15/2020T02:10:00 ,148816,1021,1320,143,246,55,8,4947,4,2793
7502,04/15/2020T02:20:00 ,148816,1020,1320,142,246,55,8,4949,4,2791
7503,04/15/2020T02:30:00 ,148816,1020,1319,142,246,55,8,4950,4,2790
7504,04/15/2020T02:40:00 ,148814,1022,1317,142,246,55,8,4952,4,2790
7505,04/15/2020T02:50:00 ,148813,1020,1316,142,246,55,8,4956,4,2787
7506,04/15/2020T03:00:00 ,148813,1018,1316,139,249,55,8,4958,4,2785
7507,04/15/2020T03:10:00 ,148813,1016,1312,139,248,55,8,4965,4,2778
7508,04/15/2020T03:20:00 ,148812,1014,1313,139,248,55,8,4967,4,2777
7509,04/15/2020T03:30:00 ,148812,1011,1314,141,247,56,8,4967,4,2777
7510,04/15/2020T03:40:00 ,148811,1011,1314,140,248,56,8,4968,4,2777
7511,04/15/2020T03:50:00 ,148810,1011,1314,141,248,56,8,4968,4,2778
7512,04/15/2020T04:00:00 ,148810,1010,1311,141,248,56,8,4972,4,2774
7513,04/15/2020T04:10:00 ,148810,1008,1311,141,248,56,8,4974,4,2772
7514,04/15/2020T04:20:00 ,148808,1009,1308,140,249,56,8,4978,4,2770
7515,04/15/2020T04:30:00 ,148808,1007,1307,139,250,56,8,4981,4,2767
7516,04/15/2020T04:40:00 ,148807,1006,1308,138,251,56,8,4982,4,2767
7517,04/15/2020T04:50:00 ,148807,1001,1309,139,252,56,8,4984,4,2765
7518,04/15/2020T05:00:00 ,148807,999,1311,138,253,56,8,4984,4,2765
7519,04/15/2020T05:10:00 ,148806,999,1309,138,253,56,8,4987,4,2763
7520,04/15/2020T05:20:00 ,148806,997,1309,136,255,56,8,4989,4,2761
7521,04/15/2020T05:30:00 ,148805,998,1308,136,251,56,8,4994,4,2757
7522,04/15/2020T05:40:00 ,148805,996,1307,138,250,56,8,4996,4,2755
7523,04/15/2020T05:50:00 ,148804,996,1304,138,250,56,8,5000,4,2752
7524,04/15/2020T06:00:00 ,148804,995,1302,139,250,56,8,5002,4,2750
7525,04/15/2020T06:10:00 ,148803,995,1301,139,249,57,8,5004,4,2749
7526,04/15/2020T06:20:00 ,148802,995,1300,139,249,57,8,5006,4,2748
7527,04/15/2020T06:30:00 ,148802,995,1299,139,249,57,8,5007,4,2747
7528,04/15/2020T06:40:00 ,148802,994,1295,137,251,57,8,5012,4,2742
7529,04/15/2020T06:50:00 ,148800,995,1295,137,250,57,8,5014,4,2742
7530,04/15/2020T07:00:00 ,148800,995,1293,137,250,57,8,5016,4,2740
7531,04/15/2020T07:10:00 ,148800,994,1293,137,250,57,8,5017,4,2739
7532,04/15/2020T07:20:00 ,148799,994,1293,137,248,57,8,5020,4,2737
7533,04/15/2020T07:30:00 ,148796,997,1292,137,247,57,8,5022,4,2738
7534,04/15/2020T07:40:00 ,148794,997,1293,137,246,57,8,5024,4,2738
7535,04/15/2020T07:50:00 ,148792,996,1295,136,247,57,8,5025,4,2739
7536,04/15/2020T08:00:00 ,148790,997,1295,135,248,57,8,5026,4,2740
7537,04/15/2020T08:10:00 ,148784,1001,1294,135,246,57,8,5031,4,2741
7538,04/15/2020T08:20:00 ,148780,1004,1293,135,244,57,8,5035,4,2741
7539,04/15/2020T08:30:00 ,148777,1005,1293,135,244,57,8,5037,4,2742
7540,04/15/2020T08:40:00 ,148770,1006,1296,134,246,57,8,5039,4,2747
7541,04/15/2020T08:50:00 ,148760,1014,1295,134,246,57,8,5042,4,2754
7542,04/15/2020T09:00:00 ,148754,1017,1295,135,245,57,8,5045,4,2757
7543,04/15/2020T09:10:00 ,148736,1034,1293,134,246,56,8,5049,4,2771
7544,04/15/2020T09:20:00 ,148734,1034,1294,133,246,56,8,5051,4,2771
7545,04/15/2020T09:30:00 ,148729,1037,1293,133,246,56,8,5054,4,2773
7546,04/15/2020T09:40:00 ,148714,1052,1292,133,245,56,8,5056,4,2786
7547,04/15/2020T09:50:00 ,148705,1057,1293,133,245,56,8,5059,4,2792
7548,04/15/2020T10:00:00 ,148696,1064,1292,133,245,56,8,5062,4,2798
7549,04/15/2020T10:10:00 ,148688,1070,1293,134,245,56,8,5062,4,2806
7550,04/15/2020T10:20:00 ,148680,1078,1290,133,246,56,8,5065,4,2811
7551,04/15/2020T10:30:00 ,148671,1085,1291,134,244,56,8,5067,4,2818
7552,04/15/2020T10:40:00 ,148658,1096,1289,134,244,56,8,5071,4,2827
7553,04/15/2020T10:50:00 ,148646,1107,1288,133,244,56,8,5074,4,2836
7554,04/15/2020T11:00:00 ,148637,1115,1287,132,245,56,8,5076,4,2843
7555,04/15/2020T11:10:00 ,148631,1120,1284,132,243,56,8,5082,4,2843
7556,04/15/2020T11:20:00 ,148619,1130,1282,129,246,56,8,5086,4,2851
7557,04/15/2020T11:30:00 ,148614,1135,1282,128,246,56,8,5087,4,2855
7558,04/15/2020T11:40:00 ,148606,1141,1280,127,248,56,8,5090,4,2860
7559,04/15/2020T11:50:00 ,148597,1145,1284,126,249,56,8,5091,4,2868
7560,04/15/2020T12:00:00 ,148589,1151,1285,126,249,56,8,5092,4,2875
7561,04/15/2020T12:10:00 ,148586,1153,1285,126,248,56,8,5094,4,2876
7562,04/15/2020T12:20:00 ,148583,1154,1282,126,247,56,8,5100,4,2873
7563,04/15/2020T12:30:00 ,148577,1158,1281,125,248,56,8,5103,4,2876
7564,04/15/2020T12:40:00 ,148570,1164,1281,124,248,56,8,5105,4,2881
7565,04/15/2020T12:50:00 ,148560,1174,1280,123,249,56,8,5106,4,2890
7566,04/15/2020T13:00:00 ,148558,1176,1280,123,248,56,8,5107,4,2891
7567,04/15/2020T13:10:00 ,148556,1174,1282,123,248,56,8,5109,4,2891
7568,04/15/2020T13:20:00 ,148552,1175,1282,123,249,56,8,5111,4,2893
7569,04/15/2020T13:30:00 ,148547,1179,1283,122,250,56,8,5111,4,2898
7570,04/15/2020T13:40:00 ,148540,1186,1282,121,251,56,8,5112,4,2904
7571,04/15/2020T13:50:00 ,148535,1188,1283,121,250,57,8,5114,4,2907
7572,04/15/2020T14:00:00 ,148527,1195,1283,119,250,57,8,5117,4,2912
7573,04/15/2020T14:10:00 ,148519,1202,1283,118,249,58,8,5119,4,2918
7574,04/15/2020T14:20:00 ,148510,1206,1286,118,250,58,8,5120,4,2926
7575,04/15/2020T14:30:00 ,148502,1212,1284,120,250,58,8,5122,4,2932
7576,04/15/2020T14:40:00 ,148490,1223,1284,120,250,58,8,5123,4,2943
7577,04/15/2020T14:50:00 ,148479,1229,1287,121,250,58,8,5124,4,2953
7578,04/15/2020T15:00:00 ,148472,1234,1288,121,249,58,8,5126,4,2958
7579,04/15/2020T15:10:00 ,148466,1238,1290,120,248,59,8,5127,4,2963
7580,04/15/2020T15:20:00 ,148458,1243,1291,122,247,59,8,5128,4,2970
7581,04/15/2020T15:30:00 ,148453,1247,1291,122,247,59,8,5129,4,2974
7582,04/15/2020T15:40:00 ,148441,1258,1289,122,246,59,8,5133,4,2982
7583,04/15/2020T15:50:00 ,148430,1268,1290,122,244,59,8,5135,4,2991
7584,04/15/2020T16:00:00 ,148425,1271,1288,123,243,59,8,5139,4,2992
7585,04/15/2020T16:10:00 ,148417,1274,1291,123,242,59,8,5142,4,2997
7586,04/15/2020T16:20:00 ,148410,1279,1291,122,242,60,7,5145,4,3001
7587,04/15/2020T16:30:00 ,148402,1283,1293,123,242,60,7,5146,4,3008
7588,04/15/2020T16:40:00 ,148394,1288,1295,124,242,60,7,5146,4,3016
7589,04/15/2020T16:50:00 ,148388,1293,1291,123,243,60,7,5151,4,3017
7590,04/15/2020T17:00:00 ,148386,1293,1291,123,242,60,7,5154,4,3016
7591,04/15/2020T17:10:00 ,148380,1294,1292,124,242,60,7,5157,4,3019
7592,04/15/2020T17:20:00 ,148379,1295,1289,124,242,60,7,5160,4,3017
7593,04/15/2020T17:30:00 ,148379,1295,1288,123,243,60,7,5161,4,3016
7594,04/15/2020T17:40:00 ,148376,1295,1291,123,243,60,7,5161,4,3019
7595,04/15/2020T17:50:00 ,148375,1292,1295,122,243,61,7,5161,4,3020
7596,04/15/2020T18:00:00 ,148374,1290,1297,122,242,61,7,5163,4,3019
7597,04/15/2020T18:10:00 ,148372,1289,1295,123,241,60,7,5169,4,3015
7598,04/15/2020T18:20:00 ,148370,1289,1295,124,241,60,7,5170,4,3016
7599,04/15/2020T18:30:00 ,148370,1289,1295,124,241,60,7,5170,4,3016
7600,04/15/2020T18:40:00 ,148369,1288,1294,124,241,59,7,5174,4,3013
7601,04/15/2020T18:50:00 ,148368,1286,1296,124,242,59,7,5174,4,3014
7602,04/15/2020T19:00:00 ,148366,1286,1296,123,243,59,7,5176,4,3014
7603,04/15/2020T19:10:00 ,148366,1285,1295,124,241,59,7,5179,4,3011
7604,04/15/2020T19:20:00 ,148366,1280,1298,124,241,59,7,5181,4,3009
7605,04/15/2020T19:30:00 ,148366,1277,1298,124,240,59,7,5185,4,3005
7606,04/15/2020T19:40:00 ,148366,1276,1297,123,241,59,7,5187,4,3003
7607,04/15/2020T19:50:00 ,148365,1274,1296,124,241,58,7,5191,4,3000
7608,04/15/2020T20:00:00 ,148365,1268,1300,124,243,58,7,5191,4,3000
7609,04/15/2020T20:10:00 ,148364,1267,1299,124,244,58,7,5193,4,2999
7610,04/15/2020T20:20:00 ,148363,1264,1298,126,243,58,7,5197,4,2996
7611,04/15/2020T20:30:00 ,148363,1260,1298,127,243,58,7,5200,4,2993
7612,04/15/2020T20:40:00 ,148360,1260,1298,128,243,58,7,5202,4,2994
7613,04/15/2020T20:50:00 ,148359,1259,1298,128,242,58,7,5205,4,2992
7614,04/15/2020T21:00:00 ,148358,1258,1300,128,242,58,7,5205,4,2993
7615,04/15/2020T21:10:00 ,148356,1259,1298,129,240,58,7,5209,4,2991
7616,04/15/2020T21:20:00 ,148355,1256,1298,130,239,58,7,5213,4,2988
7617,04/15/2020T21:30:00 ,148352,1258,1299,130,238,58,7,5214,4,2990
7618,04/15/2020T21:40:00 ,148352,1255,1300,130,239,58,7,5215,4,2989
7619,04/15/2020T21:50:00 ,148351,1253,1300,131,239,58,7,5217,4,2988
7620,04/15/2020T22:00:00 ,148351,1251,1300,131,239,58,7,5219,4,2986
7621,04/15/2020T22:10:00 ,148351,1248,1296,132,238,58,7,5226,4,2979
7622,04/15/2020T22:20:00 ,148351,1247,1294,132,238,58,7,5229,4,2976
7623,04/15/2020T22:30:00 ,148350,1245,1292,131,238,58,7,5235,4,2971
7624,04/15/2020T22:40:00 ,148350,1244,1292,129,240,58,7,5236,4,2970
7625,04/15/2020T22:50:00 ,148349,1243,1294,129,239,58,7,5237,4,2970
7626,04/15/2020T23:00:00 ,148349,1243,1292,129,238,58,7,5240,4,2967
7627,04/15/2020T23:10:00 ,148349,1242,1292,127,240,58,7,5241,4,2966
7628,04/15/2020T23:20:00 ,148349,1240,1292,126,240,59,7,5243,4,2964
7629,04/15/2020T23:30:00 ,148349,1239,1292,125,240,59,7,5245,4,2962
7630,04/15/2020T23:40:00 ,148349,1235,1294,125,241,59,7,5246,4,2961
7631,04/15/2020T23:50:00 ,148349,1233,1293,124,242,59,7,5249,4,2958
7632,04/16/2020T00:00:00 ,148349,1230,1293,123,244,59,7,5251,4,2956
7633,04/16/2020T00:10:00 ,148347,1228,1291,126,244,59,7,5254,4,2955
7634,04/16/2020T00:20:00 ,148346,1225,1293,127,244,59,7,5255,4,2955
7635,04/16/2020T00:30:00 ,148346,1225,1290,127,242,59,7,5260,4,2950
7636,04/16/2020T00:40:00 ,148346,1224,1288,127,242,59,7,5263,4,2947
7637,04/16/2020T00:50:00 ,148346,1222,1286,127,242,59,7,5267,4,2943
7638,04/16/2020T01:00:00 ,148345,1217,1289,128,242,59,7,5269,4,2942
7639,04/16/2020T01:10:00 ,148345,1215,1289,128,242,59,7,5271,4,2940
7640,04/16/2020T01:20:00 ,148345,1214,1288,127,241,59,7,5275,4,2936
7641,04/16/2020T01:30:00 ,148344,1213,1290,127,241,59,7,5275,4,2937
7642,04/16/2020T01:40:00 ,148344,1209,1293,128,241,59,7,5275,4,2937
7643,04/16/2020T01:50:00 ,148343,1208,1295,128,241,59,7,5275,4,2938
7644,04/16/2020T02:00:00 ,148341,1208,1295,129,241,59,7,5276,4,2939
7645,04/16/2020T02:10:00 ,148340,1208,1294,128,242,58,7,5279,4,2937
7646,04/16/2020T02:20:00 ,148340,1205,1296,129,242,58,7,5279,4,2937
7647,04/16/2020T02:30:00 ,148340,1199,1299,128,242,59,7,5282,4,2934
7648,04/16/2020T02:40:00 ,148340,1198,1298,128,241,60,7,5284,4,2932
7649,04/16/2020T02:50:00 ,148338,1199,1298,128,240,60,7,5286,4,2932
7650,04/16/2020T03:00:00 ,148338,1196,1298,129,240,60,7,5288,4,2930
7651,04/16/2020T03:10:00 ,148338,1195,1298,129,239,60,7,5290,4,2928
7652,04/16/2020T03:20:00 ,148338,1193,1298,129,237,60,7,5294,4,2924
7653,04/16/2020T03:30:00 ,148338,1191,1296,129,237,60,7,5298,4,2920
7654,04/16/2020T03:40:00 ,148338,1190,1296,128,238,60,7,5299,4,2919
7655,04/16/2020T03:50:00 ,148336,1189,1298,128,238,60,7,5300,4,2920
7656,04/16/2020T04:00:00 ,148336,1186,1298,128,237,60,7,5304,4,2916
7657,04/16/2020T04:10:00 ,148336,1184,1299,129,236,60,7,5305,4,2915
7658,04/16/2020T04:20:00 ,148336,1180,1295,132,235,61,7,5310,4,2910
7659,04/16/2020T04:30:00 ,148336,1177,1296,132,236,61,7,5311,4,2909
7660,04/16/2020T04:40:00 ,148335,1175,1297,131,238,61,7,5312,4,2909
7661,04/16/2020T04:50:00 ,148334,1173,1299,132,237,61,7,5313,4,2909
7662,04/16/2020T05:00:00 ,148332,1173,1298,134,237,61,7,5314,4,2910
7663,04/16/2020T05:10:00 ,148332,1170,1299,136,236,61,7,5315,4,2909
7664,04/16/2020T05:20:00 ,148332,1167,1297,136,236,61,7,5320,4,2904
7665,04/16/2020T05:30:00 ,148332,1165,1298,136,235,61,7,5322,4,2902
7666,04/16/2020T05:40:00 ,148332,1163,1297,137,235,61,7,5324,4,2900
7667,04/16/2020T05:50:00 ,148331,1162,1297,137,235,61,7,5326,4,2899
7668,04/16/2020T06:00:00 ,148331,1161,1296,138,235,61,7,5327,4,2898
7669,04/16/2020T06:10:00 ,148330,1160,1295,138,235,61,7,5330,4,2896
7670,04/16/2020T06:20:00 ,148329,1158,1296,138,234,61,7,5333,4,2894
7671,04/16/2020T06:30:00 ,148329,1156,1294,138,234,61,7,5337,4,2890
7672,04/16/2020T06:40:00 ,148329,1154,1295,138,234,61,7,5338,4,2889
7673,04/16/2020T06:50:00 ,148329,1151,1294,139,233,61,7,5342,4,2885
7674,04/16/2020T07:00:00 ,148329,1147,1293,141,233,61,7,5345,4,2882
7675,04/16/2020T07:10:00 ,148327,1149,1292,139,233,61,7,5348,4,2881
7676,04/16/2020T07:20:00 ,148324,1144,1296,141,234,61,7,5349,4,2883
7677,04/16/2020T07:30:00 ,148323,1141,1297,141,233,61,7,5353,4,2880
7678,04/16/2020T07:40:00 ,148322,1141,1294,141,231,61,7,5359,4,2875
7679,04/16/2020T07:50:00 ,148320,1141,1295,140,232,61,7,5360,4,2876
7680,04/16/2020T08:00:00 ,148314,1147,1295,140,232,61,7,5360,4,2882
7681,04/16/2020T08:10:00 ,148305,1156,1293,139,230,61,7,5365,4,2886
7682,04/16/2020T08:20:00 ,148299,1158,1295,139,230,61,7,5367,4,2890
7683,04/16/2020T08:30:00 ,148295,1162,1293,138,231,61,7,5369,4,2892
7684,04/16/2020T08:40:00 ,148289,1165,1292,139,230,61,7,5373,4,2894
7685,04/16/2020T08:50:00 ,148282,1171,1290,137,232,61,7,5376,4,2898
7686,04/16/2020T09:00:00 ,148273,1177,1289,139,231,61,7,5379,4,2904
7687,04/16/2020T09:10:00 ,148268,1177,1293,139,231,61,7,5380,4,2908
7688,04/16/2020T09:20:00 ,148260,1180,1293,140,231,61,7,5384,4,2912
7689,04/16/2020T09:30:00 ,148253,1184,1295,140,232,61,7,5384,4,2919
7690,04/16/2020T09:40:00 ,148246,1191,1292,140,232,61,7,5387,4,2923
7691,04/16/2020T09:50:00 ,148240,1195,1292,140,231,61,7,5390,4,2926
7692,04/16/2020T10:00:00 ,148232,1201,1290,141,230,61,7,5394,4,2930
7693,04/16/2020T10:10:00 ,148222,1208,1289,142,230,61,7,5397,4,2937
7694,04/16/2020T10:20:00 ,148215,1212,1290,142,231,61,7,5398,4,2943
7695,04/16/2020T10:30:00 ,148205,1222,1289,141,232,61,7,5399,4,2952
7696,04/16/2020T10:40:00 ,148200,1224,1287,143,232,61,7,5402,4,2954
7697,04/16/2020T10:50:00 ,148193,1228,1288,142,234,61,7,5403,4,2960
7698,04/16/2020T11:00:00 ,148182,1236,1289,141,235,61,7,5405,4,2969
7699,04/16/2020T11:10:00 ,148173,1244,1289,140,236,61,7,5406,4,2977
7700,04/16/2020T11:20:00 ,148166,1247,1290,141,236,61,7,5408,4,2982
7701,04/16/2020T11:30:00 ,148155,1252,1294,140,239,61,7,5408,4,2993
7702,04/16/2020T11:40:00 ,148146,1260,1294,140,239,61,7,5409,4,3001
7703,04/16/2020T11:50:00 ,148139,1264,1295,140,239,61,7,5411,4,3006
7704,04/16/2020T12:00:00 ,148132,1267,1298,139,239,61,7,5413,4,3011
7705,04/16/2020T12:10:00 ,148129,1266,1296,140,239,61,7,5418,4,3009
7706,04/16/2020T12:20:00 ,148125,1270,1293,139,240,61,7,5421,4,3010
7707,04/16/2020T12:30:00 ,148118,1274,1292,139,241,61,7,5424,4,3014
7708,04/16/2020T12:40:00 ,148116,1274,1293,139,241,61,7,5425,4,3015
7709,04/16/2020T12:50:00 ,148111,1277,1294,139,240,61,7,5427,4,3018
7710,04/16/2020T13:00:00 ,148104,1284,1294,138,240,61,7,5428,4,3024
7711,04/16/2020T13:10:00 ,148099,1288,1291,139,239,61,7,5432,4,3025
7712,04/16/2020T13:20:00 ,148092,1293,1289,138,240,61,7,5436,4,3028
7713,04/16/2020T13:30:00 ,148087,1295,1290,138,241,61,7,5437,4,3032
7714,04/16/2020T13:40:00 ,148082,1296,1292,138,240,61,7,5440,4,3034
7715,04/16/2020T13:50:00 ,148073,1300,1294,138,240,61,7,5443,4,3040
7716,04/16/2020T14:00:00 ,148066,1306,1293,138,240,61,7,5445,4,3045
7717,04/16/2020T14:10:00 ,148058,1312,1293,137,241,61,7,5447,4,3051
7718,04/16/2020T14:20:00 ,148051,1318,1290,136,241,61,7,5452,4,3053
7719,04/16/2020T14:30:00 ,148041,1324,1290,138,241,61,7,5454,4,3061
7720,04/16/2020T14:40:00 ,148034,1329,1289,139,240,61,7,5457,4,3065
7721,04/16/2020T14:50:00 ,148029,1332,1286,140,240,61,7,5461,4,3066
7722,04/16/2020T15:00:00 ,148020,1338,1284,140,240,61,7,5466,4,3070
7723,04/16/2020T15:10:00 ,148015,1341,1284,140,239,61,7,5469,4,3072
7724,04/16/2020T15:20:00 ,148012,1341,1285,140,239,61,7,5471,4,3073
7725,04/16/2020T15:30:00 ,148004,1348,1285,139,239,62,7,5472,4,3080
7726,04/16/2020T15:40:00 ,147998,1351,1288,139,238,62,7,5473,4,3085
7727,04/16/2020T15:50:00 ,147991,1355,1286,140,236,63,6,5479,4,3086
7728,04/16/2020T16:00:00 ,147989,1355,1286,140,236,63,6,5481,4,3086
7729,04/16/2020T16:10:00 ,147984,1357,1286,141,236,63,6,5483,4,3089
7730,04/16/2020T16:20:00 ,147977,1360,1287,141,235,63,6,5487,4,3092
7731,04/16/2020T16:30:00 ,147971,1364,1284,142,235,63,6,5491,4,3094
7732,04/16/2020T16:40:00 ,147966,1366,1285,143,236,63,6,5491,4,3099
7733,04/16/2020T16:50:00 ,147963,1368,1280,144,236,63,6,5496,4,3097
7734,04/16/2020T17:00:00 ,147959,1369,1282,144,235,63,6,5498,4,3099
7735,04/16/2020T17:10:00 ,147950,1372,1286,143,237,63,6,5499,4,3107
7736,04/16/2020T17:20:00 ,147946,1371,1283,145,236,63,6,5506,4,3104
7737,04/16/2020T17:30:00 ,147943,1373,1282,145,236,63,6,5508,4,3105
7738,04/16/2020T17:40:00 ,147942,1374,1278,144,236,63,6,5513,4,3101
7739,04/16/2020T17:50:00 ,147940,1373,1279,144,237,63,6,5514,4,3102
7740,04/16/2020T18:00:00 ,147939,1368,1283,145,237,62,6,5516,4,3101
7741,04/16/2020T18:10:00 ,147938,1367,1281,146,236,61,6,5521,4,3097
7742,04/16/2020T18:20:00 ,147936,1368,1281,145,237,61,6,5522,4,3098
7743,04/16/2020T18:30:00 ,147935,1368,1279,144,237,61,6,5526,4,3095
7744,04/16/2020T18:40:00 ,147933,1365,1282,144,238,61,6,5527,4,3096
7745,04/16/2020T18:50:00 ,147931,1365,1282,144,237,61,6,5530,4,3095
7746,04/16/2020T19:00:00 ,147929,1365,1280,145,236,61,6,5534,4,3093
7747,04/16/2020T19:10:00 ,147928,1364,1277,146,235,61,6,5539,4,3089
7748,04/16/2020T19:20:00 ,147928,1363,1275,146,235,61,6,5542,4,3086
7749,04/16/2020T19:30:00 ,147928,1361,1275,147,235,61,6,5543,4,3085
7750,04/16/2020T19:40:00 ,147927,1359,1275,147,235,61,6,5546,4,3083
7751,04/16/2020T19:50:00 ,147927,1357,1275,147,234,61,6,5549,4,3080
7752,04/16/2020T20:00:00 ,147927,1353,1278,148,234,61,6,5549,4,3080
7753,04/16/2020T20:10:00 ,147926,1352,1279,148,234,61,6,5550,4,3080
7754,04/16/2020T20:20:00 ,147923,1353,1280,147,235,61,6,5551,4,3082
7755,04/16/2020T20:30:00 ,147921,1353,1281,148,234,61,6,5552,4,3083
7756,04/16/2020T20:40:00 ,147921,1353,1281,147,235,61,6,5552,4,3083
7757,04/16/2020T20:50:00 ,147920,1353,1281,146,236,61,6,5553,4,3083
7758,04/16/2020T21:00:00 ,147919,1353,1282,146,236,61,6,5553,4,3084
7759,04/16/2020T21:10:00 ,147916,1352,1283,148,236,61,6,5554,4,3086
7760,04/16/2020T21:20:00 ,147915,1351,1281,148,236,61,6,5558,4,3083
7761,04/16/2020T21:30:00 ,147915,1347,1283,147,237,61,6,5560,4,3081
7762,04/16/2020T21:40:00 ,147914,1347,1279,146,238,61,6,5565,4,3077
7763,04/16/2020T21:50:00 ,147913,1345,1280,147,238,61,6,5566,4,3077
7764,04/16/2020T22:00:00 ,147913,1345,1279,147,238,61,6,5567,4,3076
7765,04/16/2020T22:10:00 ,147913,1341,1279,150,238,61,6,5568,4,3075
7766,04/16/2020T22:20:00 ,147913,1336,1280,151,239,61,6,5570,4,3073
7767,04/16/2020T22:30:00 ,147913,1333,1283,151,239,61,6,5570,4,3073
7768,04/16/2020T22:40:00 ,147913,1331,1282,152,239,61,6,5572,4,3071
7769,04/16/2020T22:50:00 ,147912,1329,1283,152,236,61,6,5577,4,3067
7770,04/16/2020T23:00:00 ,147910,1330,1280,151,237,61,6,5581,4,3065
7771,04/16/2020T23:10:00 ,147910,1325,1281,151,237,61,6,5585,4,3061
7772,04/16/2020T23:20:00 ,147907,1326,1281,152,237,61,6,5586,4,3063
7773,04/16/2020T23:30:00 ,147907,1322,1279,154,237,61,6,5590,4,3059
7774,04/16/2020T23:40:00 ,147907,1322,1274,154,234,61,6,5598,4,3051
7775,04/16/2020T23:50:00 ,147905,1322,1275,154,234,61,6,5599,4,3052
7776,04/17/2020T00:00:00 ,147904,1323,1273,154,234,61,6,5601,4,3051
7777,04/17/2020T00:10:00 ,147904,1316,1277,155,234,61,6,5603,4,3049
7778,04/17/2020T00:20:00 ,147904,1314,1278,154,234,61,6,5605,4,3047
7779,04/17/2020T00:30:00 ,147902,1314,1276,153,235,61,6,5609,4,3045
7780,04/17/2020T00:40:00 ,147900,1314,1276,154,235,61,6,5610,4,3046
7781,04/17/2020T00:50:00 ,147900,1313,1273,153,235,61,6,5615,4,3041
7782,04/17/2020T01:00:00 ,147900,1310,1273,153,235,61,6,5618,4,3038
7783,04/17/2020T01:10:00 ,147900,1308,1272,152,237,61,6,5620,4,3036
7784,04/17/2020T01:20:00 ,147900,1302,1275,154,237,61,6,5621,4,3035
7785,04/17/2020T01:30:00 ,147900,1301,1273,154,236,61,6,5625,4,3031
7786,04/17/2020T01:40:00 ,147899,1301,1272,153,235,61,6,5629,4,3028
7787,04/17/2020T01:50:00 ,147898,1299,1272,152,236,61,6,5632,4,3026
7788,04/17/2020T02:00:00 ,147898,1292,1276,153,235,61,6,5635,4,3023
7789,04/17/2020T02:10:00 ,147898,1288,1279,153,235,61,6,5636,4,3022
7790,04/17/2020T02:20:00 ,147898,1287,1279,153,235,61,6,5637,4,3021
7791,04/17/2020T02:30:00 ,147898,1282,1283,153,235,61,6,5638,4,3020
7792,04/17/2020T02:40:00 ,147898,1278,1284,154,233,62,6,5641,4,3017
7793,04/17/2020T02:50:00 ,147898,1275,1283,156,232,62,6,5644,4,3014
7794,04/17/2020T03:00:00 ,147898,1271,1283,158,233,62,6,5645,4,3013
7795,04/17/2020T03:10:00 ,147896,1272,1283,159,233,62,6,5645,4,3015
7796,04/17/2020T03:20:00 ,147896,1269,1285,160,232,62,6,5646,4,3014
7797,04/17/2020T03:30:00 ,147896,1266,1286,159,233,62,6,5648,4,3012
7798,04/17/2020T03:40:00 ,147896,1262,1287,158,234,61,7,5651,4,3009
7799,04/17/2020T03:50:00 ,147896,1258,1290,159,234,61,7,5651,4,3009
7800,04/17/2020T04:00:00 ,147896,1257,1286,160,234,61,7,5655,4,3005
7801,04/17/2020T04:10:00 ,147896,1256,1285,160,234,61,7,5657,4,3003
7802,04/17/2020T04:20:00 ,147895,1254,1282,161,234,61,7,5662,4,2999
7803,04/17/2020T04:30:00 ,147895,1250,1285,162,234,61,7,5662,4,2999
7804,04/17/2020T04:40:00 ,147895,1244,1288,162,234,61,7,5665,4,2996
7805,04/17/2020T04:50:00 ,147895,1241,1289,161,234,61,7,5668,4,2993
7806,04/17/2020T05:00:00 ,147895,1239,1290,161,233,61,7,5670,4,2991
7807,04/17/2020T05:10:00 ,147894,1237,1291,161,233,61,7,5672,4,2990
7808,04/17/2020T05:20:00 ,147893,1236,1291,161,233,61,7,5674,4,2989
7809,04/17/2020T05:30:00 ,147893,1236,1289,161,232,61,7,5677,4,2986
7810,04/17/2020T05:40:00 ,147892,1233,1291,162,232,61,7,5678,4,2986
7811,04/17/2020T05:50:00 ,147892,1229,1295,160,232,61,7,5680,4,2984
7812,04/17/2020T06:00:00 ,147892,1226,1294,162,231,61,7,5683,4,2981
7813,04/17/2020T06:10:00 ,147892,1224,1293,162,231,61,7,5686,4,2978
7814,04/17/2020T06:20:00 ,147892,1221,1295,161,232,61,7,5687,4,2977
7815,04/17/2020T06:30:00 ,147892,1219,1294,161,231,61,7,5691,4,2973
7816,04/17/2020T06:40:00 ,147891,1213,1299,161,230,61,7,5694,4,2971
7817,04/17/2020T06:50:00 ,147891,1209,1299,160,231,61,7,5698,4,2967
7818,04/17/2020T07:00:00 ,147891,1207,1299,160,231,61,7,5700,4,2965
7819,04/17/2020T07:10:00 ,147889,1207,1299,160,231,61,7,5702,4,2965
7820,04/17/2020T07:20:00 ,147889,1206,1298,159,232,61,7,5704,4,2963
7821,04/17/2020T07:30:00 ,147889,1204,1298,158,232,61,7,5707,4,2960
7822,04/17/2020T07:40:00 ,147889,1202,1298,157,232,61,7,5710,4,2957
7823,04/17/2020T07:50:00 ,147888,1201,1297,157,232,61,7,5713,4,2955
7824,04/17/2020T08:00:00 ,147884,1201,1298,158,233,62,6,5714,4,2958
7825,04/17/2020T08:10:00 ,147879,1204,1297,158,234,62,6,5716,4,2961
7826,04/17/2020T08:20:00 ,147872,1209,1295,158,234,62,6,5720,4,2964
7827,04/17/2020T08:30:00 ,147868,1209,1296,158,233,62,6,5724,4,2964
7828,04/17/2020T08:40:00 ,147864,1212,1297,157,234,62,6,5724,4,2968
7829,04/17/2020T08:50:00 ,147857,1214,1301,157,234,62,6,5725,4,2974
7830,04/17/2020T09:00:00 ,147846,1223,1299,158,234,62,6,5728,4,2982
7831,04/17/2020T09:10:00 ,147833,1231,1302,158,233,62,6,5731,4,2992
7832,04/17/2020T09:20:00 ,147824,1237,1304,159,233,62,6,5731,4,3001
7833,04/17/2020T09:30:00 ,147814,1242,1307,159,234,62,6,5732,4,3010
7834,04/17/2020T09:40:00 ,147807,1247,1304,160,235,62,6,5735,4,3014
7835,04/17/2020T09:50:00 ,147799,1252,1306,160,234,62,6,5737,4,3020
7836,04/17/2020T10:00:00 ,147794,1256,1303,160,234,62,6,5741,4,3021
7837,04/17/2020T10:10:00 ,147790,1256,1306,160,233,62,6,5743,4,3023
7838,04/17/2020T10:20:00 ,147780,1261,1308,160,233,62,6,5746,4,3030
7839,04/17/2020T10:30:00 ,147774,1265,1309,160,231,62,6,5749,4,3033
7840,04/17/2020T10:40:00 ,147765,1272,1305,160,230,62,6,5756,4,3035
7841,04/17/2020T10:50:00 ,147755,1278,1305,158,233,62,6,5759,4,3042
7842,04/17/2020T11:00:00 ,147750,1280,1306,158,232,62,6,5762,4,3044
7843,04/17/2020T11:10:00 ,147742,1287,1303,158,232,62,6,5766,4,3048
7844,04/17/2020T11:20:00 ,147735,1292,1303,157,233,62,6,5768,4,3053
7845,04/17/2020T11:30:00 ,147724,1301,1303,156,232,62,6,5772,4,3060
7846,04/17/2020T11:40:00 ,147716,1307,1304,157,230,62,6,5774,4,3066
7847,04/17/2020T11:50:00 ,147706,1312,1307,159,228,62,6,5776,4,3074
7848,04/17/2020T12:00:00 ,147694,1318,1311,159,226,62,6,5780,4,3082
7849,04/17/2020T12:10:00 ,147689,1321,1312,160,225,62,6,5781,4,3086
7850,04/17/2020T12:20:00 ,147680,1329,1310,160,224,62,6,5785,4,3091
7851,04/17/2020T12:30:00 ,147671,1334,1314,160,224,62,6,5785,4,3100
7852,04/17/2020T12:40:00 ,147666,1335,1317,159,225,62,6,5786,4,3104
7853,04/17/2020T12:50:00 ,147660,1340,1318,159,225,62,6,5786,4,3110
7854,04/17/2020T13:00:00 ,147654,1343,1318,159,225,62,6,5789,4,3113
7855,04/17/2020T13:10:00 ,147644,1348,1320,161,225,62,6,5790,4,3122
7856,04/17/2020T13:20:00 ,147639,1352,1318,161,223,63,6,5794,4,3123
7857,04/17/2020T13:30:00 ,147634,1355,1317,161,220,63,6,5800,4,3122
7858,04/17/2020T13:40:00 ,147627,1358,1316,163,220,63,6,5803,4,3126
7859,04/17/2020T13:50:00 ,147615,1368,1316,164,221,63,6,5803,4,3138
7860,04/17/2020T14:00:00 ,147611,1367,1320,165,221,63,6,5803,4,3142
7861,04/17/2020T14:10:00 ,147602,1373,1321,165,221,62,7,5805,4,3149
7862,04/17/2020T14:20:00 ,147595,1375,1322,166,221,62,7,5808,4,3153
7863,04/17/2020T14:30:00 ,147591,1378,1323,166,220,62,7,5809,4,3156
7864,04/17/2020T14:40:00 ,147581,1387,1323,166,220,62,7,5810,4,3165
7865,04/17/2020T14:50:00 ,147570,1396,1325,165,219,62,7,5812,4,3174
7866,04/17/2020T15:00:00 ,147560,1402,1327,164,220,61,8,5814,4,3182
7867,04/17/2020T15:10:00 ,147554,1406,1325,165,220,61,8,5817,4,3185
7868,04/17/2020T15:20:00 ,147549,1409,1325,165,220,61,8,5819,4,3188
7869,04/17/2020T15:30:00 ,147545,1410,1327,164,220,61,8,5821,4,3190
7870,04/17/2020T15:40:00 ,147541,1410,1329,164,221,61,8,5822,4,3193
7871,04/17/2020T15:50:00 ,147535,1412,1332,165,221,61,8,5822,4,3199
7872,04/17/2020T16:00:00 ,147530,1411,1333,168,219,61,8,5826,4,3200
7873,04/17/2020T16:10:00 ,147521,1418,1332,169,218,61,8,5829,4,3206
7874,04/17/2020T16:20:00 ,147514,1419,1336,170,218,61,8,5830,4,3212
7875,04/17/2020T16:30:00 ,147510,1419,1335,170,217,61,8,5836,4,3210
7876,04/17/2020T16:40:00 ,147504,1422,1336,170,217,60,8,5839,4,3213
7877,04/17/2020T16:50:00 ,147500,1421,1340,171,217,60,8,5839,4,3217
7878,04/17/2020T17:00:00 ,147493,1423,1343,172,216,60,8,5841,4,3222
7879,04/17/2020T17:10:00 ,147487,1428,1344,172,216,60,8,5841,4,3228
7880,04/17/2020T17:20:00 ,147487,1425,1345,173,215,60,8,5843,4,3226
7881,04/17/2020T17:30:00 ,147486,1422,1342,174,215,60,8,5849,4,3221
7882,04/17/2020T17:40:00 ,147485,1421,1339,174,215,60,8,5854,4,3217
7883,04/17/2020T17:50:00 ,147480,1424,1338,174,215,60,8,5857,4,3219
7884,04/17/2020T18:00:00 ,147478,1425,1336,173,217,60,8,5859,4,3219
7885,04/17/2020T18:10:00 ,147476,1423,1337,174,217,59,8,5862,4,3218
7886,04/17/2020T18:20:00 ,147474,1420,1341,173,218,60,8,5862,4,3220
7887,04/17/2020T18:30:00 ,147470,1423,1342,173,217,60,8,5863,4,3223
7888,04/17/2020T18:40:00 ,147470,1421,1341,172,218,60,8,5866,4,3220
7889,04/17/2020T18:50:00 ,147470,1420,1340,172,217,60,8,5869,4,3217
7890,04/17/2020T19:00:00 ,147470,1419,1341,169,217,61,8,5871,4,3215
7891,04/17/2020T19:10:00 ,147469,1417,1343,169,216,61,8,5873,4,3214
7892,04/17/2020T19:20:00 ,147468,1418,1340,167,218,61,8,5876,4,3212
7893,04/17/2020T19:30:00 ,147467,1419,1339,165,220,61,8,5877,4,3212
7894,04/17/2020T19:40:00 ,147467,1416,1341,165,219,61,8,5879,4,3210
7895,04/17/2020T19:50:00 ,147466,1414,1343,164,220,61,8,5880,4,3210
7896,04/17/2020T20:00:00 ,147465,1414,1344,161,222,61,8,5881,4,3210
7897,04/17/2020T20:10:00 ,147464,1412,1343,163,222,61,8,5883,4,3209
7898,04/17/2020T20:20:00 ,147464,1411,1343,163,222,61,8,5884,4,3208
7899,04/17/2020T20:30:00 ,147463,1412,1340,163,222,61,8,5887,4,3206
7900,04/17/2020T20:40:00 ,147463,1409,1341,163,221,61,8,5890,4,3203
7901,04/17/2020T20:50:00 ,147462,1406,1341,163,222,61,8,5893,4,3201
7902,04/17/2020T21:00:00 ,147459,1406,1340,162,224,61,8,5896,4,3201
7903,04/17/2020T21:10:00 ,147459,1404,1340,162,225,61,8,5897,4,3200
7904,04/17/2020T21:20:00 ,147457,1403,1340,160,227,61,8,5900,4,3199
7905,04/17/2020T21:30:00 ,147455,1402,1343,160,227,61,8,5900,4,3201
7906,04/17/2020T21:40:00 ,147454,1400,1345,159,227,61,8,5902,4,3200
7907,04/17/2020T21:50:00 ,147454,1399,1346,158,228,61,8,5902,4,3200
7908,04/17/2020T22:00:00 ,147454,1395,1348,159,228,61,8,5903,4,3199
7909,04/17/2020T22:10:00 ,147454,1394,1348,160,228,61,8,5903,4,3199
7910,04/17/2020T22:20:00 ,147454,1392,1348,160,227,61,8,5906,4,3196
7911,04/17/2020T22:30:00 ,147454,1388,1351,160,227,61,8,5907,4,3195
7912,04/17/2020T22:40:00 ,147453,1384,1352,160,227,61,8,5911,4,3192
7913,04/17/2020T22:50:00 ,147452,1383,1353,160,225,62,8,5913,4,3191
7914,04/17/2020T23:00:00 ,147451,1381,1353,161,224,62,8,5916,4,3189
7915,04/17/2020T23:10:00 ,147451,1378,1354,162,224,62,8,5917,4,3188
7916,04/17/2020T23:20:00 ,147451,1374,1355,162,224,62,8,5920,4,3185
7917,04/17/2020T23:30:00 ,147450,1375,1353,161,225,62,8,5922,4,3184
7918,04/17/2020T23:40:00 ,147450,1373,1353,161,226,62,8,5923,4,3183
7919,04/17/2020T23:50:00 ,147449,1368,1353,162,226,62,8,5928,4,3179
7920,04/18/2020T00:00:00 ,147449,1366,1355,161,225,62,8,5930,4,3177
7921,04/18/2020T00:10:00 ,147449,1364,1355,161,224,61,8,5934,4,3173
7922,04/18/2020T00:20:00 ,147448,1361,1356,162,224,61,8,5936,4,3172
7923,04/18/2020T00:30:00 ,147447,1355,1357,160,228,61,8,5940,4,3169
7924,04/18/2020T00:40:00 ,147447,1354,1354,161,227,61,8,5944,4,3165
7925,04/18/2020T00:50:00 ,147447,1350,1354,161,228,61,8,5947,4,3162
7926,04/18/2020T01:00:00 ,147447,1346,1354,162,225,61,8,5953,4,3156
7927,04/18/2020T01:10:00 ,147447,1343,1352,162,225,61,8,5958,4,3151
7928,04/18/2020T01:20:00 ,147447,1339,1352,163,225,61,8,5961,4,3148
7929,04/18/2020T01:30:00 ,147446,1336,1353,163,226,61,8,5963,4,3147
7930,04/18/2020T01:40:00 ,147445,1332,1354,164,225,61,8,5967,4,3144
7931,04/18/2020T01:50:00 ,147445,1330,1354,164,225,61,8,5969,4,3142
7932,04/18/2020T02:00:00 ,147444,1330,1355,164,224,61,8,5970,4,3142
7933,04/18/2020T02:10:00 ,147444,1327,1356,164,222,61,8,5974,4,3138
7934,04/18/2020T02:20:00 ,147444,1324,1357,163,223,61,8,5976,4,3136
7935,04/18/2020T02:30:00 ,147444,1321,1358,162,224,61,8,5978,4,3134
7936,04/18/2020T02:40:00 ,147444,1319,1358,161,223,61,8,5982,4,3130
7937,04/18/2020T02:50:00 ,147444,1315,1357,162,223,61,8,5986,4,3126
7938,04/18/2020T03:00:00 ,147443,1313,1359,162,219,62,8,5990,4,3123
7939,04/18/2020T03:10:00 ,147442,1311,1359,161,219,62,8,5994,4,3120
7940,04/18/2020T03:20:00 ,147441,1308,1362,160,220,62,8,5995,4,3120
7941,04/18/2020T03:30:00 ,147440,1305,1363,159,221,62,8,5998,4,3118
7942,04/18/2020T03:40:00 ,147440,1302,1363,158,221,62,8,6002,4,3114
7943,04/18/2020T03:50:00 ,147440,1299,1363,159,221,62,8,6004,4,3112
7944,04/18/2020T04:00:00 ,147439,1294,1364,161,220,62,8,6008,4,3109
7945,04/18/2020T04:10:00 ,147436,1295,1365,161,220,62,8,6009,4,3111
7946,04/18/2020T04:20:00 ,147435,1292,1360,164,218,62,8,6017,4,3104
7947,04/18/2020T04:30:00 ,147434,1291,1359,164,217,62,8,6021,4,3101
7948,04/18/2020T04:40:00 ,147433,1286,1362,163,217,62,8,6025,4,3098
7949,04/18/2020T04:50:00 ,147433,1284,1361,164,217,62,8,6027,4,3096
7950,04/18/2020T05:00:00 ,147433,1281,1361,165,217,62,8,6029,4,3094
7951,04/18/2020T05:10:00 ,147433,1281,1361,165,217,61,9,6029,4,3094
7952,04/18/2020T05:20:00 ,147433,1279,1362,165,217,61,9,6030,4,3093
7953,04/18/2020T05:30:00 ,147433,1273,1366,165,216,61,9,6033,4,3090
7954,04/18/2020T05:40:00 ,147431,1269,1368,167,217,61,9,6034,4,3091
7955,04/18/2020T05:50:00 ,147431,1268,1368,166,216,61,9,6037,4,3088
7956,04/18/2020T06:00:00 ,147431,1265,1370,166,216,61,9,6038,4,3087
7957,04/18/2020T06:10:00 ,147431,1262,1371,167,216,61,9,6039,4,3086
7958,04/18/2020T06:20:00 ,147430,1261,1371,167,216,61,9,6041,4,3085
7959,04/18/2020T06:30:00 ,147430,1257,1369,167,217,61,9,6046,4,3080
7960,04/18/2020T06:40:00 ,147428,1259,1365,166,218,61,9,6050,4,3078
7961,04/18/2020T06:50:00 ,147427,1258,1364,166,219,61,9,6052,4,3077
7962,04/18/2020T07:00:00 ,147427,1256,1365,166,220,61,9,6052,4,3077
7963,04/18/2020T07:10:00 ,147426,1253,1364,167,220,61,9,6056,4,3074
7964,04/18/2020T07:20:00 ,147425,1252,1363,166,221,61,9,6059,4,3072
7965,04/18/2020T07:30:00 ,147424,1252,1364,166,221,61,9,6059,4,3073
7966,04/18/2020T07:40:00 ,147421,1251,1364,167,220,61,9,6063,4,3072
7967,04/18/2020T07:50:00 ,147417,1248,1370,167,220,61,9,6064,4,3075
7968,04/18/2020T08:00:00 ,147414,1248,1370,168,220,61,9,6066,4,3076
7969,04/18/2020T08:10:00 ,147406,1254,1372,168,220,61,9,6066,4,3084
7970,04/18/2020T08:20:00 ,147397,1261,1373,168,220,61,9,6067,4,3092
7971,04/18/2020T08:30:00 ,147388,1269,1372,168,220,61,9,6069,4,3099
7972,04/18/2020T08:40:00 ,147375,1280,1371,170,220,61,9,6070,4,3111
7973,04/18/2020T08:50:00 ,147368,1283,1371,171,219,61,9,6074,4,3114
7974,04/18/2020T09:00:00 ,147361,1287,1372,170,219,61,9,6077,4,3118
7975,04/18/2020T09:10:00 ,147350,1295,1374,170,219,61,9,6078,4,3128
7976,04/18/2020T09:20:00 ,147338,1306,1373,171,218,61,9,6080,4,3138
7977,04/18/2020T09:30:00 ,147327,1316,1373,171,218,61,9,6081,4,3148
7978,04/18/2020T09:40:00 ,147314,1325,1375,170,219,61,9,6083,4,3159
7979,04/18/2020T09:50:00 ,147310,1329,1373,170,219,61,9,6085,4,3161
7980,04/18/2020T10:00:00 ,147300,1338,1374,170,219,61,9,6085,4,3171
7981,04/18/2020T10:10:00 ,147292,1345,1373,170,219,61,9,6087,4,3177
7982,04/18/2020T10:20:00 ,147281,1354,1375,170,219,61,9,6087,4,3188
7983,04/18/2020T10:30:00 ,147272,1363,1372,170,219,61,9,6090,4,3194
7984,04/18/2020T10:40:00 ,147264,1368,1370,170,219,61,9,6095,4,3197
7985,04/18/2020T10:50:00 ,147248,1381,1367,171,218,61,9,6101,4,3207
7986,04/18/2020T11:00:00 ,147234,1393,1366,171,218,61,9,6104,4,3218
7987,04/18/2020T11:10:00 ,147226,1401,1365,171,217,61,9,6106,4,3224
7988,04/18/2020T11:20:00 ,147217,1404,1366,172,217,61,9,6110,4,3229
7989,04/18/2020T11:30:00 ,147206,1412,1368,172,217,61,9,6111,4,3239
7990,04/18/2020T11:40:00 ,147198,1419,1369,172,217,61,9,6111,4,3247
7991,04/18/2020T11:50:00 ,147186,1429,1368,173,216,61,9,6114,4,3256
7992,04/18/2020T12:00:00 ,147174,1437,1369,175,216,61,9,6115,4,3267
7993,04/18/2020T12:10:00 ,147167,1441,1371,174,217,61,9,6116,4,3273
7994,04/18/2020T12:20:00 ,147163,1443,1370,174,217,61,9,6119,4,3274
7995,04/18/2020T12:30:00 ,147153,1450,1372,174,217,61,9,6120,4,3283
7996,04/18/2020T12:40:00 ,147142,1461,1371,173,218,61,9,6121,4,3293
7997,04/18/2020T12:50:00 ,147134,1467,1372,172,219,61,9,6122,4,3300
7998,04/18/2020T13:00:00 ,147127,1468,1375,171,221,61,9,6124,4,3305
7999,04/18/2020T13:10:00 ,147114,1478,1377,172,220,61,9,6125,4,3317
8000,04/18/2020T13:20:00 ,147110,1477,1379,172,221,61,9,6127,4,3319
8001,04/18/2020T13:30:00 ,147106,1477,1383,172,221,61,9,6127,4,3323
8002,04/18/2020T13:40:00 ,147095,1486,1382,172,222,61,9,6129,4,3332
8003,04/18/2020T13:50:00 ,147090,1488,1383,173,221,61,9,6131,4,3335
8004,04/18/2020T14:00:00 ,147084,1491,1384,173,218,61,9,6136,4,3336
8005,04/18/2020T14:10:00 ,147076,1495,1385,174,218,61,9,6138,4,3342
8006,04/18/2020T14:20:00 ,147062,1505,1386,176,218,61,9,6139,4,3355
8007,04/18/2020T14:30:00 ,147053,1508,1387,176,220,61,9,6142,4,3361
8008,04/18/2020T14:40:00 ,147046,1511,1385,176,220,61,9,6148,4,3362
8009,04/18/2020T14:50:00 ,147038,1519,1384,175,221,61,9,6149,4,3369
8010,04/18/2020T15:00:00 ,147026,1528,1386,174,222,61,9,6150,4,3380
8011,04/18/2020T15:10:00 ,147021,1528,1388,175,221,61,9,6153,4,3382
8012,04/18/2020T15:20:00 ,147019,1527,1389,176,221,61,9,6154,4,3383
8013,04/18/2020T15:30:00 ,147015,1529,1386,178,221,61,9,6157,4,3384
8014,04/18/2020T15:40:00 ,147010,1531,1385,179,221,61,9,6160,4,3386
8015,04/18/2020T15:50:00 ,147008,1533,1384,178,221,61,9,6162,4,3386
8016,04/18/2020T16:00:00 ,147001,1538,1385,176,221,62,9,6164,4,3391
8017,04/18/2020T16:10:00 ,146996,1540,1388,176,220,61,9,6166,4,3394
8018,04/18/2020T16:20:00 ,146991,1542,1390,176,220,61,9,6167,4,3398
8019,04/18/2020T16:30:00 ,146989,1541,1392,175,221,61,9,6168,4,3399
8020,04/18/2020T16:40:00 ,146984,1543,1393,176,219,62,9,6170,4,3402
8021,04/18/2020T16:50:00 ,146981,1546,1392,176,217,63,9,6172,4,3403
8022,04/18/2020T17:00:00 ,146979,1545,1390,177,216,63,9,6177,4,3400
8023,04/18/2020T17:10:00 ,146973,1549,1389,177,215,63,9,6181,4,3402
8024,04/18/2020T17:20:00 ,146971,1545,1392,179,216,63,9,6181,4,3404
8025,04/18/2020T17:30:00 ,146970,1542,1394,178,217,63,9,6183,4,3403
8026,04/18/2020T17:40:00 ,146969,1541,1395,178,217,63,9,6184,4,3403
8027,04/18/2020T17:50:00 ,146968,1540,1394,178,217,63,9,6187,4,3401
8028,04/18/2020T18:00:00 ,146965,1541,1394,176,219,63,9,6189,4,3402
8029,04/18/2020T18:10:00 ,146963,1539,1397,176,218,63,9,6191,4,3402
8030,04/18/2020T18:20:00 ,146962,1530,1404,177,218,63,9,6193,4,3401
8031,04/18/2020T18:30:00 ,146961,1530,1401,178,218,63,9,6196,4,3399
8032,04/18/2020T18:40:00 ,146960,1527,1404,179,218,63,9,6196,4,3400
8033,04/18/2020T18:50:00 ,146958,1524,1405,178,219,63,9,6200,4,3398
8034,04/18/2020T19:00:00 ,146957,1519,1408,180,219,63,9,6201,4,3398
8035,04/18/2020T19:10:00 ,146957,1516,1410,180,219,63,9,6202,4,3397
8036,04/18/2020T19:20:00 ,146956,1512,1409,182,219,63,9,6206,4,3394
8037,04/18/2020T19:30:00 ,146955,1510,1408,182,217,64,9,6211,4,3390
8038,04/18/2020T19:40:00 ,146955,1508,1407,179,218,64,9,6216,4,3385
8039,04/18/2020T19:50:00 ,146953,1507,1409,180,218,64,9,6216,4,3387
8040,04/18/2020T20:00:00 ,146952,1505,1410,180,217,64,9,6219,4,3385
8041,04/18/2020T20:10:00 ,146951,1501,1414,177,220,64,9,6220,4,3385
8042,04/18/2020T20:20:00 ,146948,1502,1411,177,220,64,9,6225,4,3383
8043,04/18/2020T20:30:00 ,146948,1498,1414,177,220,64,9,6226,4,3382
8044,04/18/2020T20:40:00 ,146948,1497,1414,177,220,64,9,6227,4,3381
8045,04/18/2020T20:50:00 ,146945,1498,1416,177,219,64,9,6228,4,3383
8046,04/18/2020T21:00:00 ,146945,1496,1412,177,220,64,9,6233,4,3378
8047,04/18/2020T21:10:00 ,146943,1494,1415,176,221,64,9,6234,4,3379
8048,04/18/2020T21:20:00 ,146941,1494,1416,177,221,64,9,6234,4,3381
8049,04/18/2020T21:30:00 ,146941,1493,1415,175,222,64,9,6237,4,3378
8050,04/18/2020T21:40:00 ,146940,1492,1413,174,223,64,9,6241,4,3375
8051,04/18/2020T21:50:00 ,146939,1490,1413,174,221,64,9,6246,4,3371
8052,04/18/2020T22:00:00 ,146939,1487,1414,175,221,64,9,6247,4,3370
8053,04/18/2020T22:10:00 ,146938,1485,1415,175,220,64,9,6250,4,3368
8054,04/18/2020T22:20:00 ,146936,1485,1416,175,219,64,9,6252,4,3368
8055,04/18/2020T22:30:00 ,146935,1486,1416,175,219,64,9,6252,4,3369
8056,04/18/2020T22:40:00 ,146935,1483,1417,177,218,64,9,6253,4,3368
8057,04/18/2020T22:50:00 ,146934,1481,1417,177,218,64,9,6256,4,3366
8058,04/18/2020T23:00:00 ,146933,1478,1416,178,218,64,9,6260,4,3363
8059,04/18/2020T23:10:00 ,146933,1474,1417,180,217,65,9,6261,4,3362
8060,04/18/2020T23:20:00 ,146933,1470,1419,178,219,65,9,6263,4,3360
8061,04/18/2020T23:30:00 ,146931,1471,1418,177,220,65,9,6265,4,3360
8062,04/18/2020T23:40:00 ,146931,1469,1417,178,220,65,9,6267,4,3358
8063,04/18/2020T23:50:00 ,146931,1462,1423,178,220,65,9,6268,4,3357
8064,04/19/2020T00:00:00 ,146929,1459,1423,177,223,65,9,6271,4,3356
8065,04/19/2020T00:10:00 ,146929,1457,1423,177,224,65,9,6272,4,3355
8066,04/19/2020T00:20:00 ,146928,1454,1427,177,224,65,9,6272,4,3356
8067,04/19/2020T00:30:00 ,146927,1453,1427,177,223,66,9,6274,4,3355
8068,04/19/2020T00:40:00 ,146926,1447,1431,177,223,66,9,6277,4,3353
8069,04/19/2020T00:50:00 ,146925,1447,1429,178,222,66,9,6280,4,3351
8070,04/19/2020T01:00:00 ,146923,1443,1429,181,222,66,9,6283,4,3350
8071,04/19/2020T01:10:00 ,146922,1442,1429,181,222,66,9,6285,4,3349
8072,04/19/2020T01:20:00 ,146922,1440,1429,181,223,66,9,6286,4,3348
8073,04/19/2020T01:30:00 ,146922,1437,1429,183,222,66,9,6288,4,3346
8074,04/19/2020T01:40:00 ,146922,1431,1433,183,223,66,9,6289,4,3345
8075,04/19/2020T01:50:00 ,146922,1427,1430,185,224,66,9,6293,4,3341
8076,04/19/2020T02:00:00 ,146922,1426,1427,186,223,67,9,6296,4,3338
8077,04/19/2020T02:10:00 ,146921,1423,1429,188,222,67,9,6297,4,3338
8078,04/19/2020T02:20:00 ,146921,1421,1429,187,222,67,9,6300,4,3335
8079,04/19/2020T02:30:00 ,146921,1420,1429,187,221,67,9,6302,4,3333
8080,04/19/2020T02:40:00 ,146921,1415,1430,188,221,67,9,6305,4,3330
8081,04/19/2020T02:50:00 ,146921,1411,1431,189,221,67,9,6307,4,3328
8082,04/19/2020T03:00:00 ,146921,1404,1434,191,221,67,9,6309,4,3326
8083,04/19/2020T03:10:00 ,146921,1402,1433,188,224,68,8,6312,4,3323
8084,04/19/2020T03:20:00 ,146919,1398,1436,189,225,68,8,6313,4,3324
8085,04/19/2020T03:30:00 ,146918,1396,1439,188,225,68,8,6314,4,3324
8086,04/19/2020T03:40:00 ,146918,1391,1441,188,224,68,8,6318,4,3320
8087,04/19/2020T03:50:00 ,146917,1390,1439,187,226,68,8,6321,4,3318
8088,04/19/2020T04:00:00 ,146916,1388,1441,183,229,68,8,6323,4,3317
8089,04/19/2020T04:10:00 ,146916,1384,1442,183,230,68,8,6325,4,3315
8090,04/19/2020T04:20:00 ,146916,1380,1440,184,230,68,8,6330,4,3310
8091,04/19/2020T04:30:00 ,146915,1378,1443,184,230,68,8,6330,4,3311
8092,04/19/2020T04:40:00 ,146915,1374,1442,183,229,68,8,6337,4,3304
8093,04/19/2020T04:50:00 ,146915,1371,1442,183,228,68,8,6341,4,3300
8094,04/19/2020T05:00:00 ,146913,1369,1441,184,228,68,8,6345,4,3298
8095,04/19/2020T05:10:00 ,146911,1369,1441,184,229,68,8,6346,4,3299
8096,04/19/2020T05:20:00 ,146910,1367,1441,185,229,68,8,6348,4,3298
8097,04/19/2020T05:30:00 ,146909,1365,1442,185,229,68,8,6350,4,3297
8098,04/19/2020T05:40:00 ,146908,1362,1440,187,229,68,8,6354,4,3294
8099,04/19/2020T05:50:00 ,146908,1356,1443,189,229,68,8,6355,4,3293
8100,04/19/2020T06:00:00 ,146907,1349,1446,192,229,68,8,6357,4,3292
8101,04/19/2020T06:10:00 ,146907,1347,1444,192,229,68,8,6361,4,3288
8102,04/19/2020T06:20:00 ,146907,1346,1444,192,229,68,8,6362,4,3287
8103,04/19/2020T06:30:00 ,146907,1343,1445,191,230,68,8,6364,4,3285
8104,04/19/2020T06:40:00 ,146907,1339,1449,190,231,68,8,6364,4,3285
8105,04/19/2020T06:50:00 ,146907,1337,1449,190,231,68,8,6366,4,3283
8106,04/19/2020T07:00:00 ,146906,1335,1449,190,231,68,8,6369,4,3281
8107,04/19/2020T07:10:00 ,146906,1330,1448,192,230,69,8,6373,4,3277
8108,04/19/2020T07:20:00 ,146905,1329,1450,191,231,69,8,6373,4,3278
8109,04/19/2020T07:30:00 ,146904,1328,1452,190,232,69,8,6373,4,3279
8110,04/19/2020T07:40:00 ,146904,1326,1454,190,232,69,8,6373,4,3279
8111,04/19/2020T07:50:00 ,146904,1323,1454,190,232,69,8,6376,4,3276
8112,04/19/2020T08:00:00 ,146903,1320,1453,190,232,69,8,6381,4,3272
8113,04/19/2020T08:10:00 ,146901,1319,1454,189,232,70,8,6383,4,3272
8114,04/19/2020T08:20:00 ,146901,1317,1455,189,230,70,8,6386,4,3269
8115,04/19/2020T08:30:00 ,146899,1316,1455,190,231,70,8,6387,4,3270
8116,04/19/2020T08:40:00 ,146899,1313,1456,189,232,70,8,6389,4,3268
8117,04/19/2020T08:50:00 ,146898,1308,1459,191,232,70,8,6390,4,3268
8118,04/19/2020T09:00:00 ,146897,1307,1459,191,229,71,8,6394,4,3265
8119,04/19/2020T09:10:00 ,146897,1302,1460,191,228,71,8,6399,4,3260
8120,04/19/2020T09:20:00 ,146896,1301,1459,190,229,72,8,6401,4,3259
8121,04/19/2020T09:30:00 ,146896,1297,1458,190,231,72,8,6404,4,3256
8122,04/19/2020T09:40:00 ,146894,1295,1457,189,231,72,8,6410,4,3252
8123,04/19/2020T09:50:00 ,146893,1293,1456,190,230,73,8,6413,4,3250
8124,04/19/2020T10:00:00 ,146893,1291,1454,191,230,73,8,6416,4,3247
8125,04/19/2020T10:10:00 ,146890,1289,1456,191,229,74,8,6419,4,3247
8126,04/19/2020T10:20:00 ,146890,1285,1455,191,230,74,8,6423,4,3243
8127,04/19/2020T10:30:00 ,146889,1283,1456,190,231,74,8,6425,4,3242
8128,04/19/2020T10:40:00 ,146889,1274,1459,193,231,74,8,6428,4,3239
8129,04/19/2020T10:50:00 ,146888,1272,1458,194,231,74,8,6431,4,3237
8130,04/19/2020T11:00:00 ,146888,1266,1459,196,231,74,8,6434,4,3234
8131,04/19/2020T11:10:00 ,146887,1264,1460,197,231,74,8,6435,4,3234
8132,04/19/2020T11:20:00 ,146887,1261,1462,197,232,74,8,6435,4,3234
8133,04/19/2020T11:30:00 ,146886,1256,1465,198,232,74,8,6437,4,3233
8134,04/19/2020T11:40:00 ,146884,1255,1465,199,232,74,8,6439,4,3233
8135,04/19/2020T11:50:00 ,146884,1253,1462,199,232,74,8,6444,4,3228
8136,04/19/2020T12:00:00 ,146884,1243,1470,199,233,74,8,6445,4,3227
8137,04/19/2020T12:10:00 ,146883,1242,1469,198,233,74,8,6449,4,3224
8138,04/19/2020T12:20:00 ,146883,1238,1471,198,234,74,8,6450,4,3223
8139,04/19/2020T12:30:00 ,146883,1237,1471,198,234,74,8,6451,4,3222
8140,04/19/2020T12:40:00 ,146882,1236,1471,197,235,74,8,6453,4,3221
8141,04/19/2020T12:50:00 ,146880,1236,1473,197,232,74,8,6456,4,3220
8142,04/19/2020T13:00:00 ,146878,1236,1473,197,232,74,8,6458,4,3220
8143,04/19/2020T13:10:00 ,146876,1237,1471,197,231,74,8,6462,4,3218
8144,04/19/2020T13:20:00 ,146875,1237,1469,196,232,74,8,6465,4,3216
8145,04/19/2020T13:30:00 ,146873,1238,1465,194,234,74,8,6470,4,3213
8146,04/19/2020T13:40:00 ,146872,1234,1467,194,235,74,8,6472,4,3212
8147,04/19/2020T13:50:00 ,146872,1232,1466,193,236,74,8,6475,4,3209
8148,04/19/2020T14:00:00 ,146872,1231,1464,193,235,74,8,6479,4,3205
8149,04/19/2020T14:10:00 ,146872,1230,1463,192,236,74,8,6481,4,3203
8150,04/19/2020T14:20:00 ,146872,1228,1463,191,237,74,8,6483,4,3201
8151,04/19/2020T14:30:00 ,146871,1222,1468,191,237,74,8,6485,4,3200
8152,04/19/2020T14:40:00 ,146870,1215,1472,190,238,74,8,6489,4,3197
8153,04/19/2020T14:50:00 ,146867,1214,1475,190,238,74,8,6490,4,3199
8154,04/19/2020T15:00:00 ,146867,1211,1477,190,239,74,8,6490,4,3199
8155,04/19/2020T15:10:00 ,146867,1207,1480,189,240,74,8,6491,4,3198
8156,04/19/2020T15:20:00 ,146865,1205,1481,189,239,74,8,6495,4,3196
8157,04/19/2020T15:30:00 ,146865,1199,1482,189,240,74,8,6499,4,3192
8158,04/19/2020T15:40:00 ,146863,1196,1486,189,240,74,8,6500,4,3193
8159,04/19/2020T15:50:00 ,146862,1195,1484,188,241,74,8,6504,4,3190
8160,04/19/2020T16:00:00 ,146862,1187,1491,189,240,74,8,6505,4,3189
8161,04/19/2020T16:10:00 ,146859,1186,1492,187,241,74,8,6509,4,3188
8162,04/19/2020T16:20:00 ,146858,1180,1498,188,241,74,8,6509,4,3189
8163,04/19/2020T16:30:00 ,146858,1177,1496,189,241,74,8,6513,4,3185
8164,04/19/2020T16:40:00 ,146857,1171,1497,191,241,74,8,6517,4,3182
8165,04/19/2020T16:50:00 ,146857,1170,1497,188,244,74,8,6518,4,3181
8166,04/19/2020T17:00:00 ,146855,1170,1499,188,243,74,8,6519,4,3182
8167,04/19/2020T17:10:00 ,146853,1171,1497,189,243,74,8,6521,4,3182
8168,04/19/2020T17:20:00 ,146852,1168,1498,191,243,74,8,6522,4,3182
8169,04/19/2020T17:30:00 ,146848,1167,1502,191,243,74,8,6523,4,3185
8170,04/19/2020T17:40:00 ,146846,1167,1502,191,243,74,8,6525,4,3185
8171,04/19/2020T17:50:00 ,146845,1166,1502,191,243,74,8,6527,4,3184
8172,04/19/2020T18:00:00 ,146844,1164,1504,191,244,74,8,6527,4,3185
8173,04/19/2020T18:10:00 ,146842,1161,1506,192,244,74,8,6529,4,3185
8174,04/19/2020T18:20:00 ,146841,1160,1506,192,244,74,8,6531,4,3184
8175,04/19/2020T18:30:00 ,146841,1159,1507,190,246,74,8,6531,4,3184
8176,04/19/2020T18:40:00 ,146839,1156,1508,190,246,73,8,6536,4,3181
8177,04/19/2020T18:50:00 ,146838,1156,1509,190,245,73,8,6537,4,3181
8178,04/19/2020T19:00:00 ,146836,1157,1506,191,245,73,8,6540,4,3180
8179,04/19/2020T19:10:00 ,146834,1156,1506,191,245,73,8,6543,4,3179
8180,04/19/2020T19:20:00 ,146834,1154,1507,192,245,73,8,6543,4,3179
8181,04/19/2020T19:30:00 ,146831,1155,1505,192,244,73,8,6548,4,3177
8182,04/19/2020T19:40:00 ,146830,1156,1504,192,243,73,8,6550,4,3176
8183,04/19/2020T19:50:00 ,146829,1155,1506,192,242,73,8,6551,4,3176
8184,04/19/2020T20:00:00 ,146824,1154,1510,193,242,73,8,6552,4,3180
8185,04/19/2020T20:10:00 ,146823,1151,1511,193,242,73,8,6555,4,3178
8186,04/19/2020T20:20:00 ,146823,1147,1512,195,242,73,8,6556,4,3177
8187,04/19/2020T20:30:00 ,146823,1140,1515,197,242,73,8,6558,4,3175
8188,04/19/2020T20:40:00 ,146822,1139,1516,198,242,73,8,6558,4,3176
8189,04/19/2020T20:50:00 ,146821,1139,1514,199,242,73,8,6560,4,3175
8190,04/19/2020T21:00:00 ,146816,1141,1514,200,241,73,8,6563,4,3177
8191,04/19/2020T21:10:00 ,146815,1140,1511,199,242,73,8,6568,4,3173
8192,04/19/2020T21:20:00 ,146813,1141,1511,199,242,73,8,6569,4,3174
8193,04/19/2020T21:30:00 ,146810,1144,1508,198,243,73,8,6572,4,3174
8194,04/19/2020T21:40:00 ,146808,1145,1508,198,243,73,8,6573,4,3175
8195,04/19/2020T21:50:00 ,146806,1144,1510,197,244,73,8,6574,4,3176
8196,04/19/2020T22:00:00 ,146806,1143,1511,197,244,73,8,6574,4,3176
8197,04/19/2020T22:10:00 ,146805,1140,1510,198,244,73,8,6578,4,3173
8198,04/19/2020T22:20:00 ,146805,1137,1507,199,244,74,8,6582,4,3169
8199,04/19/2020T22:30:00 ,146803,1134,1512,198,245,74,8,6582,4,3171
8200,04/19/2020T22:40:00 ,146800,1130,1517,199,245,74,8,6583,4,3173
8201,04/19/2020T22:50:00 ,146800,1128,1518,198,246,74,8,6584,4,3172
8202,04/19/2020T23:00:00 ,146797,1130,1519,198,246,74,8,6584,4,3175
8203,04/19/2020T23:10:00 ,146797,1127,1520,197,246,74,8,6587,4,3172
8204,04/19/2020T23:20:00 ,146797,1121,1521,198,245,74,8,6592,4,3167
8205,04/19/2020T23:30:00 ,146796,1121,1522,198,245,74,8,6592,4,3168
8206,04/19/2020T23:40:00 ,146795,1120,1522,199,245,74,8,6593,4,3168
8207,04/19/2020T23:50:00 ,146795,1117,1524,199,245,74,8,6594,4,3167
8208,04/20/2020T00:00:00 ,146795,1114,1527,199,244,75,8,6594,4,3167
8209,04/20/2020T00:10:00 ,146795,1109,1528,199,244,75,8,6598,4,3163
8210,04/20/2020T00:20:00 ,146795,1107,1527,199,245,75,8,6600,4,3161
8211,04/20/2020T00:30:00 ,146795,1104,1529,200,244,75,8,6601,4,3160
8212,04/20/2020T00:40:00 ,146795,1104,1526,197,247,75,8,6604,4,3157
8213,04/20/2020T00:50:00 ,146795,1104,1526,197,246,75,8,6605,4,3156
8214,04/20/2020T01:00:00 ,146795,1100,1527,198,245,75,8,6608,4,3153
8215,04/20/2020T01:10:00 ,146794,1095,1528,198,246,75,8,6612,4,3150
8216,04/20/2020T01:20:00 ,146793,1090,1529,199,247,75,8,6615,4,3148
8217,04/20/2020T01:30:00 ,146793,1089,1529,197,249,75,8,6616,4,3147
8218,04/20/2020T01:40:00 ,146793,1088,1528,198,249,75,7,6617,5,3145
8219,04/20/2020T01:50:00 ,146792,1078,1535,199,250,75,7,6619,5,3144
8220,04/20/2020T02:00:00 ,146792,1075,1538,199,250,75,7,6619,5,3144
8221,04/20/2020T02:10:00 ,146789,1077,1537,198,250,75,7,6622,5,3144
8222,04/20/2020T02:20:00 ,146788,1074,1539,198,250,75,7,6624,5,3143
8223,04/20/2020T02:30:00 ,146787,1073,1539,197,250,75,7,6627,5,3141
8224,04/20/2020T02:40:00 ,146785,1072,1537,198,249,76,7,6631,5,3139
8225,04/20/2020T02:50:00 ,146783,1070,1541,198,247,76,7,6633,5,3139
8226,04/20/2020T03:00:00 ,146781,1071,1541,196,249,76,7,6634,5,3140
8227,04/20/2020T03:10:00 ,146780,1071,1542,194,250,76,7,6635,5,3140
8228,04/20/2020T03:20:00 ,146779,1070,1541,194,250,76,7,6638,5,3138
8229,04/20/2020T03:30:00 ,146778,1067,1541,195,249,77,7,6641,5,3136
8230,04/20/2020T03:40:00 ,146776,1067,1539,196,249,77,7,6644,5,3135
8231,04/20/2020T03:50:00 ,146775,1065,1540,196,250,77,7,6645,5,3135
8232,04/20/2020T04:00:00 ,146775,1060,1541,197,249,77,7,6649,5,3131
8233,04/20/2020T04:10:00 ,146775,1058,1541,196,250,77,7,6651,5,3129
8234,04/20/2020T04:20:00 ,146775,1055,1539,198,251,77,7,6653,5,3127
8235,04/20/2020T04:30:00 ,146775,1051,1540,199,250,77,7,6656,5,3124
8236,04/20/2020T04:40:00 ,146774,1047,1541,200,250,77,7,6659,5,3122
8237,04/20/2020T04:50:00 ,146774,1046,1541,200,250,77,7,6660,5,3121
8238,04/20/2020T05:00:00 ,146773,1042,1543,199,251,77,7,6663,5,3119
8239,04/20/2020T05:10:00 ,146771,1043,1540,198,252,77,7,6667,5,3117
8240,04/20/2020T05:20:00 ,146770,1040,1541,198,251,77,7,6671,5,3114
8241,04/20/2020T05:30:00 ,146770,1037,1542,198,251,77,7,6673,5,3112
8242,04/20/2020T05:40:00 ,146770,1033,1543,198,252,77,7,6675,5,3110
8243,04/20/2020T05:50:00 ,146770,1031,1544,198,251,77,7,6677,5,3108
8244,04/20/2020T06:00:00 ,146768,1029,1544,199,250,77,7,6681,5,3106
8245,04/20/2020T06:10:00 ,146767,1027,1545,197,252,77,7,6683,5,3105
8246,04/20/2020T06:20:00 ,146766,1024,1546,197,251,77,7,6687,5,3102
8247,04/20/2020T06:30:00 ,146766,1017,1550,198,251,77,7,6689,5,3100
8248,04/20/2020T06:40:00 ,146766,1012,1552,198,251,77,7,6692,5,3097
8249,04/20/2020T06:50:00 ,146765,1013,1549,198,251,77,7,6695,5,3095
8250,04/20/2020T07:00:00 ,146764,1009,1548,199,252,77,7,6699,5,3092
8251,04/20/2020T07:10:00 ,146763,1007,1546,199,253,77,7,6703,5,3089
8252,04/20/2020T07:20:00 ,146763,1007,1543,198,254,77,7,6706,5,3086
8253,04/20/2020T07:30:00 ,146763,1004,1542,199,255,77,7,6708,5,3084
8254,04/20/2020T07:40:00 ,146763,1003,1542,199,253,77,7,6711,5,3081
8255,04/20/2020T07:50:00 ,146763,1002,1539,198,254,77,7,6715,5,3077
8256,04/20/2020T08:00:00 ,146763,1000,1538,198,254,77,7,6718,5,3074
8257,04/20/2020T08:10:00 ,146763,996,1541,198,254,77,7,6719,5,3073
8258,04/20/2020T08:20:00 ,146762,992,1544,197,253,76,7,6724,5,3069
8259,04/20/2020T08:30:00 ,146757,993,1545,197,253,76,7,6727,5,3071
8260,04/20/2020T08:40:00 ,146757,987,1547,198,253,76,7,6730,5,3068
8261,04/20/2020T08:50:00 ,146757,983,1545,199,253,76,7,6735,5,3063
8262,04/20/2020T09:00:00 ,146757,982,1545,200,253,76,7,6735,5,3063
8263,04/20/2020T09:10:00 ,146756,981,1547,200,252,76,7,6736,5,3063
8264,04/20/2020T09:20:00 ,146756,979,1548,201,252,76,7,6736,5,3063
8265,04/20/2020T09:30:00 ,146756,977,1547,199,254,76,7,6739,5,3060
8266,04/20/2020T09:40:00 ,146755,975,1548,199,254,76,7,6741,5,3059
8267,04/20/2020T09:50:00 ,146753,977,1545,199,254,76,7,6744,5,3058
8268,04/20/2020T10:00:00 ,146753,971,1546,202,254,76,7,6746,5,3056
8269,04/20/2020T10:10:00 ,146753,967,1549,201,255,76,7,6747,5,3055
8270,04/20/2020T10:20:00 ,146752,962,1550,201,257,76,7,6750,5,3053
8271,04/20/2020T10:30:00 ,146751,962,1550,201,257,76,7,6751,5,3053
8272,04/20/2020T10:40:00 ,146751,960,1548,201,256,76,7,6756,5,3048
8273,04/20/2020T10:50:00 ,146751,960,1548,201,256,76,7,6756,5,3048
8274,04/20/2020T11:00:00 ,146750,958,1551,201,256,76,7,6756,5,3049
8275,04/20/2020T11:10:00 ,146750,956,1551,199,256,76,7,6760,5,3045
8276,04/20/2020T11:20:00 ,146749,949,1556,199,257,76,7,6762,5,3044
8277,04/20/2020T11:30:00 ,146745,949,1558,197,258,76,7,6765,5,3045
8278,04/20/2020T11:40:00 ,146743,948,1557,197,260,76,7,6767,5,3045
8279,04/20/2020T11:50:00 ,146741,948,1558,198,259,76,7,6768,5,3046
8280,04/20/2020T12:00:00 ,146740,946,1557,198,260,76,7,6771,5,3044
8281,04/20/2020T12:10:00 ,146739,943,1557,197,261,76,7,6775,5,3041
8282,04/20/2020T12:20:00 ,146738,939,1561,197,262,76,7,6775,5,3042
8283,04/20/2020T12:30:00 ,146738,937,1560,196,263,77,6,6778,5,3039
8284,04/20/2020T12:40:00 ,146738,932,1561,198,264,77,6,6779,5,3038
8285,04/20/2020T12:50:00 ,146737,931,1563,196,265,77,6,6780,5,3038
8286,04/20/2020T13:00:00 ,146737,928,1562,196,266,77,6,6783,5,3035
8287,04/20/2020T13:10:00 ,146733,930,1563,196,265,77,6,6785,5,3037
8288,04/20/2020T13:20:00 ,146730,929,1564,197,266,77,6,6786,5,3039
8289,04/20/2020T13:30:00 ,146729,929,1563,197,267,77,6,6787,5,3039
8290,04/20/2020T13:40:00 ,146727,929,1565,196,268,77,6,6787,5,3041
8291,04/20/2020T13:50:00 ,146727,928,1565,195,269,77,6,6788,5,3040
8292,04/20/2020T14:00:00 ,146726,923,1566,196,270,77,6,6791,5,3038
8293,04/20/2020T14:10:00 ,146725,922,1567,194,272,77,6,6792,5,3038
8294,04/20/2020T14:20:00 ,146724,923,1563,194,270,77,6,6798,5,3033
8295,04/20/2020T14:30:00 ,146722,922,1562,196,270,77,6,6800,5,3033
8296,04/20/2020T14:40:00 ,146722,916,1566,196,272,77,6,6800,5,3033
8297,04/20/2020T14:50:00 ,146721,915,1566,196,272,77,6,6802,5,3032
8298,04/20/2020T15:00:00 ,146717,918,1565,195,271,77,6,6806,5,3032
8299,04/20/2020T15:10:00 ,146717,916,1565,195,271,77,6,6808,5,3030
8300,04/20/2020T15:20:00 ,146717,916,1564,194,272,77,6,6809,5,3029
8301,04/20/2020T15:30:00 ,146716,910,1571,192,274,77,6,6809,5,3030
8302,04/20/2020T15:40:00 ,146716,908,1569,191,273,77,6,6815,5,3024
8303,04/20/2020T15:50:00 ,146716,907,1570,189,273,77,6,6817,5,3022
8304,04/20/2020T16:00:00 ,146715,906,1570,188,274,77,6,6819,5,3021
8305,04/20/2020T16:10:00 ,146715,903,1572,187,274,77,6,6821,5,3019
8306,04/20/2020T16:20:00 ,146715,899,1573,187,275,77,6,6823,5,3017
8307,04/20/2020T16:30:00 ,146713,900,1573,186,276,77,6,6824,5,3018
8308,04/20/2020T16:40:00 ,146713,897,1575,187,275,77,6,6825,5,3017
8309,04/20/2020T16:50:00 ,146713,894,1577,187,276,77,6,6825,5,3017
8310,04/20/2020T17:00:00 ,146712,893,1574,187,276,77,6,6830,5,3013
8311,04/20/2020T17:10:00 ,146711,888,1578,186,277,77,6,6832,5,3012
8312,04/20/2020T17:20:00 ,146711,886,1578,185,278,77,6,6834,5,3010
8313,04/20/2020T17:30:00 ,146711,884,1578,184,279,77,6,6836,5,3008
8314,04/20/2020T17:40:00 ,146710,879,1582,186,279,77,6,6836,5,3009
8315,04/20/2020T17:50:00 ,146707,881,1582,186,279,77,6,6837,5,3011
8316,04/20/2020T18:00:00 ,146707,878,1580,187,279,77,6,6841,5,3007
8317,04/20/2020T18:10:00 ,146707,874,1581,187,279,77,6,6844,5,3004
8318,04/20/2020T18:20:00 ,146704,875,1580,186,280,77,6,6847,5,3004
8319,04/20/2020T18:30:00 ,146701,874,1583,186,280,77,6,6848,5,3006
8320,04/20/2020T18:40:00 ,146700,873,1579,184,279,77,6,6857,5,2998
8321,04/20/2020T18:50:00 ,146700,869,1581,185,279,77,6,6858,5,2997
8322,04/20/2020T19:00:00 ,146697,867,1584,186,278,77,6,6860,5,2998
8323,04/20/2020T19:10:00 ,146697,864,1583,186,277,77,6,6865,5,2993
8324,04/20/2020T19:20:00 ,146695,862,1587,185,277,77,6,6866,5,2994
8325,04/20/2020T19:30:00 ,146693,864,1587,182,280,77,6,6866,5,2996
8326,04/20/2020T19:40:00 ,146692,863,1587,180,282,77,6,6868,5,2995
8327,04/20/2020T19:50:00 ,146690,861,1587,181,282,77,6,6871,5,2994
8328,04/20/2020T20:00:00 ,146685,863,1588,181,283,77,6,6872,5,2998
8329,04/20/2020T20:10:00 ,146679,867,1589,181,283,77,6,6873,5,3003
8330,04/20/2020T20:20:00 ,146678,866,1588,182,279,77,6,6879,5,2998
8331,04/20/2020T20:30:00 ,146676,864,1589,181,279,76,6,6884,5,2995
8332,04/20/2020T20:40:00 ,146673,864,1591,181,280,76,6,6884,5,2998
8333,04/20/2020T20:50:00 ,146671,864,1589,181,280,76,6,6888,5,2996
8334,04/20/2020T21:00:00 ,146667,867,1586,180,280,76,6,6893,5,2995
8335,04/20/2020T21:10:00 ,146664,866,1588,180,279,76,6,6896,5,2995
8336,04/20/2020T21:20:00 ,146662,866,1587,180,279,76,6,6899,5,2994
8337,04/20/2020T21:30:00 ,146660,864,1588,181,279,76,6,6901,5,2994
8338,04/20/2020T21:40:00 ,146660,859,1592,181,279,76,6,6902,5,2993
8339,04/20/2020T21:50:00 ,146659,856,1592,182,277,75,6,6908,5,2988
8340,04/20/2020T22:00:00 ,146658,857,1588,182,277,75,6,6912,5,2985
8341,04/20/2020T22:10:00 ,146655,857,1590,183,276,76,6,6912,5,2988
8342,04/20/2020T22:20:00 ,146654,857,1590,182,276,76,6,6914,5,2987
8343,04/20/2020T22:30:00 ,146652,857,1591,183,275,76,6,6915,5,2988
8344,04/20/2020T22:40:00 ,146650,857,1590,183,276,76,6,6917,5,2988
8345,04/20/2020T22:50:00 ,146649,856,1589,184,276,76,6,6919,5,2987
8346,04/20/2020T23:00:00 ,146646,857,1591,184,276,75,6,6920,5,2989
8347,04/20/2020T23:10:00 ,146646,855,1591,183,278,75,6,6921,5,2988
8348,04/20/2020T23:20:00 ,146646,853,1589,183,279,75,6,6924,5,2985
8349,04/20/2020T23:30:00 ,146644,854,1588,182,279,75,6,6927,5,2984
8350,04/20/2020T23:40:00 ,146644,850,1591,183,279,75,6,6927,5,2984
8351,04/20/2020T23:50:00 ,146644,847,1587,184,280,75,6,6932,5,2979
8352,04/21/2020T00:00:00 ,146644,844,1587,184,280,75,6,6935,5,2976
8353,04/21/2020T00:10:00 ,146642,843,1589,185,278,75,6,6937,5,2976
8354,04/21/2020T00:20:00 ,146641,841,1590,186,278,75,6,6938,5,2976
8355,04/21/2020T00:30:00 ,146641,838,1590,188,277,75,6,6940,5,2974
8356,04/21/2020T00:40:00 ,146638,838,1589,189,276,76,6,6943,5,2974
8357,04/21/2020T00:50:00 ,146638,832,1593,190,277,76,6,6943,5,2974
8358,04/21/2020T01:00:00 ,146637,829,1595,191,277,76,6,6944,5,2974
8359,04/21/2020T01:10:00 ,146637,827,1594,190,278,76,6,6947,5,2971
8360,04/21/2020T01:20:00 ,146637,824,1590,191,278,76,6,6953,5,2965
8361,04/21/2020T01:30:00 ,146637,823,1586,191,278,76,6,6958,5,2960
8362,04/21/2020T01:40:00 ,146637,821,1587,190,279,76,6,6959,5,2959
8363,04/21/2020T01:50:00 ,146637,820,1587,190,277,76,6,6962,5,2956
8364,04/21/2020T02:00:00 ,146637,816,1590,190,277,76,6,6963,5,2955
8365,04/21/2020T02:10:00 ,146637,811,1592,190,278,76,6,6965,5,2953
8366,04/21/2020T02:20:00 ,146636,809,1590,191,277,75,6,6971,5,2948
8367,04/21/2020T02:30:00 ,146634,809,1590,192,275,75,6,6974,5,2947
8368,04/21/2020T02:40:00 ,146634,805,1594,191,274,75,6,6976,5,2945
8369,04/21/2020T02:50:00 ,146634,802,1593,192,274,75,6,6979,5,2942
8370,04/21/2020T03:00:00 ,146633,799,1596,190,275,75,6,6981,5,2941
8371,04/21/2020T03:10:00 ,146631,798,1598,189,275,75,6,6983,5,2941
8372,04/21/2020T03:20:00 ,146631,790,1603,189,274,75,6,6987,5,2937
8373,04/21/2020T03:30:00 ,146631,786,1601,190,274,74,6,6993,5,2931
8374,04/21/2020T03:40:00 ,146631,784,1598,191,273,74,6,6998,5,2926
8375,04/21/2020T03:50:00 ,146630,782,1599,191,274,74,6,6999,5,2926
8376,04/21/2020T04:00:00 ,146629,782,1599,191,273,73,6,7001,6,2924
8377,04/21/2020T04:10:00 ,146627,783,1597,191,272,73,6,7005,6,2922
8378,04/21/2020T04:20:00 ,146627,779,1600,191,272,73,6,7006,6,2921
8379,04/21/2020T04:30:00 ,146626,780,1598,191,271,73,6,7009,6,2919
8380,04/21/2020T04:40:00 ,146625,780,1594,190,272,73,6,7014,6,2915
8381,04/21/2020T04:50:00 ,146624,776,1598,191,272,73,6,7014,6,2916
8382,04/21/2020T05:00:00 ,146622,778,1596,189,272,73,6,7018,6,2914
8383,04/21/2020T05:10:00 ,146621,777,1595,189,273,73,6,7020,6,2913
8384,04/21/2020T05:20:00 ,146621,772,1597,191,272,73,6,7022,6,2911
8385,04/21/2020T05:30:00 ,146619,772,1594,192,271,73,6,7027,6,2908
8386,04/21/2020T05:40:00 ,146619,768,1597,193,271,73,6,7027,6,2908
8387,04/21/2020T05:50:00 ,146618,768,1597,193,271,73,6,7028,6,2908
8388,04/21/2020T06:00:00 ,146618,767,1597,193,270,73,6,7030,6,2906
8389,04/21/2020T06:10:00 ,146618,764,1599,194,270,73,6,7030,6,2906
8390,04/21/2020T06:20:00 ,146618,757,1604,196,269,74,6,7030,6,2906
8391,04/21/2020T06:30:00 ,146618,752,1604,196,270,74,6,7034,6,2902
8392,04/21/2020T06:40:00 ,146617,748,1605,198,270,74,6,7036,6,2901
8393,04/21/2020T06:50:00 ,146615,749,1606,197,271,74,6,7036,6,2903
8394,04/21/2020T07:00:00 ,146615,746,1604,196,273,74,6,7040,6,2899
8395,04/21/2020T07:10:00 ,146614,742,1609,196,273,74,6,7040,6,2900
8396,04/21/2020T07:20:00 ,146614,741,1609,196,273,74,6,7041,6,2899
8397,04/21/2020T07:30:00 ,146612,741,1608,197,273,74,6,7043,6,2899
8398,04/21/2020T07:40:00 ,146610,738,1609,197,273,74,6,7047,6,2897
8399,04/21/2020T07:50:00 ,146605,740,1609,197,273,74,6,7050,6,2899
8400,04/21/2020T08:00:00 ,146601,742,1611,197,273,74,6,7050,6,2903
8401,04/21/2020T08:10:00 ,146592,749,1612,197,273,74,6,7051,6,2911
8402,04/21/2020T08:20:00 ,146584,755,1612,198,273,74,6,7052,6,2918
8403,04/21/2020T08:30:00 ,146575,763,1609,198,273,74,6,7056,6,2923
8404,04/21/2020T08:40:00 ,146561,775,1609,198,273,74,6,7058,6,2935
8405,04/21/2020T08:50:00 ,146552,779,1608,200,273,74,6,7062,6,2940
8406,04/21/2020T09:00:00 ,146537,793,1608,200,273,74,6,7063,6,2954
8407,04/21/2020T09:10:00 ,146524,804,1608,199,274,74,6,7065,6,2965
8408,04/21/2020T09:20:00 ,146506,820,1608,200,273,74,6,7067,6,2981
8409,04/21/2020T09:30:00 ,146488,837,1609,199,274,74,6,7067,6,2999
8410,04/21/2020T09:40:00 ,146471,852,1609,198,275,74,6,7069,6,3014
8411,04/21/2020T09:50:00 ,146454,869,1605,197,275,74,6,7074,6,3026
8412,04/21/2020T10:00:00 ,146448,872,1605,197,273,74,6,7079,6,3027
8413,04/21/2020T10:10:00 ,146425,894,1605,193,277,74,6,7080,6,3049
8414,04/21/2020T10:20:00 ,146415,904,1603,193,276,74,6,7083,6,3056
8415,04/21/2020T10:30:00 ,146399,918,1604,192,277,74,6,7084,6,3071
8416,04/21/2020T10:40:00 ,146383,934,1602,191,278,74,6,7086,6,3085
8417,04/21/2020T10:50:00 ,146366,944,1608,191,278,75,6,7086,6,3102
8418,04/21/2020T11:00:00 ,146339,969,1610,191,278,75,6,7086,6,3129
8419,04/21/2020T11:10:00 ,146326,981,1609,190,279,75,6,7088,6,3140
8420,04/21/2020T11:20:00 ,146314,983,1614,192,278,75,6,7092,6,3148
8421,04/21/2020T11:30:00 ,146301,995,1612,192,278,75,6,7095,6,3158
8422,04/21/2020T11:40:00 ,146288,1006,1610,192,279,75,6,7098,6,3168
8423,04/21/2020T11:50:00 ,146278,1016,1608,192,279,75,6,7100,6,3176
8424,04/21/2020T12:00:00 ,146262,1030,1608,193,278,75,6,7102,6,3190
8425,04/21/2020T12:10:00 ,146249,1042,1605,193,278,75,6,7106,6,3199
8426,04/21/2020T12:20:00 ,146241,1049,1601,194,278,75,6,7110,6,3203
8427,04/21/2020T12:30:00 ,146230,1057,1601,193,278,75,6,7114,6,3210
8428,04/21/2020T12:40:00 ,146217,1069,1600,193,277,74,6,7118,6,3219
8429,04/21/2020T12:50:00 ,146210,1073,1598,195,277,74,6,7121,6,3223
8430,04/21/2020T13:00:00 ,146195,1085,1599,197,276,74,6,7122,6,3237
8431,04/21/2020T13:10:00 ,146186,1091,1601,198,276,74,6,7122,6,3246
8432,04/21/2020T13:20:00 ,146177,1097,1602,199,276,74,6,7123,6,3254
8433,04/21/2020T13:30:00 ,146168,1106,1600,198,276,74,6,7126,6,3260
8434,04/21/2020T13:40:00 ,146159,1113,1599,199,276,74,6,7128,6,3267
8435,04/21/2020T13:50:00 ,146142,1130,1597,199,276,74,6,7130,6,3282
8436,04/21/2020T14:00:00 ,146126,1145,1592,199,276,74,6,7136,6,3292
8437,04/21/2020T14:10:00 ,146110,1159,1591,199,276,74,6,7139,6,3305
8438,04/21/2020T14:20:00 ,146097,1170,1592,198,277,74,6,7140,6,3317
8439,04/21/2020T14:30:00 ,146085,1180,1593,198,275,74,6,7143,6,3326
8440,04/21/2020T14:40:00 ,146078,1185,1593,199,275,74,6,7144,6,3332
8441,04/21/2020T14:50:00 ,146061,1202,1590,198,276,74,6,7147,6,3346
8442,04/21/2020T15:00:00 ,146045,1217,1584,198,274,74,6,7156,6,3353
8443,04/21/2020T15:10:00 ,146035,1226,1584,198,274,74,6,7157,6,3362
8444,04/21/2020T15:20:00 ,146024,1234,1584,198,274,74,6,7160,6,3370
8445,04/21/2020T15:30:00 ,146010,1247,1584,197,275,74,6,7161,6,3383
8446,04/21/2020T15:40:00 ,145999,1258,1581,195,277,74,6,7164,6,3391
8447,04/21/2020T15:50:00 ,145990,1263,1582,196,276,75,6,7166,6,3398
8448,04/21/2020T16:00:00 ,145979,1272,1581,196,276,75,6,7169,6,3406
8449,04/21/2020T16:10:00 ,145963,1282,1584,198,274,75,6,7172,6,3419
8450,04/21/2020T16:20:00 ,145956,1287,1585,197,276,75,6,7172,6,3426
8451,04/21/2020T16:30:00 ,145952,1287,1586,198,276,75,6,7174,6,3428
8452,04/21/2020T16:40:00 ,145943,1296,1584,198,276,75,6,7176,6,3435
8453,04/21/2020T16:50:00 ,145938,1299,1582,197,277,75,6,7180,6,3436
8454,04/21/2020T17:00:00 ,145930,1306,1581,197,276,75,6,7183,6,3441
8455,04/21/2020T17:10:00 ,145928,1306,1579,197,276,75,6,7187,6,3439
8456,04/21/2020T17:20:00 ,145925,1307,1575,196,277,75,6,7193,6,3436
8457,04/21/2020T17:30:00 ,145922,1306,1577,196,277,75,6,7195,6,3437
8458,04/21/2020T17:40:00 ,145919,1306,1578,195,279,75,6,7196,6,3439
8459,04/21/2020T17:50:00 ,145914,1309,1578,194,279,75,6,7199,6,3441
8460,04/21/2020T18:00:00 ,145913,1308,1578,193,281,75,6,7200,6,3441
8461,04/21/2020T18:10:00 ,145913,1305,1579,193,280,76,6,7202,6,3439
8462,04/21/2020T18:20:00 ,145912,1304,1577,193,280,76,6,7206,6,3436
8463,04/21/2020T18:30:00 ,145910,1303,1577,191,282,76,6,7209,6,3435
8464,04/21/2020T18:40:00 ,145910,1300,1576,192,281,75,7,7213,6,3431
8465,04/21/2020T18:50:00 ,145909,1299,1574,190,283,75,7,7217,6,3428
8466,04/21/2020T19:00:00 ,145906,1301,1572,190,283,75,7,7220,6,3428
8467,04/21/2020T19:10:00 ,145905,1301,1569,189,283,75,7,7225,6,3424
8468,04/21/2020T19:20:00 ,145903,1302,1567,189,283,75,7,7228,6,3423
8469,04/21/2020T19:30:00 ,145902,1302,1564,189,283,75,7,7232,6,3420
8470,04/21/2020T19:40:00 ,145900,1297,1566,190,283,75,7,7236,6,3418
8471,04/21/2020T19:50:00 ,145900,1295,1568,189,283,75,7,7237,6,3417
8472,04/21/2020T20:00:00 ,145898,1296,1566,189,283,75,7,7240,6,3416
8473,04/21/2020T20:10:00 ,145898,1293,1567,188,284,75,7,7242,6,3414
8474,04/21/2020T20:20:00 ,145897,1291,1567,190,284,75,7,7243,6,3414
8475,04/21/2020T20:30:00 ,145895,1292,1563,189,285,75,7,7248,6,3411
8476,04/21/2020T20:40:00 ,145894,1291,1561,188,285,75,7,7253,6,3407
8477,04/21/2020T20:50:00 ,145894,1283,1565,190,285,75,7,7255,6,3405
8478,04/21/2020T21:00:00 ,145890,1285,1563,190,285,75,7,7259,6,3405
8479,04/21/2020T21:10:00 ,145889,1285,1564,189,285,75,7,7260,6,3405
8480,04/21/2020T21:20:00 ,145887,1285,1562,190,285,75,7,7263,6,3404
8481,04/21/2020T21:30:00 ,145886,1285,1563,190,285,75,7,7263,6,3405
8482,04/21/2020T21:40:00 ,145885,1283,1565,189,286,75,7,7264,6,3405
8483,04/21/2020T21:50:00 ,145884,1284,1564,189,286,75,7,7265,6,3405
8484,04/21/2020T22:00:00 ,145884,1281,1563,189,286,76,7,7268,6,3402
8485,04/21/2020T22:10:00 ,145884,1281,1562,187,287,76,7,7270,6,3400
8486,04/21/2020T22:20:00 ,145883,1279,1564,187,285,77,7,7272,6,3399
8487,04/21/2020T22:30:00 ,145883,1275,1566,186,286,77,7,7274,6,3397
8488,04/21/2020T22:40:00 ,145883,1273,1565,186,284,77,7,7279,6,3392
8489,04/21/2020T22:50:00 ,145883,1271,1562,186,283,78,7,7284,6,3387
8490,04/21/2020T23:00:00 ,145883,1265,1565,186,283,78,7,7287,6,3384
8491,04/21/2020T23:10:00 ,145882,1263,1566,185,284,78,7,7289,6,3383
8492,04/21/2020T23:20:00 ,145882,1262,1564,183,286,78,7,7292,6,3380
8493,04/21/2020T23:30:00 ,145882,1261,1564,182,286,78,7,7294,6,3378
8494,04/21/2020T23:40:00 ,145881,1260,1565,182,286,78,7,7295,6,3378
8495,04/21/2020T23:50:00 ,145880,1256,1567,180,287,78,7,7299,6,3375
8496,04/22/2020T00:00:00 ,145880,1256,1565,180,285,78,7,7303,6,3371
8497,04/22/2020T00:10:00 ,145880,1254,1566,180,283,78,7,7306,6,3368
8498,04/22/2020T00:20:00 ,145880,1248,1567,183,284,78,7,7307,6,3367
8499,04/22/2020T00:30:00 ,145879,1247,1564,184,284,78,7,7311,6,3364
8500,04/22/2020T00:40:00 ,145877,1244,1567,183,285,78,7,7313,6,3364
8501,04/22/2020T00:50:00 ,145877,1242,1566,183,286,77,8,7315,6,3362
8502,04/22/2020T01:00:00 ,145877,1238,1567,184,286,77,8,7317,6,3360
8503,04/22/2020T01:10:00 ,145877,1236,1565,185,285,77,8,7321,6,3356
8504,04/22/2020T01:20:00 ,145877,1235,1564,184,286,77,8,7323,6,3354
8505,04/22/2020T01:30:00 ,145877,1231,1563,185,286,77,8,7327,6,3350
8506,04/22/2020T01:40:00 ,145876,1230,1564,185,286,76,8,7329,6,3349
8507,04/22/2020T01:50:00 ,145875,1226,1563,187,284,76,7,7335,7,3343
8508,04/22/2020T02:00:00 ,145874,1223,1562,189,283,76,7,7339,7,3340
8509,04/22/2020T02:10:00 ,145874,1222,1560,189,283,76,7,7342,7,3337
8510,04/22/2020T02:20:00 ,145874,1221,1556,188,283,76,7,7348,7,3331
8511,04/22/2020T02:30:00 ,145873,1219,1556,188,283,76,7,7351,7,3329
8512,04/22/2020T02:40:00 ,145873,1217,1556,188,283,76,7,7353,7,3327
8513,04/22/2020T02:50:00 ,145872,1215,1554,188,282,76,7,7359,7,3322
8514,04/22/2020T03:00:00 ,145870,1214,1557,188,282,76,7,7359,7,3324
8515,04/22/2020T03:10:00 ,145869,1212,1556,188,283,76,7,7362,7,3322
8516,04/22/2020T03:20:00 ,145869,1211,1553,188,282,76,7,7367,7,3317
8517,04/22/2020T03:30:00 ,145869,1209,1553,188,282,76,7,7369,7,3315
8518,04/22/2020T03:40:00 ,145869,1209,1550,188,282,76,7,7372,7,3312
8519,04/22/2020T03:50:00 ,145869,1205,1552,188,282,76,7,7374,7,3310
8520,04/22/2020T04:00:00 ,145868,1204,1550,188,281,76,7,7379,7,3306
8521,04/22/2020T04:10:00 ,145868,1203,1549,188,281,76,7,7381,7,3304
8522,04/22/2020T04:20:00 ,145867,1201,1547,190,279,76,7,7386,7,3300
8523,04/22/2020T04:30:00 ,145867,1196,1548,192,279,76,7,7388,7,3298
8524,04/22/2020T04:40:00 ,145865,1196,1549,189,282,76,7,7389,7,3299
8525,04/22/2020T04:50:00 ,145864,1192,1552,190,282,76,7,7390,7,3299
8526,04/22/2020T05:00:00 ,145862,1191,1551,191,282,76,7,7393,7,3298
8527,04/22/2020T05:10:00 ,145861,1188,1553,191,282,76,7,7395,7,3297
8528,04/22/2020T05:20:00 ,145860,1185,1556,190,282,76,7,7397,7,3296
8529,04/22/2020T05:30:00 ,145860,1183,1558,189,283,76,7,7397,7,3296
8530,04/22/2020T05:40:00 ,145860,1180,1558,189,284,76,7,7399,7,3294
8531,04/22/2020T05:50:00 ,145860,1177,1559,189,284,75,7,7402,7,3291
8532,04/22/2020T06:00:00 ,145859,1177,1560,189,284,75,7,7402,7,3292
8533,04/22/2020T06:10:00 ,145857,1178,1559,190,284,75,7,7403,7,3293
8534,04/22/2020T06:20:00 ,145857,1174,1562,190,285,75,7,7403,7,3293
8535,04/22/2020T06:30:00 ,145857,1174,1560,190,283,75,7,7407,7,3289
8536,04/22/2020T06:40:00 ,145857,1170,1563,189,284,75,7,7408,7,3288
8537,04/22/2020T06:50:00 ,145857,1168,1560,189,284,75,7,7413,7,3283
8538,04/22/2020T07:00:00 ,145857,1166,1556,188,285,75,7,7419,7,3277
8539,04/22/2020T07:10:00 ,145855,1167,1555,188,284,75,7,7422,7,3276
8540,04/22/2020T07:20:00 ,145854,1166,1555,186,285,75,7,7425,7,3274
8541,04/22/2020T07:30:00 ,145853,1163,1557,187,285,74,8,7426,7,3274
8542,04/22/2020T07:40:00 ,145851,1161,1558,188,286,74,8,7427,7,3275
8543,04/22/2020T07:50:00 ,145847,1164,1558,188,286,74,8,7428,7,3278
8544,04/22/2020T08:00:00 ,145844,1165,1555,188,286,74,8,7433,7,3276
8545,04/22/2020T08:10:00 ,145843,1165,1551,189,286,74,8,7437,7,3273
8546,04/22/2020T08:20:00 ,145837,1169,1553,187,288,74,8,7437,7,3279
8547,04/22/2020T08:30:00 ,145834,1170,1555,187,287,74,8,7438,7,3281
8548,04/22/2020T08:40:00 ,145824,1177,1557,186,288,74,8,7439,7,3290
8549,04/22/2020T08:50:00 ,145816,1184,1554,185,290,74,8,7442,7,3295
8550,04/22/2020T09:00:00 ,145812,1185,1554,186,290,74,8,7444,7,3297
8551,04/22/2020T09:10:00 ,145802,1192,1556,185,290,74,8,7446,7,3305
8552,04/22/2020T09:20:00 ,145793,1199,1556,186,289,74,8,7448,7,3312
8553,04/22/2020T09:30:00 ,145781,1207,1557,186,290,74,8,7450,7,3322
8554,04/22/2020T09:40:00 ,145769,1218,1555,185,291,74,8,7453,7,3331
8555,04/22/2020T09:50:00 ,145764,1218,1555,184,291,73,8,7460,7,3329
8556,04/22/2020T10:00:00 ,145755,1224,1558,184,291,73,8,7460,7,3338
8557,04/22/2020T10:10:00 ,145744,1232,1558,184,290,73,8,7464,7,3345
8558,04/22/2020T10:20:00 ,145738,1236,1557,184,290,73,8,7467,7,3348
8559,04/22/2020T10:30:00 ,145728,1244,1558,184,290,72,9,7468,7,3357
8560,04/22/2020T10:40:00 ,145716,1253,1559,185,289,72,9,7470,7,3367
8561,04/22/2020T10:50:00 ,145702,1263,1557,187,289,72,9,7474,7,3377
8562,04/22/2020T11:00:00 ,145689,1275,1555,188,288,72,9,7477,7,3387
8563,04/22/2020T11:10:00 ,145680,1282,1553,188,289,72,9,7480,7,3393
8564,04/22/2020T11:20:00 ,145673,1287,1552,188,288,73,9,7483,7,3397
8565,04/22/2020T11:30:00 ,145663,1295,1554,188,287,73,9,7484,7,3406
8566,04/22/2020T11:40:00 ,145645,1310,1552,185,290,73,9,7489,7,3419
8567,04/22/2020T11:50:00 ,145639,1312,1548,187,290,73,9,7495,7,3419
8568,04/22/2020T12:00:00 ,145627,1323,1544,188,288,73,9,7501,7,3425
8569,04/22/2020T12:10:00 ,145619,1326,1546,186,289,74,9,7504,7,3430
8570,04/22/2020T12:20:00 ,145612,1331,1544,188,287,74,9,7508,7,3433
8571,04/22/2020T12:30:00 ,145600,1339,1546,188,287,74,9,7510,7,3443
8572,04/22/2020T12:40:00 ,145594,1344,1542,187,288,74,9,7515,7,3444
8573,04/22/2020T12:50:00 ,145580,1357,1541,186,289,74,9,7517,7,3456
8574,04/22/2020T13:00:00 ,145574,1362,1539,184,291,74,9,7520,7,3459
8575,04/22/2020T13:10:00 ,145564,1370,1539,183,292,74,9,7522,7,3467
8576,04/22/2020T13:20:00 ,145557,1373,1541,183,292,74,9,7524,7,3472
8577,04/22/2020T13:30:00 ,145551,1378,1541,181,293,74,9,7526,7,3476
8578,04/22/2020T13:40:00 ,145547,1381,1542,179,295,74,9,7526,7,3480
8579,04/22/2020T13:50:00 ,145539,1388,1542,179,294,74,9,7528,7,3486
8580,04/22/2020T14:00:00 ,145533,1391,1540,180,292,73,9,7535,7,3485
8581,04/22/2020T14:10:00 ,145529,1393,1540,180,291,73,9,7538,7,3486
8582,04/22/2020T14:20:00 ,145520,1396,1546,180,291,73,9,7538,7,3495
8583,04/22/2020T14:30:00 ,145515,1398,1546,181,291,73,9,7540,7,3498
8584,04/22/2020T14:40:00 ,145502,1409,1546,180,292,73,9,7542,7,3509
8585,04/22/2020T14:50:00 ,145496,1413,1547,180,292,73,9,7543,7,3514
8586,04/22/2020T15:00:00 ,145487,1420,1547,178,294,73,9,7545,7,3521
8587,04/22/2020T15:10:00 ,145481,1425,1547,177,294,73,9,7547,7,3525
8588,04/22/2020T15:20:00 ,145471,1431,1546,178,294,73,9,7551,7,3531
8589,04/22/2020T15:30:00 ,145465,1435,1547,177,295,73,9,7552,7,3536
8590,04/22/2020T15:40:00 ,145458,1438,1545,178,295,73,9,7557,7,3538
8591,04/22/2020T15:50:00 ,145450,1445,1542,177,295,73,9,7562,7,3541
8592,04/22/2020T16:00:00 ,145446,1444,1542,177,296,73,9,7566,7,3541
8593,04/22/2020T16:10:00 ,145443,1445,1541,177,297,73,9,7568,7,3542
8594,04/22/2020T16:20:00 ,145438,1446,1541,177,297,73,9,7572,7,3543
8595,04/22/2020T16:30:00 ,145432,1450,1538,178,296,73,9,7577,7,3544
8596,04/22/2020T16:40:00 ,145427,1449,1539,178,298,73,9,7580,7,3546
8597,04/22/2020T16:50:00 ,145422,1452,1539,179,295,72,9,7585,7,3546
8598,04/22/2020T17:00:00 ,145419,1452,1539,178,296,72,9,7588,7,3546
8599,04/22/2020T17:10:00 ,145416,1455,1537,177,297,72,9,7590,7,3547
8600,04/22/2020T17:20:00 ,145415,1455,1536,178,297,72,9,7591,7,3547
8601,04/22/2020T17:30:00 ,145410,1457,1537,178,296,72,9,7594,7,3549
8602,04/22/2020T17:40:00 ,145409,1456,1538,176,298,72,9,7595,7,3549
8603,04/22/2020T17:50:00 ,145408,1455,1535,177,298,72,9,7599,7,3546
8604,04/22/2020T18:00:00 ,145408,1452,1535,177,298,72,9,7602,7,3543
8605,04/22/2020T18:10:00 ,145406,1452,1533,178,297,72,9,7606,7,3541
8606,04/22/2020T18:20:00 ,145404,1453,1534,177,297,72,9,7607,7,3542
8607,04/22/2020T18:30:00 ,145403,1450,1531,177,296,72,9,7615,7,3535
8608,04/22/2020T18:40:00 ,145403,1447,1531,177,296,72,9,7618,7,3532
8609,04/22/2020T18:50:00 ,145402,1446,1531,177,296,72,9,7620,7,3531
8610,04/22/2020T19:00:00 ,145400,1446,1533,177,296,72,9,7620,7,3533
8611,04/22/2020T19:10:00 ,145397,1449,1532,175,298,72,9,7621,7,3535
8612,04/22/2020T19:20:00 ,145395,1449,1533,174,299,72,9,7622,7,3536
8613,04/22/2020T19:30:00 ,145394,1448,1534,173,300,72,9,7623,7,3536
8614,04/22/2020T19:40:00 ,145393,1448,1534,173,301,72,9,7623,7,3537
8615,04/22/2020T19:50:00 ,145392,1446,1528,173,301,72,9,7632,7,3529
8616,04/22/2020T20:00:00 ,145392,1441,1529,172,302,72,9,7636,7,3525
8617,04/22/2020T20:10:00 ,145390,1441,1530,171,303,72,9,7637,7,3526
8618,04/22/2020T20:20:00 ,145388,1441,1529,170,302,72,9,7642,7,3523
8619,04/22/2020T20:30:00 ,145388,1435,1529,171,301,73,9,7647,7,3518
8620,04/22/2020T20:40:00 ,145387,1433,1531,170,301,73,9,7649,7,3517
8621,04/22/2020T20:50:00 ,145387,1430,1532,170,300,73,9,7652,7,3514
8622,04/22/2020T21:00:00 ,145387,1424,1536,170,299,73,9,7655,7,3511
8623,04/22/2020T21:10:00 ,145386,1422,1534,172,299,72,9,7659,7,3508
8624,04/22/2020T21:20:00 ,145385,1422,1535,171,299,73,9,7659,7,3509
8625,04/22/2020T21:30:00 ,145385,1418,1536,171,299,73,9,7662,7,3506
8626,04/22/2020T21:40:00 ,145385,1416,1535,171,300,73,9,7664,7,3504
8627,04/22/2020T21:50:00 ,145384,1416,1532,171,299,73,9,7669,7,3500
8628,04/22/2020T22:00:00 ,145383,1412,1533,172,297,74,9,7673,7,3497
8629,04/22/2020T22:10:00 ,145383,1410,1529,172,296,74,9,7680,7,3490
8630,04/22/2020T22:20:00 ,145383,1408,1525,173,296,74,9,7685,7,3485
8631,04/22/2020T22:30:00 ,145382,1409,1523,172,296,74,9,7688,7,3483
8632,04/22/2020T22:40:00 ,145382,1409,1522,171,296,74,9,7690,7,3481
8633,04/22/2020T22:50:00 ,145382,1406,1525,171,293,75,9,7692,7,3479
8634,04/22/2020T23:00:00 ,145382,1404,1524,171,293,75,9,7695,7,3476
8635,04/22/2020T23:10:00 ,145382,1404,1521,170,294,75,9,7698,7,3473
8636,04/22/2020T23:20:00 ,145382,1401,1520,170,294,75,9,7702,7,3469
8637,04/22/2020T23:30:00 ,145382,1400,1519,170,294,75,9,7704,7,3467
8638,04/22/2020T23:40:00 ,145382,1398,1518,170,292,75,9,7709,7,3462
8639,04/22/2020T23:50:00 ,145382,1394,1519,171,293,75,9,7710,7,3461
8640,04/23/2020T00:00:00 ,145382,1393,1519,170,293,75,9,7712,7,3459
8641,04/23/2020T00:10:00 ,145382,1391,1520,168,294,75,9,7714,7,3457
8642,04/23/2020T00:20:00 ,145381,1390,1520,168,293,75,9,7717,7,3455
8643,04/23/2020T00:30:00 ,145381,1387,1522,168,292,75,9,7719,7,3453
8644,04/23/2020T00:40:00 ,145380,1382,1523,169,292,75,9,7723,7,3450
8645,04/23/2020T00:50:00 ,145380,1381,1521,170,291,75,9,7726,7,3447
8646,04/23/2020T01:00:00 ,145380,1377,1523,170,291,75,9,7728,7,3445
8647,04/23/2020T01:10:00 ,145379,1372,1527,170,292,75,9,7729,7,3445
8648,04/23/2020T01:20:00 ,145379,1369,1525,169,293,75,9,7734,7,3440
8649,04/23/2020T01:30:00 ,145379,1367,1525,169,294,75,9,7735,7,3439
8650,04/23/2020T01:40:00 ,145378,1365,1526,171,294,75,9,7735,7,3440
8651,04/23/2020T01:50:00 ,145378,1364,1526,171,294,75,9,7736,7,3439
8652,04/23/2020T02:00:00 ,145378,1361,1525,172,293,75,9,7740,7,3435
8653,04/23/2020T02:10:00 ,145378,1357,1528,171,295,75,9,7740,7,3435
8654,04/23/2020T02:20:00 ,145378,1354,1528,169,297,75,9,7743,7,3432
8655,04/23/2020T02:30:00 ,145377,1354,1527,169,294,75,9,7748,7,3428
8656,04/23/2020T02:40:00 ,145375,1356,1522,169,294,75,9,7753,7,3425
8657,04/23/2020T02:50:00 ,145375,1355,1519,170,293,75,9,7757,7,3421
8658,04/23/2020T03:00:00 ,145375,1353,1517,171,293,75,9,7760,7,3418
8659,04/23/2020T03:10:00 ,145374,1350,1518,173,292,75,9,7762,7,3417
8660,04/23/2020T03:20:00 ,145373,1347,1519,173,292,75,9,7765,7,3415
8661,04/23/2020T03:30:00 ,145371,1346,1522,173,292,74,9,7766,7,3416
8662,04/23/2020T03:40:00 ,145371,1345,1519,173,291,74,9,7771,7,3411
8663,04/23/2020T03:50:00 ,145367,1346,1519,173,292,73,9,7774,7,3412
8664,04/23/2020T04:00:00 ,145367,1345,1515,173,292,73,9,7779,7,3407
8665,04/23/2020T04:10:00 ,145366,1342,1514,174,292,73,9,7783,7,3404
8666,04/23/2020T04:20:00 ,145366,1340,1510,173,294,73,9,7788,7,3399
8667,04/23/2020T04:30:00 ,145366,1338,1509,173,293,73,9,7792,7,3395
8668,04/23/2020T04:40:00 ,145366,1333,1510,173,294,73,9,7795,7,3392
8669,04/23/2020T04:50:00 ,145365,1329,1512,174,294,73,9,7797,7,3391
8670,04/23/2020T05:00:00 ,145362,1329,1513,173,295,73,9,7799,7,3392
8671,04/23/2020T05:10:00 ,145362,1328,1512,173,294,73,9,7802,7,3389
8672,04/23/2020T05:20:00 ,145361,1328,1513,172,295,73,9,7802,7,3390
8673,04/23/2020T05:30:00 ,145359,1328,1513,171,294,73,9,7806,7,3388
8674,04/23/2020T05:40:00 ,145359,1325,1513,170,296,73,9,7808,7,3386
8675,04/23/2020T05:50:00 ,145358,1322,1514,171,295,73,9,7811,7,3384
8676,04/23/2020T06:00:00 ,145357,1321,1513,172,294,74,9,7813,7,3383
8677,04/23/2020T06:10:00 ,145357,1318,1515,173,294,74,9,7813,7,3383
8678,04/23/2020T06:20:00 ,145355,1317,1516,173,293,74,9,7816,7,3382
8679,04/23/2020T06:30:00 ,145355,1316,1515,172,293,73,9,7820,7,3378
8680,04/23/2020T06:40:00 ,145354,1313,1518,172,292,73,9,7822,7,3377
8681,04/23/2020T06:50:00 ,145354,1312,1516,172,291,73,9,7826,7,3373
8682,04/23/2020T07:00:00 ,145354,1309,1515,173,291,73,9,7829,7,3370
8683,04/23/2020T07:10:00 ,145354,1307,1514,173,291,73,9,7832,7,3367
8684,04/23/2020T07:20:00 ,145352,1309,1511,172,292,73,9,7835,7,3366
8685,04/23/2020T07:30:00 ,145352,1307,1510,172,289,74,9,7840,7,3361
8686,04/23/2020T07:40:00 ,145348,1310,1508,171,290,74,9,7843,7,3362
8687,04/23/2020T07:50:00 ,145347,1306,1512,171,289,74,9,7845,7,3361
8688,04/23/2020T08:00:00 ,145340,1310,1513,171,288,74,9,7848,7,3365
8689,04/23/2020T08:10:00 ,145337,1311,1512,171,288,74,9,7851,7,3365
8690,04/23/2020T08:20:00 ,145330,1317,1510,171,288,75,9,7853,7,3370
8691,04/23/2020T08:30:00 ,145324,1323,1507,171,288,75,9,7856,7,3373
8692,04/23/2020T08:40:00 ,145315,1331,1507,171,288,75,9,7857,7,3381
8693,04/23/2020T08:50:00 ,145305,1337,1509,172,287,76,9,7858,7,3390
8694,04/23/2020T09:00:00 ,145300,1340,1510,172,287,76,9,7859,7,3394
8695,04/23/2020T09:10:00 ,145290,1349,1506,170,289,76,9,7864,7,3399
8696,04/23/2020T09:20:00 ,145280,1357,1506,170,287,76,9,7868,7,3405
8697,04/23/2020T09:30:00 ,145275,1360,1504,170,286,76,9,7873,7,3405
8698,04/23/2020T09:40:00 ,145267,1365,1506,168,288,75,10,7874,7,3412
8699,04/23/2020T09:50:00 ,145260,1371,1507,167,289,75,10,7874,7,3419
8700,04/23/2020T10:00:00 ,145255,1375,1505,167,289,75,10,7877,7,3421
8701,04/23/2020T10:10:00 ,145243,1384,1504,168,288,75,10,7881,7,3429
8702,04/23/2020T10:20:00 ,145229,1395,1503,168,287,75,10,7886,7,3438
8703,04/23/2020T10:30:00 ,145224,1399,1502,169,286,75,10,7888,7,3441
8704,04/23/2020T10:40:00 ,145213,1409,1500,169,286,75,10,7891,7,3449
8705,04/23/2020T10:50:00 ,145203,1418,1498,169,286,75,10,7894,7,3456
8706,04/23/2020T11:00:00 ,145191,1428,1496,169,286,75,10,7898,7,3464
8707,04/23/2020T11:10:00 ,145178,1437,1498,167,288,75,10,7900,7,3475
8708,04/23/2020T11:20:00 ,145170,1443,1497,167,289,75,10,7902,7,3481
8709,04/23/2020T11:30:00 ,145163,1445,1499,167,289,74,10,7906,7,3484
8710,04/23/2020T11:40:00 ,145156,1448,1498,168,289,74,10,7910,7,3487
8711,04/23/2020T11:50:00 ,145143,1459,1499,168,290,74,10,7910,7,3500
8712,04/23/2020T12:00:00 ,145141,1457,1503,167,291,74,10,7910,7,3502
8713,04/23/2020T12:10:00 ,145138,1455,1501,167,292,74,10,7916,7,3499
8714,04/23/2020T12:20:00 ,145133,1456,1502,168,291,74,10,7919,7,3501
8715,04/23/2020T12:30:00 ,145130,1457,1499,166,292,74,10,7925,7,3498
8716,04/23/2020T12:40:00 ,145122,1462,1501,167,291,73,10,7927,7,3504
8717,04/23/2020T12:50:00 ,145117,1465,1502,167,290,72,10,7930,7,3506
8718,04/23/2020T13:00:00 ,145113,1465,1502,167,291,72,10,7933,7,3507
8719,04/23/2020T13:10:00 ,145107,1463,1506,171,290,72,10,7934,7,3512
8720,04/23/2020T13:20:00 ,145105,1460,1508,172,290,72,10,7936,7,3512
8721,04/23/2020T13:30:00 ,145096,1468,1508,172,290,72,10,7937,7,3520
8722,04/23/2020T13:40:00 ,145084,1479,1506,172,291,72,10,7939,7,3530
8723,04/23/2020T13:50:00 ,145078,1481,1509,172,291,73,10,7939,7,3536
8724,04/23/2020T14:00:00 ,145071,1487,1508,171,292,73,10,7941,7,3541
8725,04/23/2020T14:10:00 ,145067,1485,1510,172,294,72,10,7943,7,3543
8726,04/23/2020T14:20:00 ,145063,1487,1510,172,294,72,10,7945,7,3545
8727,04/23/2020T14:30:00 ,145059,1486,1513,173,294,72,10,7946,7,3548
8728,04/23/2020T14:40:00 ,145051,1492,1511,174,293,72,10,7950,7,3552
8729,04/23/2020T14:50:00 ,145043,1498,1506,174,293,72,10,7957,7,3553
8730,04/23/2020T15:00:00 ,145036,1502,1507,175,293,72,10,7958,7,3559
8731,04/23/2020T15:10:00 ,145027,1504,1506,175,295,72,10,7964,7,3562
8732,04/23/2020T15:20:00 ,145019,1509,1506,175,295,73,10,7966,7,3568
8733,04/23/2020T15:30:00 ,145010,1517,1506,175,295,72,10,7968,7,3575
8734,04/23/2020T15:40:00 ,145004,1518,1508,175,298,72,10,7968,7,3581
8735,04/23/2020T15:50:00 ,144998,1520,1510,175,298,72,10,7970,7,3585
8736,04/23/2020T16:00:00 ,144991,1523,1510,175,298,72,10,7974,7,3588
8737,04/23/2020T16:10:00 ,144979,1532,1511,174,299,72,10,7976,7,3598
8738,04/23/2020T16:20:00 ,144973,1534,1511,176,299,72,10,7978,7,3602
8739,04/23/2020T16:30:00 ,144970,1534,1508,178,300,72,10,7981,7,3602
8740,04/23/2020T16:40:00 ,144964,1538,1509,177,301,72,10,7982,7,3607
8741,04/23/2020T16:50:00 ,144956,1542,1512,178,301,72,10,7982,7,3615
8742,04/23/2020T17:00:00 ,144953,1542,1513,178,299,72,10,7986,7,3614
8743,04/23/2020T17:10:00 ,144949,1545,1511,178,298,72,10,7990,7,3614
8744,04/23/2020T17:20:00 ,144948,1543,1511,178,299,72,10,7992,7,3613
8745,04/23/2020T17:30:00 ,144948,1542,1510,178,300,72,10,7993,7,3612
8746,04/23/2020T17:40:00 ,144948,1537,1509,180,300,72,10,7997,7,3608
8747,04/23/2020T17:50:00 ,144947,1534,1509,182,299,72,10,8000,7,3606
8748,04/23/2020T18:00:00 ,144947,1531,1509,182,299,72,10,8003,7,3603
8749,04/23/2020T18:10:00 ,144946,1530,1508,181,299,72,10,8007,7,3600
8750,04/23/2020T18:20:00 ,144946,1529,1506,181,299,72,10,8010,7,3597
8751,04/23/2020T18:30:00 ,144944,1527,1509,180,300,72,10,8011,7,3598
8752,04/23/2020T18:40:00 ,144944,1524,1510,180,300,72,10,8013,7,3596
8753,04/23/2020T18:50:00 ,144942,1522,1509,181,299,72,10,8018,7,3593
8754,04/23/2020T19:00:00 ,144942,1518,1510,181,298,72,10,8022,7,3589
8755,04/23/2020T19:10:00 ,144942,1515,1508,183,297,72,10,8026,7,3585
8756,04/23/2020T19:20:00 ,144941,1511,1512,183,295,72,10,8029,7,3583
8757,04/23/2020T19:30:00 ,144941,1507,1513,183,295,72,10,8032,7,3580
8758,04/23/2020T19:40:00 ,144941,1503,1513,184,294,74,9,8035,7,3577
8759,04/23/2020T19:50:00 ,144941,1502,1512,184,293,74,9,8038,7,3574
8760,04/23/2020T20:00:00 ,144939,1500,1515,185,293,74,9,8038,7,3576
8761,04/23/2020T20:10:00 ,144937,1500,1516,186,292,74,9,8039,7,3577
8762,04/23/2020T20:20:00 ,144937,1497,1517,184,293,74,9,8042,7,3574
8763,04/23/2020T20:30:00 ,144937,1494,1519,184,291,74,9,8045,7,3571
8764,04/23/2020T20:40:00 ,144937,1491,1520,186,290,74,9,8046,7,3570
8765,04/23/2020T20:50:00 ,144935,1488,1524,187,290,74,9,8046,7,3572
8766,04/23/2020T21:00:00 ,144934,1485,1525,185,292,74,9,8049,7,3570
8767,04/23/2020T21:10:00 ,144931,1485,1524,188,291,74,9,8051,7,3571
8768,04/23/2020T21:20:00 ,144931,1480,1526,190,291,74,9,8052,7,3570
8769,04/23/2020T21:30:00 ,144931,1476,1524,192,291,74,9,8056,7,3566
8770,04/23/2020T21:40:00 ,144931,1471,1527,192,293,74,9,8056,7,3566
8771,04/23/2020T21:50:00 ,144930,1471,1524,192,292,74,9,8061,7,3562
8772,04/23/2020T22:00:00 ,144930,1468,1522,192,293,74,9,8065,7,3558
8773,04/23/2020T22:10:00 ,144930,1466,1520,193,292,74,9,8069,7,3554
8774,04/23/2020T22:20:00 ,144930,1464,1520,193,291,74,9,8072,7,3551
8775,04/23/2020T22:30:00 ,144930,1461,1522,192,292,73,10,8073,7,3550
8776,04/23/2020T22:40:00 ,144929,1455,1521,194,292,73,10,8079,7,3545
8777,04/23/2020T22:50:00 ,144927,1455,1522,194,291,73,10,8081,7,3545
8778,04/23/2020T23:00:00 ,144926,1453,1523,194,291,73,10,8083,7,3544
8779,04/23/2020T23:10:00 ,144926,1449,1522,196,290,73,10,8087,7,3540
8780,04/23/2020T23:20:00 ,144926,1445,1520,198,290,73,10,8091,7,3536
8781,04/23/2020T23:30:00 ,144926,1444,1520,197,291,73,10,8092,7,3535
8782,04/23/2020T23:40:00 ,144926,1439,1521,197,291,73,10,8096,7,3531
8783,04/23/2020T23:50:00 ,144926,1433,1522,198,291,74,10,8099,7,3528
8784,04/24/2020T00:00:00 ,144926,1428,1524,199,289,74,10,8103,7,3524
8785,04/24/2020T00:10:00 ,144922,1429,1524,198,291,74,10,8105,7,3526
8786,04/24/2020T00:20:00 ,144922,1425,1527,197,292,73,11,8106,7,3525
8787,04/24/2020T00:30:00 ,144921,1421,1532,197,292,73,11,8106,7,3526
8788,04/24/2020T00:40:00 ,144921,1418,1530,199,291,73,11,8110,7,3522
8789,04/24/2020T00:50:00 ,144921,1415,1529,198,293,73,11,8113,7,3519
8790,04/24/2020T01:00:00 ,144919,1416,1530,198,292,73,11,8114,7,3520
8791,04/24/2020T01:10:00 ,144919,1413,1529,199,292,73,11,8117,7,3517
8792,04/24/2020T01:20:00 ,144919,1413,1526,199,292,73,11,8120,7,3514
8793,04/24/2020T01:30:00 ,144918,1410,1529,199,289,74,11,8123,7,3512
8794,04/24/2020T01:40:00 ,144918,1404,1530,199,290,74,11,8127,7,3508
8795,04/24/2020T01:50:00 ,144918,1398,1535,198,291,74,11,8128,7,3507
8796,04/24/2020T02:00:00 ,144918,1396,1535,198,291,74,11,8130,7,3505
8797,04/24/2020T02:10:00 ,144916,1396,1531,197,293,74,11,8135,7,3502
8798,04/24/2020T02:20:00 ,144915,1388,1533,200,293,74,11,8139,7,3499
8799,04/24/2020T02:30:00 ,144915,1385,1530,203,293,74,11,8142,7,3496
8800,04/24/2020T02:40:00 ,144915,1382,1532,202,292,74,11,8145,7,3493
8801,04/24/2020T02:50:00 ,144914,1376,1531,205,291,73,11,8152,7,3487
8802,04/24/2020T03:00:00 ,144914,1370,1532,204,291,73,11,8158,7,3481
8803,04/24/2020T03:10:00 ,144914,1365,1537,204,291,73,11,8158,7,3481
8804,04/24/2020T03:20:00 ,144913,1365,1536,204,290,73,11,8161,7,3479
8805,04/24/2020T03:30:00 ,144913,1364,1533,205,290,73,11,8164,7,3476
8806,04/24/2020T03:40:00 ,144912,1362,1533,205,290,74,11,8166,7,3475
8807,04/24/2020T03:50:00 ,144912,1359,1535,205,290,74,11,8167,7,3474
8808,04/24/2020T04:00:00 ,144911,1356,1537,206,290,74,11,8168,7,3474
8809,04/24/2020T04:10:00 ,144910,1355,1535,206,288,75,11,8173,7,3470
8810,04/24/2020T04:20:00 ,144910,1355,1532,205,287,75,11,8178,7,3465
8811,04/24/2020T04:30:00 ,144910,1354,1532,205,287,75,11,8179,7,3464
8812,04/24/2020T04:40:00 ,144910,1349,1534,205,286,75,11,8183,7,3460
8813,04/24/2020T04:50:00 ,144909,1346,1536,204,287,75,11,8185,7,3459
8814,04/24/2020T05:00:00 ,144909,1345,1532,202,287,75,11,8192,7,3452
8815,04/24/2020T05:10:00 ,144907,1344,1533,202,288,75,11,8193,7,3453
8816,04/24/2020T05:20:00 ,144906,1341,1533,202,289,75,11,8196,7,3451
8817,04/24/2020T05:30:00 ,144905,1338,1536,200,290,75,11,8198,7,3450
8818,04/24/2020T05:40:00 ,144904,1335,1537,200,290,74,11,8202,7,3447
8819,04/24/2020T05:50:00 ,144903,1336,1533,199,290,74,11,8207,7,3443
8820,04/24/2020T06:00:00 ,144903,1334,1530,198,291,74,11,8212,7,3438
8821,04/24/2020T06:10:00 ,144903,1331,1530,198,292,74,11,8214,7,3436
8822,04/24/2020T06:20:00 ,144903,1327,1533,198,292,74,11,8215,7,3435
8823,04/24/2020T06:30:00 ,144903,1325,1533,197,292,74,11,8218,7,3432
8824,04/24/2020T06:40:00 ,144902,1319,1538,196,292,74,11,8221,7,3430
8825,04/24/2020T06:50:00 ,144902,1316,1537,196,292,74,11,8225,7,3426
8826,04/24/2020T07:00:00 ,144901,1316,1536,197,291,74,11,8227,7,3425
8827,04/24/2020T07:10:00 ,144895,1316,1535,200,291,74,11,8231,7,3427
8828,04/24/2020T07:20:00 ,144895,1309,1537,201,291,74,11,8235,7,3423
8829,04/24/2020T07:30:00 ,144895,1305,1539,202,291,74,11,8236,7,3422
8830,04/24/2020T07:40:00 ,144894,1304,1540,202,291,74,11,8237,7,3422
8831,04/24/2020T07:50:00 ,144893,1300,1539,204,290,74,11,8242,7,3418
8832,04/24/2020T08:00:00 ,144890,1298,1542,203,290,74,11,8245,7,3418
8833,04/24/2020T08:10:00 ,144885,1300,1544,203,290,74,11,8246,7,3422
8834,04/24/2020T08:20:00 ,144884,1297,1546,203,291,74,11,8247,7,3422
8835,04/24/2020T08:30:00 ,144876,1300,1548,202,292,74,11,8250,7,3427
8836,04/24/2020T08:40:00 ,144868,1304,1548,203,292,74,11,8253,7,3432
8837,04/24/2020T08:50:00 ,144860,1311,1544,203,291,74,11,8259,7,3434
8838,04/24/2020T09:00:00 ,144851,1318,1545,202,293,74,11,8259,7,3443
8839,04/24/2020T09:10:00 ,144846,1321,1545,203,293,74,11,8260,7,3447
8840,04/24/2020T09:20:00 ,144838,1325,1546,203,294,74,11,8262,7,3453
8841,04/24/2020T09:30:00 ,144831,1328,1544,203,295,74,11,8267,7,3455
8842,04/24/2020T09:40:00 ,144820,1335,1547,202,296,74,11,8268,7,3465
8843,04/24/2020T09:50:00 ,144812,1342,1546,201,296,74,11,8271,7,3470
8844,04/24/2020T10:00:00 ,144802,1349,1547,201,295,74,11,8274,7,3477
8845,04/24/2020T10:10:00 ,144797,1352,1547,201,294,74,11,8277,7,3479
8846,04/24/2020T10:20:00 ,144788,1358,1550,201,294,74,11,8277,7,3488
8847,04/24/2020T10:30:00 ,144780,1363,1549,201,296,74,11,8279,7,3494
8848,04/24/2020T10:40:00 ,144773,1367,1548,200,297,74,11,8283,7,3497
8849,04/24/2020T10:50:00 ,144766,1371,1548,199,299,74,11,8285,7,3502
8850,04/24/2020T11:00:00 ,144756,1378,1547,201,299,74,11,8287,7,3510
8851,04/24/2020T11:10:00 ,144746,1386,1546,201,297,75,11,8291,7,3516
8852,04/24/2020T11:20:00 ,144733,1395,1547,201,297,75,11,8294,7,3526
8853,04/24/2020T11:30:00 ,144726,1400,1547,199,299,75,11,8296,7,3531
8854,04/24/2020T11:40:00 ,144719,1402,1549,201,297,75,11,8299,7,3535
8855,04/24/2020T11:50:00 ,144712,1408,1549,200,298,75,11,8300,7,3541
8856,04/24/2020T12:00:00 ,144707,1409,1552,199,299,75,11,8301,7,3545
8857,04/24/2020T12:10:00 ,144700,1412,1554,200,299,75,11,8302,7,3551
8858,04/24/2020T12:20:00 ,144694,1414,1549,203,299,75,11,8308,7,3551
8859,04/24/2020T12:30:00 ,144685,1420,1551,201,300,75,11,8310,7,3558
8860,04/24/2020T12:40:00 ,144674,1427,1553,201,300,75,11,8312,7,3567
8861,04/24/2020T12:50:00 ,144664,1432,1552,202,301,75,11,8316,7,3573
8862,04/24/2020T13:00:00 ,144660,1427,1555,203,301,75,11,8321,7,3572
8863,04/24/2020T13:10:00 ,144653,1431,1557,204,298,75,11,8324,7,3576
8864,04/24/2020T13:20:00 ,144648,1433,1556,203,299,75,11,8328,7,3577
8865,04/24/2020T13:30:00 ,144642,1437,1557,204,299,75,11,8328,7,3583
8866,04/24/2020T13:40:00 ,144635,1441,1557,206,297,75,11,8331,7,3587
8867,04/24/2020T13:50:00 ,144633,1442,1555,206,298,75,11,8333,7,3587
8868,04/24/2020T14:00:00 ,144619,1452,1557,207,297,75,11,8335,7,3599
8869,04/24/2020T14:10:00 ,144612,1454,1560,207,297,76,11,8336,7,3605
8870,04/24/2020T14:20:00 ,144604,1460,1560,207,297,76,11,8338,7,3611
8871,04/24/2020T14:30:00 ,144596,1463,1563,208,298,76,11,8338,7,3619
8872,04/24/2020T14:40:00 ,144586,1468,1566,209,298,76,11,8339,7,3628
8873,04/24/2020T14:50:00 ,144582,1467,1568,209,298,76,11,8342,7,3629
8874,04/24/2020T15:00:00 ,144577,1468,1570,210,299,76,11,8342,7,3634
8875,04/24/2020T15:10:00 ,144569,1472,1573,210,297,76,11,8345,7,3639
8876,04/24/2020T15:20:00 ,144563,1476,1571,209,297,76,11,8350,7,3640
8877,04/24/2020T15:30:00 ,144556,1480,1573,209,296,76,11,8352,7,3645
8878,04/24/2020T15:40:00 ,144546,1487,1575,209,296,76,11,8353,7,3654
8879,04/24/2020T15:50:00 ,144539,1493,1574,209,295,76,11,8356,7,3658
8880,04/24/2020T16:00:00 ,144533,1490,1579,212,295,76,11,8357,7,3663
8881,04/24/2020T16:10:00 ,144529,1488,1580,212,294,76,11,8363,7,3661
8882,04/24/2020T16:20:00 ,144520,1492,1579,214,294,76,11,8367,7,3666
8883,04/24/2020T16:30:00 ,144515,1496,1577,212,294,76,11,8372,7,3666
8884,04/24/2020T16:40:00 ,144509,1497,1578,212,294,76,11,8376,7,3668
8885,04/24/2020T16:50:00 ,144504,1498,1579,211,295,76,11,8379,7,3670
8886,04/24/2020T17:00:00 ,144498,1500,1579,211,295,76,11,8383,7,3672
8887,04/24/2020T17:10:00 ,144494,1503,1577,211,294,75,11,8388,7,3671
8888,04/24/2020T17:20:00 ,144492,1500,1577,212,295,75,11,8391,7,3670
8889,04/24/2020T17:30:00 ,144491,1493,1580,213,294,75,11,8396,7,3666
8890,04/24/2020T17:40:00 ,144491,1492,1580,213,294,75,11,8397,7,3665
8891,04/24/2020T17:50:00 ,144489,1490,1578,213,296,75,11,8401,7,3663
8892,04/24/2020T18:00:00 ,144488,1490,1578,212,296,76,11,8402,7,3663
8893,04/24/2020T18:10:00 ,144487,1490,1576,212,296,76,11,8405,7,3661
8894,04/24/2020T18:20:00 ,144485,1487,1573,214,295,76,11,8412,7,3656
8895,04/24/2020T18:30:00 ,144483,1488,1572,215,295,76,11,8413,7,3657
8896,04/24/2020T18:40:00 ,144482,1488,1572,215,295,76,11,8414,7,3657
8897,04/24/2020T18:50:00 ,144480,1487,1572,215,294,77,11,8417,7,3656
8898,04/24/2020T19:00:00 ,144478,1487,1573,214,294,77,11,8419,7,3656
8899,04/24/2020T19:10:00 ,144478,1482,1576,215,294,77,11,8420,7,3655
8900,04/24/2020T19:20:00 ,144478,1481,1572,216,293,77,11,8425,7,3650
8901,04/24/2020T19:30:00 ,144478,1479,1573,215,293,77,11,8427,7,3648
8902,04/24/2020T19:40:00 ,144475,1477,1576,215,294,77,11,8428,7,3650
8903,04/24/2020T19:50:00 ,144474,1474,1579,212,296,77,11,8430,7,3649
8904,04/24/2020T20:00:00 ,144473,1473,1574,213,296,77,11,8436,7,3644
8905,04/24/2020T20:10:00 ,144472,1468,1576,213,294,77,11,8442,7,3639
8906,04/24/2020T20:20:00 ,144469,1469,1577,212,295,77,11,8443,7,3641
8907,04/24/2020T20:30:00 ,144469,1465,1581,212,295,77,11,8443,7,3641
8908,04/24/2020T20:40:00 ,144469,1462,1579,212,296,77,11,8447,7,3637
8909,04/24/2020T20:50:00 ,144467,1459,1582,212,295,77,11,8450,7,3636
8910,04/24/2020T21:00:00 ,144466,1456,1584,210,295,77,11,8454,7,3633
8911,04/24/2020T21:10:00 ,144465,1453,1584,213,295,77,11,8455,7,3633
8912,04/24/2020T21:20:00 ,144464,1454,1580,213,295,77,11,8459,7,3630
8913,04/24/2020T21:30:00 ,144462,1451,1581,213,294,78,11,8463,7,3628
8914,04/24/2020T21:40:00 ,144462,1448,1580,213,293,79,11,8467,7,3624
8915,04/24/2020T21:50:00 ,144462,1447,1578,212,291,80,11,8472,7,3619
8916,04/24/2020T22:00:00 ,144461,1444,1581,211,292,80,11,8473,7,3619
8917,04/24/2020T22:10:00 ,144460,1445,1581,209,293,80,11,8474,7,3619
8918,04/24/2020T22:20:00 ,144458,1444,1582,209,294,80,11,8475,7,3620
8919,04/24/2020T22:30:00 ,144457,1443,1583,209,292,80,11,8478,7,3618
8920,04/24/2020T22:40:00 ,144456,1440,1583,210,292,80,11,8481,7,3616
8921,04/24/2020T22:50:00 ,144455,1437,1583,212,293,80,11,8482,7,3616
8922,04/24/2020T23:00:00 ,144453,1437,1582,210,294,80,11,8486,7,3614
8923,04/24/2020T23:10:00 ,144452,1437,1577,210,294,80,11,8492,7,3609
8924,04/24/2020T23:20:00 ,144451,1437,1578,210,293,80,11,8493,7,3609
8925,04/24/2020T23:30:00 ,144451,1435,1576,210,293,80,11,8497,7,3605
8926,04/24/2020T23:40:00 ,144451,1433,1578,208,295,80,11,8497,7,3605
8927,04/24/2020T23:50:00 ,144450,1427,1581,211,294,80,11,8499,7,3604
8928,04/25/2020T00:00:00 ,144449,1424,1583,212,294,80,11,8500,7,3604
8929,04/25/2020T00:10:00 ,144449,1418,1584,212,295,80,11,8504,7,3600
8930,04/25/2020T00:20:00 ,144449,1417,1585,212,294,80,11,8505,7,3599
8931,04/25/2020T00:30:00 ,144447,1417,1585,212,293,80,11,8508,7,3598
8932,04/25/2020T00:40:00 ,144447,1416,1585,213,291,80,11,8510,7,3596
8933,04/25/2020T00:50:00 ,144446,1414,1582,213,292,80,11,8515,7,3592
8934,04/25/2020T01:00:00 ,144445,1413,1580,213,291,80,11,8520,7,3588
8935,04/25/2020T01:10:00 ,144445,1412,1581,213,290,80,11,8521,7,3587
8936,04/25/2020T01:20:00 ,144445,1406,1584,215,289,80,11,8523,7,3585
8937,04/25/2020T01:30:00 ,144444,1405,1584,215,289,80,11,8525,7,3584
8938,04/25/2020T01:40:00 ,144444,1397,1590,214,290,80,11,8527,7,3582
8939,04/25/2020T01:50:00 ,144444,1395,1590,212,292,80,11,8529,7,3580
8940,04/25/2020T02:00:00 ,144442,1392,1593,213,292,80,11,8530,7,3581
8941,04/25/2020T02:10:00 ,144442,1391,1593,214,291,80,11,8531,7,3580
8942,04/25/2020T02:20:00 ,144441,1390,1595,213,292,80,11,8531,7,3581
8943,04/25/2020T02:30:00 ,144441,1385,1600,212,293,80,11,8531,7,3581
8944,04/25/2020T02:40:00 ,144440,1383,1600,212,293,80,11,8534,7,3579
8945,04/25/2020T02:50:00 ,144438,1380,1605,212,292,80,11,8535,7,3580
8946,04/25/2020T03:00:00 ,144438,1375,1607,213,291,80,11,8538,7,3577
8947,04/25/2020T03:10:00 ,144438,1375,1603,213,290,80,11,8543,7,3572
8948,04/25/2020T03:20:00 ,144438,1373,1601,213,289,81,11,8547,7,3568
8949,04/25/2020T03:30:00 ,144438,1369,1602,214,290,81,11,8548,7,3567
8950,04/25/2020T03:40:00 ,144437,1366,1602,217,287,81,11,8552,7,3564
8951,04/25/2020T03:50:00 ,144437,1360,1605,219,287,82,11,8552,7,3564
8952,04/25/2020T04:00:00 ,144436,1354,1608,219,288,82,11,8555,7,3562
8953,04/25/2020T04:10:00 ,144436,1350,1611,219,288,82,11,8556,7,3561
8954,04/25/2020T04:20:00 ,144436,1349,1609,217,290,82,11,8559,7,3558
8955,04/25/2020T04:30:00 ,144436,1346,1608,216,291,82,11,8563,7,3554
8956,04/25/2020T04:40:00 ,144435,1344,1609,215,290,82,11,8567,7,3551
8957,04/25/2020T04:50:00 ,144435,1342,1609,215,290,82,11,8569,7,3549
8958,04/25/2020T05:00:00 ,144435,1341,1610,215,290,82,11,8569,7,3549
8959,04/25/2020T05:10:00 ,144433,1341,1609,215,288,82,11,8574,7,3546
8960,04/25/2020T05:20:00 ,144432,1336,1611,216,286,82,11,8579,7,3542
8961,04/25/2020T05:30:00 ,144432,1327,1614,218,286,82,10,8583,8,3537
8962,04/25/2020T05:40:00 ,144432,1326,1613,218,286,82,10,8585,8,3535
8963,04/25/2020T05:50:00 ,144431,1324,1614,217,286,82,10,8588,8,3533
8964,04/25/2020T06:00:00 ,144430,1325,1610,216,287,82,10,8592,8,3530
8965,04/25/2020T06:10:00 ,144430,1324,1608,216,287,82,10,8595,8,3527
8966,04/25/2020T06:20:00 ,144429,1322,1607,215,288,82,10,8599,8,3524
8967,04/25/2020T06:30:00 ,144429,1317,1609,216,287,82,10,8602,8,3521
8968,04/25/2020T06:40:00 ,144427,1315,1612,217,286,83,10,8602,8,3523
8969,04/25/2020T06:50:00 ,144427,1313,1610,217,287,83,10,8605,8,3520
8970,04/25/2020T07:00:00 ,144427,1308,1612,218,287,83,10,8607,8,3518
8971,04/25/2020T07:10:00 ,144427,1305,1611,219,287,83,10,8610,8,3515
8972,04/25/2020T07:20:00 ,144426,1303,1612,218,288,83,10,8612,8,3514
8973,04/25/2020T07:30:00 ,144423,1304,1611,217,289,83,10,8615,8,3514
8974,04/25/2020T07:40:00 ,144422,1299,1612,217,290,83,10,8619,8,3511
8975,04/25/2020T07:50:00 ,144419,1298,1613,218,289,84,10,8621,8,3512
8976,04/25/2020T08:00:00 ,144410,1306,1612,215,291,83,10,8625,8,3517
8977,04/25/2020T08:10:00 ,144404,1307,1615,216,290,83,10,8627,8,3521
8978,04/25/2020T08:20:00 ,144395,1314,1615,215,289,83,10,8631,8,3526
8979,04/25/2020T08:30:00 ,144388,1315,1617,217,290,83,10,8632,8,3532
8980,04/25/2020T08:40:00 ,144383,1315,1618,217,292,83,10,8634,8,3535
8981,04/25/2020T08:50:00 ,144371,1324,1619,217,292,82,10,8637,8,3544
8982,04/25/2020T09:00:00 ,144366,1322,1623,215,293,82,10,8641,8,3545
8983,04/25/2020T09:10:00 ,144359,1328,1623,215,294,82,10,8641,8,3552
8984,04/25/2020T09:20:00 ,144350,1332,1624,216,290,82,10,8648,8,3554
8985,04/25/2020T09:30:00 ,144345,1331,1628,214,292,82,10,8650,8,3557
8986,04/25/2020T09:40:00 ,144334,1340,1627,214,292,82,10,8653,8,3565
8987,04/25/2020T09:50:00 ,144325,1349,1623,214,292,82,10,8657,8,3570
8988,04/25/2020T10:00:00 ,144309,1362,1624,213,293,82,10,8659,8,3584
8989,04/25/2020T10:10:00 ,144292,1377,1623,214,294,82,10,8660,8,3600
8990,04/25/2020T10:20:00 ,144280,1384,1624,215,295,81,10,8663,8,3609
8991,04/25/2020T10:30:00 ,144270,1393,1620,215,296,81,10,8667,8,3615
8992,04/25/2020T10:40:00 ,144252,1406,1621,217,296,81,10,8669,8,3631
8993,04/25/2020T10:50:00 ,144235,1421,1622,215,296,81,10,8672,8,3645
8994,04/25/2020T11:00:00 ,144226,1425,1626,213,299,81,10,8672,8,3654
8995,04/25/2020T11:10:00 ,144218,1429,1624,214,299,81,10,8677,8,3657
8996,04/25/2020T11:20:00 ,144210,1435,1623,214,299,81,10,8680,8,3662
8997,04/25/2020T11:30:00 ,144203,1438,1622,214,300,81,10,8684,8,3665
8998,04/25/2020T11:40:00 ,144191,1448,1622,214,300,81,10,8686,8,3675
8999,04/25/2020T11:50:00 ,144186,1451,1621,215,299,81,10,8689,8,3677
9000,04/25/2020T12:00:00 ,144179,1458,1617,214,300,81,10,8693,8,3680
9001,04/25/2020T12:10:00 ,144174,1462,1614,214,300,80,10,8698,8,3680
9002,04/25/2020T12:20:00 ,144167,1467,1614,212,301,80,10,8701,8,3684
9003,04/25/2020T12:30:00 ,144161,1469,1616,213,301,80,10,8702,8,3689
9004,04/25/2020T12:40:00 ,144156,1473,1614,213,299,80,10,8707,8,3689
9005,04/25/2020T12:50:00 ,144150,1476,1613,213,299,80,10,8711,8,3691
9006,04/25/2020T13:00:00 ,144145,1473,1616,216,298,80,10,8714,8,3693
9007,04/25/2020T13:10:00 ,144136,1478,1619,215,299,80,10,8715,8,3701
9008,04/25/2020T13:20:00 ,144126,1484,1622,213,300,80,10,8717,8,3709
9009,04/25/2020T13:30:00 ,144118,1491,1621,213,300,80,10,8719,8,3715
9010,04/25/2020T13:40:00 ,144107,1497,1618,215,300,80,10,8725,8,3720
9011,04/25/2020T13:50:00 ,144098,1503,1620,215,301,80,10,8725,8,3729
9012,04/25/2020T14:00:00 ,144093,1505,1619,216,301,80,10,8728,8,3731
9013,04/25/2020T14:10:00 ,144082,1516,1618,215,300,80,10,8731,8,3739
9014,04/25/2020T14:20:00 ,144073,1522,1617,215,300,80,10,8735,8,3744
9015,04/25/2020T14:30:00 ,144065,1529,1616,214,301,80,10,8737,8,3750
9016,04/25/2020T14:40:00 ,144059,1531,1618,214,301,80,10,8739,8,3754
9017,04/25/2020T14:50:00 ,144048,1538,1619,215,301,80,10,8741,8,3763
9018,04/25/2020T15:00:00 ,144040,1543,1618,216,302,80,10,8743,8,3769
9019,04/25/2020T15:10:00 ,144028,1555,1618,215,302,80,10,8744,8,3780
9020,04/25/2020T15:20:00 ,144019,1561,1618,215,300,80,10,8749,8,3784
9021,04/25/2020T15:30:00 ,144013,1566,1616,213,301,80,10,8753,8,3786
9022,04/25/2020T15:40:00 ,144005,1568,1620,214,300,80,10,8755,8,3792
9023,04/25/2020T15:50:00 ,144003,1568,1622,213,300,80,10,8756,8,3793
9024,04/25/2020T16:00:00 ,144001,1568,1618,212,301,80,10,8762,8,3789
9025,04/25/2020T16:10:00 ,143996,1569,1618,211,303,80,10,8765,8,3791
9026,04/25/2020T16:20:00 ,143991,1572,1619,210,302,80,10,8768,8,3793
9027,04/25/2020T16:30:00 ,143985,1575,1619,210,301,80,10,8772,8,3795
9028,04/25/2020T16:40:00 ,143982,1574,1620,210,302,80,10,8774,8,3796
9029,04/25/2020T16:50:00 ,143973,1581,1615,211,303,80,10,8779,8,3800
9030,04/25/2020T17:00:00 ,143966,1585,1616,213,303,80,10,8779,8,3807
9031,04/25/2020T17:10:00 ,143964,1585,1613,213,303,80,10,8784,8,3804
9032,04/25/2020T17:20:00 ,143960,1585,1616,213,303,80,10,8785,8,3807
9033,04/25/2020T17:30:00 ,143958,1584,1617,213,303,80,10,8787,8,3807
9034,04/25/2020T17:40:00 ,143954,1585,1618,214,303,80,10,8788,8,3810
9035,04/25/2020T17:50:00 ,143954,1577,1623,214,304,80,10,8790,8,3808
9036,04/25/2020T18:00:00 ,143953,1575,1623,213,305,80,10,8793,8,3806
9037,04/25/2020T18:10:00 ,143953,1569,1628,212,306,80,10,8794,8,3805
9038,04/25/2020T18:20:00 ,143953,1564,1628,213,307,79,10,8798,8,3801
9039,04/25/2020T18:30:00 ,143952,1563,1627,214,308,78,11,8799,8,3801
9040,04/25/2020T18:40:00 ,143952,1558,1628,215,309,78,11,8801,8,3799
9041,04/25/2020T18:50:00 ,143952,1556,1629,215,310,78,11,8801,8,3799
9042,04/25/2020T19:00:00 ,143952,1553,1628,214,312,78,11,8804,8,3796
9043,04/25/2020T19:10:00 ,143950,1553,1628,214,312,78,11,8806,8,3796
9044,04/25/2020T19:20:00 ,143949,1551,1627,214,311,78,11,8811,8,3792
9045,04/25/2020T19:30:00 ,143948,1551,1626,214,309,78,11,8815,8,3789
9046,04/25/2020T19:40:00 ,143948,1549,1625,215,308,78,11,8818,8,3786
9047,04/25/2020T19:50:00 ,143948,1547,1625,215,306,79,11,8821,8,3783
9048,04/25/2020T20:00:00 ,143948,1547,1624,214,307,78,11,8823,8,3781
9049,04/25/2020T20:10:00 ,143948,1546,1623,214,306,78,11,8826,8,3778
9050,04/25/2020T20:20:00 ,143948,1544,1624,214,307,78,11,8826,8,3778
9051,04/25/2020T20:30:00 ,143948,1541,1622,212,309,78,11,8831,8,3773
9052,04/25/2020T20:40:00 ,143945,1543,1621,212,308,78,11,8834,8,3773
9053,04/25/2020T20:50:00 ,143943,1541,1621,211,309,78,11,8838,8,3771
9054,04/25/2020T21:00:00 ,143939,1542,1622,210,309,78,11,8841,8,3772
9055,04/25/2020T21:10:00 ,143938,1542,1619,209,308,78,11,8847,8,3767
9056,04/25/2020T21:20:00 ,143937,1537,1624,208,307,78,11,8850,8,3765
9057,04/25/2020T21:30:00 ,143936,1531,1629,207,307,79,11,8852,8,3764
9058,04/25/2020T21:40:00 ,143935,1529,1627,207,306,78,12,8858,8,3759
9059,04/25/2020T21:50:00 ,143934,1527,1627,206,307,78,12,8861,8,3757
9060,04/25/2020T22:00:00 ,143933,1526,1628,206,307,78,12,8862,8,3757
9061,04/25/2020T22:10:00 ,143930,1526,1625,206,308,78,12,8867,8,3755
9062,04/25/2020T22:20:00 ,143928,1523,1628,206,307,78,12,8870,8,3754
9063,04/25/2020T22:30:00 ,143925,1520,1628,207,307,78,12,8875,8,3752
9064,04/25/2020T22:40:00 ,143925,1519,1628,205,309,78,12,8876,8,3751
9065,04/25/2020T22:50:00 ,143924,1517,1628,205,309,78,12,8879,8,3749
9066,04/25/2020T23:00:00 ,143923,1513,1631,205,309,78,12,8881,8,3748
9067,04/25/2020T23:10:00 ,143923,1512,1631,204,309,78,12,8883,8,3746
9068,04/25/2020T23:20:00 ,143922,1511,1630,203,309,78,12,8887,8,3743
9069,04/25/2020T23:30:00 ,143922,1507,1632,203,308,78,12,8890,8,3740
9070,04/25/2020T23:40:00 ,143922,1503,1632,204,307,78,12,8894,8,3736
9071,04/25/2020T23:50:00 ,143922,1498,1634,205,307,77,12,8897,8,3733
9072,04/26/2020T00:00:00 ,143922,1495,1634,204,309,77,12,8899,8,3731
9073,04/26/2020T00:10:00 ,143921,1492,1634,202,309,77,12,8905,8,3726
9074,04/26/2020T00:20:00 ,143920,1489,1634,202,308,77,12,8910,8,3722
9075,04/26/2020T00:30:00 ,143919,1487,1634,203,308,76,12,8913,8,3720
9076,04/26/2020T00:40:00 ,143919,1484,1631,204,309,76,12,8917,8,3716
9077,04/26/2020T00:50:00 ,143919,1482,1629,204,306,77,12,8923,8,3710
9078,04/26/2020T01:00:00 ,143918,1480,1631,203,305,77,12,8926,8,3708
9079,04/26/2020T01:10:00 ,143918,1479,1631,202,304,77,12,8929,8,3705
9080,04/26/2020T01:20:00 ,143917,1478,1627,203,304,77,12,8934,8,3701
9081,04/26/2020T01:30:00 ,143916,1476,1626,203,304,77,12,8938,8,3698
9082,04/26/2020T01:40:00 ,143916,1469,1629,206,304,77,12,8939,8,3697
9083,04/26/2020T01:50:00 ,143915,1464,1633,206,304,77,12,8941,8,3696
9084,04/26/2020T02:00:00 ,143914,1461,1637,205,304,77,12,8942,8,3696
9085,04/26/2020T02:10:00 ,143914,1459,1635,207,303,77,12,8945,8,3693
9086,04/26/2020T02:20:00 ,143912,1456,1639,207,303,77,12,8946,8,3694
9087,04/26/2020T02:30:00 ,143911,1457,1638,207,302,77,12,8948,8,3693
9088,04/26/2020T02:40:00 ,143910,1454,1639,207,303,77,12,8950,8,3692
9089,04/26/2020T02:50:00 ,143909,1451,1642,206,304,77,12,8951,8,3692
9090,04/26/2020T03:00:00 ,143907,1450,1643,206,302,78,12,8954,8,3691
9091,04/26/2020T03:10:00 ,143905,1450,1641,206,303,78,12,8957,8,3690
9092,04/26/2020T03:20:00 ,143904,1446,1641,210,302,78,12,8959,8,3689
9093,04/26/2020T03:30:00 ,143904,1443,1642,210,303,78,12,8960,8,3688
9094,04/26/2020T03:40:00 ,143904,1438,1639,210,304,78,12,8967,8,3681
9095,04/26/2020T03:50:00 ,143903,1436,1638,211,303,78,12,8971,8,3678
9096,04/26/2020T04:00:00 ,143903,1436,1638,211,303,78,12,8971,8,3678
9097,04/26/2020T04:10:00 ,143902,1434,1639,210,303,78,12,8974,8,3676
9098,04/26/2020T04:20:00 ,143902,1432,1640,209,303,79,12,8975,8,3675
9099,04/26/2020T04:30:00 ,143902,1430,1642,209,303,79,12,8975,8,3675
9100,04/26/2020T04:40:00 ,143902,1429,1643,209,303,79,12,8975,8,3675
9101,04/26/2020T04:50:00 ,143901,1428,1645,209,302,79,12,8976,8,3675
9102,04/26/2020T05:00:00 ,143901,1426,1644,209,303,79,12,8978,8,3673
9103,04/26/2020T05:10:00 ,143901,1419,1650,208,303,79,12,8980,8,3671
9104,04/26/2020T05:20:00 ,143901,1417,1650,206,304,79,12,8983,8,3668
9105,04/26/2020T05:30:00 ,143900,1416,1651,207,304,79,12,8983,8,3669
9106,04/26/2020T05:40:00 ,143900,1414,1651,205,306,79,12,8985,8,3667
9107,04/26/2020T05:50:00 ,143899,1412,1650,205,306,79,12,8989,8,3664
9108,04/26/2020T06:00:00 ,143899,1410,1651,203,308,79,12,8990,8,3663
9109,04/26/2020T06:10:00 ,143898,1408,1650,205,306,79,12,8994,8,3660
9110,04/26/2020T06:20:00 ,143898,1408,1649,204,307,79,12,8995,8,3659
9111,04/26/2020T06:30:00 ,143898,1405,1644,203,307,79,12,9004,8,3650
9112,04/26/2020T06:40:00 ,143898,1402,1644,204,307,79,12,9006,8,3648
9113,04/26/2020T06:50:00 ,143898,1400,1644,203,308,79,12,9008,8,3646
9114,04/26/2020T07:00:00 ,143898,1398,1643,203,307,79,12,9012,8,3642
9115,04/26/2020T07:10:00 ,143898,1397,1642,200,309,79,12,9015,8,3639
9116,04/26/2020T07:20:00 ,143898,1395,1640,200,307,79,12,9021,8,3633
9117,04/26/2020T07:30:00 ,143896,1394,1640,200,307,79,12,9024,8,3632
9118,04/26/2020T07:40:00 ,143895,1393,1638,200,306,79,12,9029,8,3628
9119,04/26/2020T07:50:00 ,143894,1391,1640,200,306,79,12,9030,8,3628
9120,04/26/2020T08:00:00 ,143893,1389,1640,202,305,79,12,9032,8,3627
9121,04/26/2020T08:10:00 ,143893,1386,1640,201,303,79,12,9038,8,3621
9122,04/26/2020T08:20:00 ,143892,1383,1640,204,303,79,12,9039,8,3621
9123,04/26/2020T08:30:00 ,143891,1381,1642,204,302,79,12,9041,8,3620
9124,04/26/2020T08:40:00 ,143890,1379,1644,204,302,79,12,9042,8,3620
9125,04/26/2020T08:50:00 ,143888,1376,1649,204,302,79,12,9042,8,3622
9126,04/26/2020T09:00:00 ,143888,1372,1648,203,302,79,12,9048,8,3616
9127,04/26/2020T09:10:00 ,143887,1366,1650,203,303,79,12,9052,8,3613
9128,04/26/2020T09:20:00 ,143887,1362,1653,202,304,78,12,9054,8,3611
9129,04/26/2020T09:30:00 ,143887,1360,1653,200,305,78,12,9057,8,3608
9130,04/26/2020T09:40:00 ,143887,1357,1652,201,305,78,12,9060,8,3605
9131,04/26/2020T09:50:00 ,143887,1349,1657,201,303,78,12,9065,8,3600
9132,04/26/2020T10:00:00 ,143885,1347,1655,201,303,78,12,9071,8,3596
9133,04/26/2020T10:10:00 ,143883,1347,1654,199,305,78,12,9074,8,3595
9134,04/26/2020T10:20:00 ,143883,1344,1655,200,305,78,12,9075,8,3594
9135,04/26/2020T10:30:00 ,143882,1343,1655,199,305,80,12,9076,8,3594
9136,04/26/2020T10:40:00 ,143881,1344,1651,199,305,80,12,9080,8,3591
9137,04/26/2020T10:50:00 ,143881,1340,1654,198,304,80,12,9083,8,3588
9138,04/26/2020T11:00:00 ,143881,1337,1651,199,305,80,12,9087,8,3584
9139,04/26/2020T11:10:00 ,143881,1334,1649,199,306,80,12,9091,8,3580
9140,04/26/2020T11:20:00 ,143881,1331,1651,198,306,80,12,9093,8,3578
9141,04/26/2020T11:30:00 ,143880,1330,1652,198,306,80,12,9094,8,3578
9142,04/26/2020T11:40:00 ,143877,1332,1653,198,306,80,12,9094,8,3581
9143,04/26/2020T11:50:00 ,143876,1331,1653,198,304,80,12,9098,8,3578
9144,04/26/2020T12:00:00 ,143875,1329,1654,198,304,80,12,9100,8,3577
9145,04/26/2020T12:10:00 ,143874,1328,1656,198,304,80,12,9100,8,3578
9146,04/26/2020T12:20:00 ,143874,1325,1656,198,304,80,12,9103,8,3575
9147,04/26/2020T12:30:00 ,143874,1320,1655,199,304,80,12,9108,8,3570
9148,04/26/2020T12:40:00 ,143874,1314,1660,199,304,80,12,9109,8,3569
9149,04/26/2020T12:50:00 ,143871,1311,1662,200,305,80,12,9111,8,3570
9150,04/26/2020T13:00:00 ,143870,1308,1665,200,304,80,12,9113,8,3569
9151,04/26/2020T13:10:00 ,143869,1304,1667,200,304,80,12,9116,8,3567
9152,04/26/2020T13:20:00 ,143868,1300,1669,200,304,80,12,9119,8,3565
9153,04/26/2020T13:30:00 ,143868,1297,1670,199,305,80,12,9121,8,3563
9154,04/26/2020T13:40:00 ,143868,1292,1670,199,305,80,12,9126,8,3558
9155,04/26/2020T13:50:00 ,143866,1291,1671,198,307,80,12,9127,8,3559
9156,04/26/2020T14:00:00 ,143865,1288,1671,198,307,80,12,9131,8,3556
9157,04/26/2020T14:10:00 ,143865,1284,1671,199,307,80,12,9134,8,3553
9158,04/26/2020T14:20:00 ,143863,1284,1670,198,307,80,12,9138,8,3551
9159,04/26/2020T14:30:00 ,143862,1278,1674,199,306,80,12,9141,8,3549
9160,04/26/2020T14:40:00 ,143860,1280,1672,196,309,80,12,9143,8,3549
9161,04/26/2020T14:50:00 ,143858,1279,1672,197,309,80,12,9145,8,3549
9162,04/26/2020T15:00:00 ,143857,1275,1674,194,313,80,12,9147,8,3548
9163,04/26/2020T15:10:00 ,143856,1273,1676,193,313,80,12,9149,8,3547
9164,04/26/2020T15:20:00 ,143856,1272,1674,192,314,79,12,9153,8,3543
9165,04/26/2020T15:30:00 ,143854,1271,1675,192,311,79,12,9158,8,3540
9166,04/26/2020T15:40:00 ,143852,1268,1679,192,310,79,12,9160,8,3540
9167,04/26/2020T15:50:00 ,143849,1260,1684,193,310,78,12,9166,8,3537
9168,04/26/2020T16:00:00 ,143848,1258,1683,193,309,78,12,9171,8,3533
9169,04/26/2020T16:10:00 ,143848,1252,1686,194,308,78,12,9174,8,3530
9170,04/26/2020T16:20:00 ,143847,1249,1686,195,307,79,12,9177,8,3528
9171,04/26/2020T16:30:00 ,143847,1247,1684,195,307,79,12,9181,8,3524
9172,04/26/2020T16:40:00 ,143845,1247,1680,195,306,79,12,9188,8,3519
9173,04/26/2020T16:50:00 ,143843,1245,1681,194,307,79,12,9191,8,3518
9174,04/26/2020T17:00:00 ,143843,1243,1682,195,307,79,12,9191,8,3518
9175,04/26/2020T17:10:00 ,143843,1239,1680,196,307,79,12,9196,8,3513
9176,04/26/2020T17:20:00 ,143843,1239,1678,195,307,79,12,9199,8,3510
9177,04/26/2020T17:30:00 ,143841,1238,1678,195,308,79,12,9201,8,3510
9178,04/26/2020T17:40:00 ,143840,1235,1679,194,308,79,12,9205,8,3507
9179,04/26/2020T17:50:00 ,143839,1234,1677,194,309,79,12,9208,8,3505
9180,04/26/2020T18:00:00 ,143839,1231,1678,195,309,79,12,9209,8,3504
9181,04/26/2020T18:10:00 ,143838,1231,1677,195,309,79,12,9211,8,3503
9182,04/26/2020T18:20:00 ,143837,1228,1681,194,310,79,12,9211,8,3504
9183,04/26/2020T18:30:00 ,143837,1220,1686,195,310,79,12,9213,8,3502
9184,04/26/2020T18:40:00 ,143837,1216,1688,195,308,79,12,9217,8,3498
9185,04/26/2020T18:50:00 ,143837,1213,1687,195,307,79,12,9222,8,3493
9186,04/26/2020T19:00:00 ,143836,1213,1687,193,309,79,12,9223,8,3493
9187,04/26/2020T19:10:00 ,143836,1212,1686,193,308,79,12,9226,8,3490
9188,04/26/2020T19:20:00 ,143834,1210,1687,194,308,79,12,9228,8,3490
9189,04/26/2020T19:30:00 ,143831,1210,1686,195,307,79,12,9232,8,3489
9190,04/26/2020T19:40:00 ,143830,1208,1687,193,307,79,12,9236,8,3486
9191,04/26/2020T19:50:00 ,143829,1208,1688,192,305,81,12,9237,8,3486
9192,04/26/2020T20:00:00 ,143827,1207,1688,191,307,81,12,9239,8,3486
9193,04/26/2020T20:10:00 ,143825,1205,1688,192,307,81,12,9242,8,3485
9194,04/26/2020T20:20:00 ,143821,1204,1692,192,307,81,12,9243,8,3488
9195,04/26/2020T20:30:00 ,143818,1202,1693,191,307,81,12,9248,8,3486
9196,04/26/2020T20:40:00 ,143815,1204,1687,190,308,81,12,9255,8,3482
9197,04/26/2020T20:50:00 ,143814,1203,1683,191,308,81,12,9260,8,3478
9198,04/26/2020T21:00:00 ,143813,1198,1685,193,308,81,12,9262,8,3477
9199,04/26/2020T21:10:00 ,143807,1200,1683,192,310,81,12,9267,8,3478
9200,04/26/2020T21:20:00 ,143807,1194,1684,196,310,81,12,9268,8,3477
9201,04/26/2020T21:30:00 ,143801,1195,1686,198,310,81,12,9269,8,3482
9202,04/26/2020T21:40:00 ,143800,1194,1688,197,311,81,12,9269,8,3483
9203,04/26/2020T21:50:00 ,143800,1190,1689,198,309,81,12,9273,8,3479
9204,04/26/2020T22:00:00 ,143799,1187,1691,197,310,81,12,9275,8,3478
9205,04/26/2020T22:10:00 ,143798,1184,1693,197,312,81,12,9275,8,3479
9206,04/26/2020T22:20:00 ,143798,1181,1694,197,312,81,12,9277,8,3477
9207,04/26/2020T22:30:00 ,143798,1179,1692,198,311,81,12,9281,8,3473
9208,04/26/2020T22:40:00 ,143798,1177,1692,198,311,81,12,9283,8,3471
9209,04/26/2020T22:50:00 ,143796,1175,1694,197,312,81,12,9285,8,3471
9210,04/26/2020T23:00:00 ,143795,1175,1693,196,312,81,12,9288,8,3469
9211,04/26/2020T23:10:00 ,143795,1174,1692,196,311,80,13,9291,8,3466
9212,04/26/2020T23:20:00 ,143795,1170,1690,196,311,80,13,9297,8,3460
9213,04/26/2020T23:30:00 ,143795,1167,1691,197,310,80,13,9299,8,3458
9214,04/26/2020T23:40:00 ,143795,1165,1690,198,309,81,13,9301,8,3456
9215,04/26/2020T23:50:00 ,143794,1161,1692,198,309,81,13,9304,8,3454
9216,04/27/2020T00:00:00 ,143794,1158,1692,199,309,81,13,9306,8,3452
9217,04/27/2020T00:10:00 ,143793,1154,1693,200,310,81,13,9308,8,3451
9218,04/27/2020T00:20:00 ,143793,1151,1689,199,312,81,13,9314,8,3445
9219,04/27/2020T00:30:00 ,143793,1147,1691,198,314,81,13,9315,8,3444
9220,04/27/2020T00:40:00 ,143792,1144,1688,198,314,82,12,9322,8,3438
9221,04/27/2020T00:50:00 ,143792,1143,1685,197,315,82,12,9326,8,3434
9222,04/27/2020T01:00:00 ,143792,1140,1684,199,314,82,12,9329,8,3431
9223,04/27/2020T01:10:00 ,143792,1134,1688,201,314,82,12,9329,8,3431
9224,04/27/2020T01:20:00 ,143792,1132,1690,200,315,82,12,9329,8,3431
9225,04/27/2020T01:30:00 ,143791,1129,1691,200,315,82,12,9332,8,3429
9226,04/27/2020T01:40:00 ,143789,1128,1689,201,314,82,12,9337,8,3426
9227,04/27/2020T01:50:00 ,143789,1124,1689,202,312,82,12,9342,8,3421
9228,04/27/2020T02:00:00 ,143789,1123,1685,201,312,82,12,9348,8,3415
9229,04/27/2020T02:10:00 ,143789,1117,1688,200,313,82,12,9351,8,3412
9230,04/27/2020T02:20:00 ,143786,1117,1687,201,314,82,12,9353,8,3413
9231,04/27/2020T02:30:00 ,143786,1113,1688,202,314,82,12,9355,8,3411
9232,04/27/2020T02:40:00 ,143786,1111,1689,202,314,82,12,9356,8,3410
9233,04/27/2020T02:50:00 ,143785,1107,1689,203,312,82,12,9362,8,3405
9234,04/27/2020T03:00:00 ,143784,1104,1688,203,313,82,12,9366,8,3402
9235,04/27/2020T03:10:00 ,143784,1099,1690,204,313,82,12,9368,8,3400
9236,04/27/2020T03:20:00 ,143783,1099,1691,202,315,82,12,9368,8,3401
9237,04/27/2020T03:30:00 ,143781,1097,1692,200,316,83,12,9371,8,3400
9238,04/27/2020T03:40:00 ,143780,1094,1694,200,316,83,12,9373,8,3399
9239,04/27/2020T03:50:00 ,143777,1092,1693,201,317,83,12,9377,8,3398
9240,04/27/2020T04:00:00 ,143776,1088,1695,202,316,82,13,9380,8,3396
9241,04/27/2020T04:10:00 ,143776,1083,1697,199,318,82,13,9384,8,3392
9242,04/27/2020T04:20:00 ,143776,1076,1699,202,317,82,13,9387,8,3389
9243,04/27/2020T04:30:00 ,143776,1071,1698,202,316,82,13,9394,8,3382
9244,04/27/2020T04:40:00 ,143774,1071,1698,201,316,82,13,9397,8,3381
9245,04/27/2020T04:50:00 ,143773,1071,1696,200,316,82,13,9401,8,3378
9246,04/27/2020T05:00:00 ,143773,1068,1697,198,319,82,13,9402,8,3377
9247,04/27/2020T05:10:00 ,143773,1064,1693,201,318,82,13,9408,8,3371
9248,04/27/2020T05:20:00 ,143773,1063,1693,201,317,82,13,9410,8,3369
9249,04/27/2020T05:30:00 ,143772,1058,1695,202,317,82,13,9413,8,3367
9250,04/27/2020T05:40:00 ,143771,1055,1696,202,318,82,13,9415,8,3366
9251,04/27/2020T05:50:00 ,143770,1054,1695,202,319,82,13,9417,8,3365
9252,04/27/2020T06:00:00 ,143769,1053,1694,200,320,81,13,9422,8,3361
9253,04/27/2020T06:10:00 ,143769,1049,1697,199,320,81,13,9424,8,3359
9254,04/27/2020T06:20:00 ,143769,1047,1697,199,320,81,13,9426,8,3357
9255,04/27/2020T06:30:00 ,143769,1047,1696,198,321,81,13,9427,8,3356
9256,04/27/2020T06:40:00 ,143769,1043,1698,198,321,81,13,9429,8,3354
9257,04/27/2020T06:50:00 ,143768,1040,1702,197,322,81,13,9429,8,3355
9258,04/27/2020T07:00:00 ,143768,1038,1699,196,324,81,13,9433,8,3351
9259,04/27/2020T07:10:00 ,143768,1032,1701,194,327,81,13,9436,8,3348
9260,04/27/2020T07:20:00 ,143767,1032,1702,194,327,81,13,9436,8,3349
9261,04/27/2020T07:30:00 ,143766,1031,1699,194,328,81,13,9440,8,3346
9262,04/27/2020T07:40:00 ,143765,1026,1700,195,325,81,13,9447,8,3340
9263,04/27/2020T07:50:00 ,143764,1024,1700,196,325,81,13,9449,8,3339
9264,04/27/2020T08:00:00 ,143763,1022,1701,196,325,80,13,9452,8,3337
9265,04/27/2020T08:10:00 ,143763,1020,1702,196,325,80,13,9453,8,3336
9266,04/27/2020T08:20:00 ,143763,1017,1704,197,325,80,13,9453,8,3336
9267,04/27/2020T08:30:00 ,143763,1014,1705,197,326,80,13,9454,8,3335
9268,04/27/2020T08:40:00 ,143762,1013,1703,198,326,80,13,9457,8,3333
9269,04/27/2020T08:50:00 ,143761,1011,1704,198,326,80,13,9459,8,3332
9270,04/27/2020T09:00:00 ,143761,1007,1706,199,324,80,13,9462,8,3329
9271,04/27/2020T09:10:00 ,143758,1009,1706,198,324,80,13,9464,8,3330
9272,04/27/2020T09:20:00 ,143758,1007,1706,198,322,80,13,9468,8,3326
9273,04/27/2020T09:30:00 ,143758,1006,1705,197,322,81,13,9470,8,3324
9274,04/27/2020T09:40:00 ,143757,1002,1708,197,322,81,13,9472,8,3323
9275,04/27/2020T09:50:00 ,143757,997,1711,197,322,81,13,9474,8,3321
9276,04/27/2020T10:00:00 ,143757,994,1711,198,321,81,13,9477,8,3318
9277,04/27/2020T10:10:00 ,143755,993,1710,198,321,80,13,9482,8,3315
9278,04/27/2020T10:20:00 ,143754,986,1716,196,323,80,13,9484,8,3314
9279,04/27/2020T10:30:00 ,143752,986,1714,196,324,80,13,9487,8,3313
9280,04/27/2020T10:40:00 ,143752,981,1714,198,323,80,13,9491,8,3309
9281,04/27/2020T10:50:00 ,143752,979,1713,199,323,80,13,9493,8,3307
9282,04/27/2020T11:00:00 ,143750,978,1710,200,323,80,13,9498,8,3304
9283,04/27/2020T11:10:00 ,143750,976,1707,201,323,80,13,9502,8,3300
9284,04/27/2020T11:20:00 ,143750,974,1706,202,323,80,13,9504,8,3298
9285,04/27/2020T11:30:00 ,143750,971,1707,202,323,80,13,9506,8,3296
9286,04/27/2020T11:40:00 ,143750,967,1708,204,323,80,13,9507,8,3295
9287,04/27/2020T11:50:00 ,143748,969,1706,204,322,80,13,9510,8,3294
9288,04/27/2020T12:00:00 ,143747,968,1707,204,322,80,13,9511,8,3294
9289,04/27/2020T12:10:00 ,143746,965,1707,204,322,80,13,9515,8,3291
9290,04/27/2020T12:20:00 ,143744,962,1712,204,320,80,13,9517,8,3291
9291,04/27/2020T12:30:00 ,143744,960,1709,204,320,80,13,9522,8,3286
9292,04/27/2020T12:40:00 ,143744,959,1707,204,321,80,13,9524,8,3284
9293,04/27/2020T12:50:00 ,143742,960,1707,202,323,80,13,9525,8,3285
9294,04/27/2020T13:00:00 ,143741,955,1710,203,322,81,13,9527,8,3284
9295,04/27/2020T13:10:00 ,143741,949,1713,204,322,81,13,9529,8,3282
9296,04/27/2020T13:20:00 ,143739,946,1716,204,320,81,13,9533,8,3280
9297,04/27/2020T13:30:00 ,143738,941,1716,205,321,81,13,9537,8,3277
9298,04/27/2020T13:40:00 ,143736,939,1717,205,320,81,13,9541,8,3275
9299,04/27/2020T13:50:00 ,143735,933,1718,207,321,81,13,9544,8,3273
9300,04/27/2020T14:00:00 ,143734,929,1722,206,322,81,13,9545,8,3273
9301,04/27/2020T14:10:00 ,143732,930,1721,204,324,80,13,9548,8,3272
9302,04/27/2020T14:20:00 ,143731,926,1723,205,324,80,13,9550,8,3271
9303,04/27/2020T14:30:00 ,143730,923,1719,205,324,80,13,9558,8,3264
9304,04/27/2020T14:40:00 ,143730,921,1715,206,325,80,13,9562,8,3260
9305,04/27/2020T14:50:00 ,143727,917,1720,206,325,80,13,9564,8,3261
9306,04/27/2020T15:00:00 ,143727,914,1720,207,325,80,13,9566,8,3259
9307,04/27/2020T15:10:00 ,143727,911,1721,207,326,80,13,9567,8,3258
9308,04/27/2020T15:20:00 ,143727,910,1720,206,327,80,13,9569,8,3256
9309,04/27/2020T15:30:00 ,143726,909,1715,206,327,80,13,9576,8,3250
9310,04/27/2020T15:40:00 ,143724,907,1715,206,327,80,13,9580,8,3248
9311,04/27/2020T15:50:00 ,143724,902,1718,206,325,79,13,9585,8,3243
9312,04/27/2020T16:00:00 ,143723,902,1718,205,324,79,13,9588,8,3241
9313,04/27/2020T16:10:00 ,143723,901,1718,204,323,79,13,9591,8,3238
9314,04/27/2020T16:20:00 ,143722,900,1718,205,323,79,13,9592,8,3238
9315,04/27/2020T16:30:00 ,143722,898,1719,204,324,79,13,9593,8,3237
9316,04/27/2020T16:40:00 ,143720,898,1721,202,325,80,13,9593,8,3239
9317,04/27/2020T16:50:00 ,143718,897,1722,203,325,80,13,9594,8,3240
9318,04/27/2020T17:00:00 ,143717,895,1725,203,325,80,13,9594,8,3241
9319,04/27/2020T17:10:00 ,143717,892,1726,202,326,80,13,9596,8,3239
9320,04/27/2020T17:20:00 ,143717,888,1727,202,326,80,13,9599,8,3236
9321,04/27/2020T17:30:00 ,143717,887,1723,202,326,80,13,9604,8,3231
9322,04/27/2020T17:40:00 ,143717,884,1724,202,326,80,13,9606,8,3229
9323,04/27/2020T17:50:00 ,143716,882,1723,202,326,80,13,9610,8,3226
9324,04/27/2020T18:00:00 ,143716,875,1726,205,325,80,13,9612,8,3224
9325,04/27/2020T18:10:00 ,143715,874,1726,206,325,80,13,9613,8,3224
9326,04/27/2020T18:20:00 ,143712,870,1731,206,327,80,13,9613,8,3227
9327,04/27/2020T18:30:00 ,143712,866,1731,208,325,80,13,9617,8,3223
9328,04/27/2020T18:40:00 ,143711,865,1729,207,326,80,13,9621,8,3220
9329,04/27/2020T18:50:00 ,143711,864,1725,206,326,81,12,9627,8,3214
9330,04/27/2020T19:00:00 ,143711,859,1728,205,328,81,12,9628,8,3213
9331,04/27/2020T19:10:00 ,143711,854,1730,207,328,81,12,9629,8,3212
9332,04/27/2020T19:20:00 ,143711,848,1732,208,327,81,12,9633,8,3208
9333,04/27/2020T19:30:00 ,143710,844,1734,207,328,81,12,9636,8,3206
9334,04/27/2020T19:40:00 ,143708,844,1734,206,329,81,12,9638,8,3206
9335,04/27/2020T19:50:00 ,143705,844,1735,205,328,81,12,9642,8,3205
9336,04/27/2020T20:00:00 ,143705,843,1733,204,329,80,13,9645,8,3202
9337,04/27/2020T20:10:00 ,143703,837,1737,205,330,80,13,9647,8,3202
9338,04/27/2020T20:20:00 ,143699,837,1739,204,330,80,13,9650,8,3203
9339,04/27/2020T20:30:00 ,143699,832,1742,204,330,80,13,9652,8,3201
9340,04/27/2020T20:40:00 ,143696,832,1744,203,329,80,13,9655,8,3201
9341,04/27/2020T20:50:00 ,143692,830,1749,202,329,80,13,9657,8,3203
9342,04/27/2020T21:00:00 ,143688,831,1748,202,328,80,13,9662,8,3202
9343,04/27/2020T21:10:00 ,143686,831,1750,202,328,80,13,9662,8,3204
9344,04/27/2020T21:20:00 ,143683,830,1751,200,330,80,13,9665,8,3204
9345,04/27/2020T21:30:00 ,143679,833,1749,200,330,80,13,9668,8,3205
9346,04/27/2020T21:40:00 ,143676,835,1746,199,331,80,13,9672,8,3204
9347,04/27/2020T21:50:00 ,143676,829,1749,199,331,80,13,9675,8,3201
9348,04/27/2020T22:00:00 ,143674,829,1746,200,331,80,13,9679,8,3199
9349,04/27/2020T22:10:00 ,143672,831,1744,200,330,80,13,9682,8,3198
9350,04/27/2020T22:20:00 ,143672,829,1743,198,331,80,13,9686,8,3194
9351,04/27/2020T22:30:00 ,143671,823,1745,201,330,80,13,9689,8,3192
9352,04/27/2020T22:40:00 ,143671,823,1743,199,332,80,13,9691,8,3190
9353,04/27/2020T22:50:00 ,143671,822,1743,198,332,80,13,9693,8,3188
9354,04/27/2020T23:00:00 ,143669,820,1744,198,332,80,13,9696,8,3187
9355,04/27/2020T23:10:00 ,143669,816,1745,196,332,80,13,9701,8,3182
9356,04/27/2020T23:20:00 ,143669,814,1744,195,332,80,13,9705,8,3178
9357,04/27/2020T23:30:00 ,143669,810,1745,196,331,80,13,9708,8,3175
9358,04/27/2020T23:40:00 ,143668,807,1746,196,331,80,13,9711,8,3173
9359,04/27/2020T23:50:00 ,143667,805,1748,194,333,80,13,9712,8,3173
9360,04/28/2020T00:00:00 ,143667,798,1752,195,334,80,13,9713,8,3172
9361,04/28/2020T00:10:00 ,143667,797,1749,195,333,80,13,9718,8,3167
9362,04/28/2020T00:20:00 ,143667,791,1753,195,332,80,13,9721,8,3164
9363,04/28/2020T00:30:00 ,143666,788,1751,193,333,80,13,9728,8,3158
9364,04/28/2020T00:40:00 ,143664,785,1754,191,335,80,13,9730,8,3158
9365,04/28/2020T00:50:00 ,143663,785,1752,192,335,80,13,9732,8,3157
9366,04/28/2020T01:00:00 ,143663,781,1751,192,336,80,13,9736,8,3153
9367,04/28/2020T01:10:00 ,143662,779,1752,193,335,80,13,9738,8,3152
9368,04/28/2020T01:20:00 ,143662,778,1752,191,337,80,13,9739,8,3151
9369,04/28/2020T01:30:00 ,143660,776,1751,192,334,82,13,9744,8,3148
9370,04/28/2020T01:40:00 ,143660,776,1748,191,335,82,13,9747,8,3145
9371,04/28/2020T01:50:00 ,143659,777,1745,190,334,82,13,9752,8,3141
9372,04/28/2020T02:00:00 ,143659,775,1744,189,334,82,13,9756,8,3137
9373,04/28/2020T02:10:00 ,143659,772,1743,188,336,82,13,9759,8,3134
9374,04/28/2020T02:20:00 ,143658,771,1743,188,335,82,13,9762,8,3132
9375,04/28/2020T02:30:00 ,143657,766,1746,186,337,82,13,9765,8,3130
9376,04/28/2020T02:40:00 ,143657,766,1745,184,338,82,13,9767,8,3128
9377,04/28/2020T02:50:00 ,143657,761,1747,183,338,82,13,9771,8,3124
9378,04/28/2020T03:00:00 ,143657,760,1748,183,337,82,13,9772,8,3123
9379,04/28/2020T03:10:00 ,143657,755,1751,184,337,82,13,9773,8,3122
9380,04/28/2020T03:20:00 ,143656,753,1753,185,337,82,13,9773,8,3123
9381,04/28/2020T03:30:00 ,143655,752,1752,185,336,81,13,9778,8,3119
9382,04/28/2020T03:40:00 ,143655,748,1756,185,336,80,14,9778,8,3119
9383,04/28/2020T03:50:00 ,143655,746,1756,185,336,80,14,9780,8,3117
9384,04/28/2020T04:00:00 ,143655,743,1758,185,336,81,13,9781,8,3116
9385,04/28/2020T04:10:00 ,143654,740,1757,186,336,81,13,9785,8,3113
9386,04/28/2020T04:20:00 ,143653,738,1757,187,335,81,13,9788,8,3111
9387,04/28/2020T04:30:00 ,143653,734,1757,187,336,81,13,9791,8,3108
9388,04/28/2020T04:40:00 ,143652,732,1755,187,337,81,13,9795,8,3105
9389,04/28/2020T04:50:00 ,143652,731,1755,187,336,81,13,9797,8,3103
9390,04/28/2020T05:00:00 ,143652,727,1756,189,336,81,13,9798,8,3102
9391,04/28/2020T05:10:00 ,143651,727,1751,190,334,81,13,9805,8,3096
9392,04/28/2020T05:20:00 ,143651,726,1749,190,333,81,13,9809,8,3092
9393,04/28/2020T05:30:00 ,143650,725,1747,192,332,81,13,9812,8,3090
9394,04/28/2020T05:40:00 ,143650,724,1745,190,334,81,13,9815,8,3087
9395,04/28/2020T05:50:00 ,143650,724,1744,190,333,81,13,9817,8,3085
9396,04/28/2020T06:00:00 ,143650,721,1745,190,332,81,13,9820,8,3082
9397,04/28/2020T06:10:00 ,143650,720,1742,191,332,81,13,9823,8,3079
9398,04/28/2020T06:20:00 ,143650,718,1740,191,332,81,13,9827,8,3075
9399,04/28/2020T06:30:00 ,143650,714,1739,193,332,81,13,9830,8,3072
9400,04/28/2020T06:40:00 ,143649,715,1736,191,333,81,13,9834,8,3069
9401,04/28/2020T06:50:00 ,143649,711,1739,192,332,81,13,9835,8,3068
9402,04/28/2020T07:00:00 ,143648,711,1739,191,333,81,13,9836,8,3068
9403,04/28/2020T07:10:00 ,143647,711,1737,191,332,81,13,9840,8,3065
9404,04/28/2020T07:20:00 ,143644,713,1733,188,334,81,13,9846,8,3062
9405,04/28/2020T07:30:00 ,143644,712,1732,188,334,81,13,9848,8,3060
9406,04/28/2020T07:40:00 ,143642,711,1734,188,334,81,13,9849,8,3061
9407,04/28/2020T07:50:00 ,143635,717,1732,188,333,81,13,9853,8,3064
9408,04/28/2020T08:00:00 ,143629,721,1731,187,335,81,13,9855,8,3068
9409,04/28/2020T08:10:00 ,143622,725,1732,186,335,80,13,9859,8,3071
9410,04/28/2020T08:20:00 ,143612,734,1730,185,336,80,13,9862,8,3078
9411,04/28/2020T08:30:00 ,143603,740,1729,187,337,80,13,9863,8,3086
9412,04/28/2020T08:40:00 ,143592,751,1727,187,337,80,13,9865,8,3095
9413,04/28/2020T08:50:00 ,143583,758,1726,187,336,80,13,9869,8,3100
9414,04/28/2020T09:00:00 ,143570,766,1730,187,337,80,13,9869,8,3113
9415,04/28/2020T09:10:00 ,143556,777,1729,186,337,81,13,9873,8,3123
9416,04/28/2020T09:20:00 ,143545,783,1731,188,336,81,13,9875,8,3132
9417,04/28/2020T09:30:00 ,143536,790,1731,187,337,81,13,9877,8,3139
9418,04/28/2020T09:40:00 ,143521,805,1730,186,335,81,13,9881,8,3150
9419,04/28/2020T09:50:00 ,143511,814,1730,187,333,82,13,9882,8,3159
9420,04/28/2020T10:00:00 ,143500,824,1727,186,331,82,13,9889,8,3163
9421,04/28/2020T10:10:00 ,143492,829,1727,185,332,82,13,9892,8,3168
9422,04/28/2020T10:20:00 ,143481,835,1728,186,331,82,13,9896,8,3175
9423,04/28/2020T10:30:00 ,143468,847,1726,186,331,82,13,9899,8,3185
9424,04/28/2020T10:40:00 ,143458,854,1727,186,331,82,13,9901,8,3193
9425,04/28/2020T10:50:00 ,143449,860,1728,184,333,82,13,9903,8,3200
9426,04/28/2020T11:00:00 ,143439,870,1728,182,335,82,13,9903,8,3210
9427,04/28/2020T11:10:00 ,143425,881,1729,182,334,82,13,9906,8,3221
9428,04/28/2020T11:20:00 ,143417,887,1729,181,334,82,13,9909,8,3226
9429,04/28/2020T11:30:00 ,143400,900,1731,182,334,82,13,9910,8,3242
9430,04/28/2020T11:40:00 ,143390,910,1728,182,333,83,13,9913,8,3249
9431,04/28/2020T11:50:00 ,143376,922,1728,182,332,83,13,9916,8,3260
9432,04/28/2020T12:00:00 ,143368,925,1732,182,333,83,13,9916,8,3268
9433,04/28/2020T12:10:00 ,143358,931,1734,183,333,83,13,9917,8,3277
9434,04/28/2020T12:20:00 ,143348,938,1735,184,332,83,13,9919,8,3285
9435,04/28/2020T12:30:00 ,143337,946,1737,184,332,83,13,9920,8,3295
9436,04/28/2020T12:40:00 ,143329,952,1739,184,330,83,13,9922,8,3301
9437,04/28/2020T12:50:00 ,143322,959,1737,183,330,83,13,9925,8,3305
9438,04/28/2020T13:00:00 ,143315,965,1736,183,329,84,13,9927,8,3310
9439,04/28/2020T13:10:00 ,143306,972,1735,185,328,84,13,9929,8,3317
9440,04/28/2020T13:20:00 ,143297,980,1735,183,330,84,13,9930,8,3325
9441,04/28/2020T13:30:00 ,143288,987,1733,183,330,84,13,9934,8,3330
9442,04/28/2020T13:40:00 ,143282,992,1732,182,331,84,13,9936,8,3334
9443,04/28/2020T13:50:00 ,143269,1005,1729,181,332,84,13,9939,8,3344
9444,04/28/2020T14:00:00 ,143263,1008,1730,181,332,84,13,9941,8,3348
9445,04/28/2020T14:10:00 ,143249,1020,1732,181,331,84,13,9942,8,3361
9446,04/28/2020T14:20:00 ,143240,1027,1729,181,331,84,13,9947,8,3365
9447,04/28/2020T14:30:00 ,143228,1038,1727,181,331,85,12,9950,8,3374
9448,04/28/2020T14:40:00 ,143220,1042,1724,182,331,85,12,9956,8,3376
9449,04/28/2020T14:50:00 ,143212,1047,1722,182,332,85,12,9960,8,3380
9450,04/28/2020T15:00:00 ,143199,1058,1721,181,331,85,12,9965,8,3388
9451,04/28/2020T15:10:00 ,143187,1069,1718,180,332,85,12,9969,8,3396
9452,04/28/2020T15:20:00 ,143179,1077,1713,179,332,87,11,9974,8,3399
9453,04/28/2020T15:30:00 ,143169,1083,1715,179,331,87,11,9977,8,3406
9454,04/28/2020T15:40:00 ,143159,1090,1715,178,331,87,11,9981,8,3412
9455,04/28/2020T15:50:00 ,143139,1107,1717,179,331,87,11,9981,8,3432
9456,04/28/2020T16:00:00 ,143134,1108,1717,180,331,87,11,9984,8,3434
9457,04/28/2020T16:10:00 ,143128,1110,1719,181,331,87,11,9985,8,3439
9458,04/28/2020T16:20:00 ,143116,1122,1716,181,331,87,11,9988,8,3448
9459,04/28/2020T16:30:00 ,143113,1122,1717,181,330,87,11,9991,8,3448
9460,04/28/2020T16:40:00 ,143104,1129,1712,182,330,87,11,9997,8,3451
9461,04/28/2020T16:50:00 ,143098,1132,1713,182,330,87,11,9999,8,3455
9462,04/28/2020T17:00:00 ,143089,1139,1712,183,329,87,11,10002,8,3461
9463,04/28/2020T17:10:00 ,143085,1142,1712,183,328,87,11,10004,8,3463
9464,04/28/2020T17:20:00 ,143082,1144,1710,182,329,87,11,10007,8,3463
9465,04/28/2020T17:30:00 ,143079,1145,1710,182,328,87,11,10010,8,3463
9466,04/28/2020T17:40:00 ,143076,1147,1708,181,328,87,11,10014,8,3462
9467,04/28/2020T17:50:00 ,143075,1146,1706,178,330,87,11,10019,8,3458
9468,04/28/2020T18:00:00 ,143073,1148,1705,178,329,87,11,10021,8,3458
9469,04/28/2020T18:10:00 ,143071,1147,1701,176,331,87,11,10028,8,3453
9470,04/28/2020T18:20:00 ,143071,1145,1696,176,331,87,11,10035,8,3446
9471,04/28/2020T18:30:00 ,143071,1142,1699,175,330,87,11,10037,8,3444
9472,04/28/2020T18:40:00 ,143069,1144,1695,174,331,87,11,10041,8,3442
9473,04/28/2020T18:50:00 ,143068,1143,1697,172,333,87,11,10041,8,3443
9474,04/28/2020T19:00:00 ,143066,1143,1697,171,333,87,11,10044,8,3442
9475,04/28/2020T19:10:00 ,143066,1142,1697,170,332,88,11,10046,8,3440
9476,04/28/2020T19:20:00 ,143065,1141,1698,170,332,88,11,10047,8,3440
9477,04/28/2020T19:30:00 ,143062,1142,1699,170,331,88,11,10049,8,3441
9478,04/28/2020T19:40:00 ,143061,1143,1698,169,332,88,11,10050,8,3441
9479,04/28/2020T19:50:00 ,143061,1141,1698,168,333,88,11,10052,8,3439
9480,04/28/2020T20:00:00 ,143061,1139,1699,169,332,88,11,10053,8,3438
9481,04/28/2020T20:10:00 ,143060,1138,1698,169,332,88,11,10056,8,3436
9482,04/28/2020T20:20:00 ,143060,1138,1697,168,332,88,11,10058,8,3434
9483,04/28/2020T20:30:00 ,143057,1139,1695,169,331,89,11,10061,8,3434
9484,04/28/2020T20:40:00 ,143055,1137,1697,169,332,89,11,10062,8,3435
9485,04/28/2020T20:50:00 ,143054,1135,1697,171,332,89,11,10063,8,3435
9486,04/28/2020T21:00:00 ,143054,1133,1699,171,331,89,11,10064,8,3434
9487,04/28/2020T21:10:00 ,143053,1132,1698,171,331,89,11,10067,8,3432
9488,04/28/2020T21:20:00 ,143052,1133,1693,171,330,89,11,10073,8,3427
9489,04/28/2020T21:30:00 ,143052,1130,1694,172,330,89,11,10074,8,3426
9490,04/28/2020T21:40:00 ,143052,1127,1694,171,331,89,11,10077,8,3423
9491,04/28/2020T21:50:00 ,143050,1128,1691,171,332,89,11,10080,8,3422
9492,04/28/2020T22:00:00 ,143050,1124,1693,170,333,89,11,10082,8,3420
9493,04/28/2020T22:10:00 ,143049,1125,1691,170,331,89,11,10086,8,3417
9494,04/28/2020T22:20:00 ,143049,1122,1687,170,330,89,11,10094,8,3409
9495,04/28/2020T22:30:00 ,143048,1115,1692,170,331,89,11,10096,8,3408
9496,04/28/2020T22:40:00 ,143047,1114,1694,170,331,88,11,10097,8,3408
9497,04/28/2020T22:50:00 ,143047,1113,1694,169,330,88,11,10100,8,3405
9498,04/28/2020T23:00:00 ,143047,1110,1694,169,331,88,11,10102,8,3403
9499,04/28/2020T23:10:00 ,143047,1108,1692,169,331,87,11,10107,8,3398
9500,04/28/2020T23:20:00 ,143046,1107,1691,170,330,87,11,10110,8,3396
9501,04/28/2020T23:30:00 ,143046,1105,1690,171,330,87,11,10112,8,3394
9502,04/28/2020T23:40:00 ,143045,1104,1689,170,328,87,11,10118,8,3389
9503,04/28/2020T23:50:00 ,143044,1101,1691,171,327,87,11,10120,8,3388
9504,04/29/2020T00:00:00 ,143044,1100,1690,170,327,88,11,10122,8,3386
9505,04/29/2020T00:10:00 ,143044,1096,1687,172,326,88,11,10128,8,3380
9506,04/29/2020T00:20:00 ,143044,1095,1688,172,325,88,11,10129,8,3379
9507,04/29/2020T00:30:00 ,143044,1095,1684,170,326,88,11,10134,8,3374
9508,04/29/2020T00:40:00 ,143044,1094,1684,169,326,88,11,10136,8,3372
9509,04/29/2020T00:50:00 ,143044,1091,1686,170,325,88,11,10137,8,3371
9510,04/29/2020T01:00:00 ,143044,1086,1689,171,325,87,11,10139,8,3369
9511,04/29/2020T01:10:00 ,143044,1084,1689,171,325,87,11,10141,8,3367
9512,04/29/2020T01:20:00 ,143044,1084,1686,171,325,87,11,10144,8,3364
9513,04/29/2020T01:30:00 ,143043,1084,1685,171,325,87,11,10146,8,3363
9514,04/29/2020T01:40:00 ,143043,1083,1683,172,324,87,11,10149,8,3360
9515,04/29/2020T01:50:00 ,143043,1079,1683,173,324,87,11,10152,8,3357
9516,04/29/2020T02:00:00 ,143041,1078,1685,173,324,87,11,10153,8,3358
9517,04/29/2020T02:10:00 ,143040,1077,1683,174,323,87,11,10157,8,3355
9518,04/29/2020T02:20:00 ,143039,1076,1684,173,323,87,11,10159,8,3354
9519,04/29/2020T02:30:00 ,143039,1075,1678,172,324,87,11,10166,8,3347
9520,04/29/2020T02:40:00 ,143039,1074,1679,172,323,88,11,10166,8,3347
9521,04/29/2020T02:50:00 ,143039,1072,1679,172,323,88,11,10168,8,3345
9522,04/29/2020T03:00:00 ,143038,1071,1679,171,323,88,11,10171,8,3343
9523,04/29/2020T03:10:00 ,143037,1071,1679,172,323,88,11,10171,8,3344
9524,04/29/2020T03:20:00 ,143036,1070,1677,172,322,87,11,10177,8,3339
9525,04/29/2020T03:30:00 ,143035,1068,1677,173,321,87,11,10180,8,3337
9526,04/29/2020T03:40:00 ,143034,1065,1679,173,321,87,11,10182,8,3336
9527,04/29/2020T03:50:00 ,143033,1064,1675,173,320,87,11,10189,8,3330
9528,04/29/2020T04:00:00 ,143033,1064,1674,173,319,87,11,10191,8,3328
9529,04/29/2020T04:10:00 ,143033,1062,1672,172,319,87,11,10196,8,3323
9530,04/29/2020T04:20:00 ,143033,1059,1673,172,319,87,11,10198,8,3321
9531,04/29/2020T04:30:00 ,143033,1058,1670,172,318,87,11,10203,8,3316
9532,04/29/2020T04:40:00 ,143033,1055,1669,171,319,87,11,10207,8,3312
9533,04/29/2020T04:50:00 ,143029,1056,1671,170,320,87,11,10208,8,3315
9534,04/29/2020T05:00:00 ,143029,1052,1673,169,321,87,11,10210,8,3313
9535,04/29/2020T05:10:00 ,143029,1049,1673,171,320,87,11,10212,8,3311
9536,04/29/2020T05:20:00 ,143028,1048,1674,171,321,87,11,10212,8,3312
9537,04/29/2020T05:30:00 ,143024,1050,1673,171,320,87,11,10216,8,3312
9538,04/29/2020T05:40:00 ,143022,1050,1670,170,322,87,11,10220,8,3310
9539,04/29/2020T05:50:00 ,143022,1048,1667,170,322,86,11,10226,8,3304
9540,04/29/2020T06:00:00 ,143021,1045,1670,170,322,86,11,10227,8,3304
9541,04/29/2020T06:10:00 ,143021,1042,1669,171,321,86,11,10231,8,3300
9542,04/29/2020T06:20:00 ,143020,1039,1669,171,322,86,11,10234,8,3298
9543,04/29/2020T06:30:00 ,143019,1037,1667,172,322,86,11,10238,8,3295
9544,04/29/2020T06:40:00 ,143019,1036,1666,172,320,86,11,10242,8,3291
9545,04/29/2020T06:50:00 ,143018,1036,1662,172,321,86,11,10246,8,3288
9546,04/29/2020T07:00:00 ,143017,1036,1659,171,321,86,11,10251,8,3284
9547,04/29/2020T07:10:00 ,143017,1033,1659,171,321,86,11,10254,8,3281
9548,04/29/2020T07:20:00 ,143017,1033,1656,170,321,87,11,10257,8,3278
9549,04/29/2020T07:30:00 ,143015,1032,1652,171,321,87,11,10263,8,3274
9550,04/29/2020T07:40:00 ,143012,1034,1649,172,321,87,11,10266,8,3274
9551,04/29/2020T07:50:00 ,143011,1029,1651,171,322,87,11,10270,8,3271
9552,04/29/2020T08:00:00 ,143008,1030,1652,172,320,87,11,10272,8,3272
9553,04/29/2020T08:10:00 ,143004,1032,1649,172,318,87,11,10279,8,3269
9554,04/29/2020T08:20:00 ,142997,1036,1649,174,319,87,11,10279,8,3276
9555,04/29/2020T08:30:00 ,142989,1044,1646,174,318,87,11,10283,8,3280
9556,04/29/2020T08:40:00 ,142982,1049,1646,174,317,87,11,10286,8,3284
9557,04/29/2020T08:50:00 ,142974,1056,1641,175,315,87,11,10293,8,3285
9558,04/29/2020T09:00:00 ,142968,1062,1640,174,316,87,11,10294,8,3290
9559,04/29/2020T09:10:00 ,142958,1071,1637,174,317,87,11,10297,8,3297
9560,04/29/2020T09:20:00 ,142949,1075,1639,174,318,87,11,10299,8,3304
9561,04/29/2020T09:30:00 ,142935,1087,1637,173,319,87,11,10303,8,3314
9562,04/29/2020T09:40:00 ,142923,1098,1638,173,319,87,11,10303,8,3326
9563,04/29/2020T09:50:00 ,142911,1108,1638,172,320,87,11,10305,8,3336
9564,04/29/2020T10:00:00 ,142899,1118,1635,172,320,88,10,10310,8,3343
9565,04/29/2020T10:10:00 ,142890,1126,1631,171,319,88,10,10317,8,3345
9566,04/29/2020T10:20:00 ,142882,1132,1632,171,318,88,10,10319,8,3351
9567,04/29/2020T10:30:00 ,142873,1140,1632,171,318,88,10,10320,8,3359
9568,04/29/2020T10:40:00 ,142867,1141,1635,170,319,87,10,10323,8,3362
9569,04/29/2020T10:50:00 ,142861,1145,1637,169,320,87,10,10323,8,3368
9570,04/29/2020T11:00:00 ,142852,1153,1638,169,320,87,10,10323,8,3377
9571,04/29/2020T11:10:00 ,142838,1167,1637,168,321,87,10,10324,8,3390
9572,04/29/2020T11:20:00 ,142821,1181,1634,170,321,87,10,10328,8,3403
9573,04/29/2020T11:30:00 ,142815,1186,1629,171,321,87,10,10333,8,3404
9574,04/29/2020T11:40:00 ,142802,1197,1628,171,321,87,10,10336,8,3414
9575,04/29/2020T11:50:00 ,142793,1204,1629,170,323,87,10,10336,8,3423
9576,04/29/2020T12:00:00 ,142781,1213,1630,169,324,87,10,10338,8,3433
9577,04/29/2020T12:10:00 ,142776,1216,1631,169,325,87,10,10338,8,3438
9578,04/29/2020T12:20:00 ,142771,1218,1628,169,325,87,10,10344,8,3437
9579,04/29/2020T12:30:00 ,142764,1223,1628,169,325,87,10,10346,8,3442
9580,04/29/2020T12:40:00 ,142757,1229,1627,168,325,87,10,10349,8,3446
9581,04/29/2020T12:50:00 ,142748,1233,1628,169,325,87,10,10352,8,3452
9582,04/29/2020T13:00:00 ,142741,1238,1629,168,326,87,10,10353,8,3458
9583,04/29/2020T13:10:00 ,142731,1247,1624,168,326,87,10,10359,8,3462
9584,04/29/2020T13:20:00 ,142727,1248,1624,169,325,87,10,10362,8,3463
9585,04/29/2020T13:30:00 ,142719,1254,1621,168,326,87,10,10367,8,3466
9586,04/29/2020T13:40:00 ,142709,1259,1623,169,325,87,10,10370,8,3473
9587,04/29/2020T13:50:00 ,142702,1263,1622,169,325,87,10,10374,8,3476
9588,04/29/2020T14:00:00 ,142697,1262,1622,171,325,87,10,10378,8,3477
9589,04/29/2020T14:10:00 ,142693,1264,1621,171,324,87,10,10382,8,3477
9590,04/29/2020T14:20:00 ,142687,1267,1620,172,323,87,10,10386,8,3479
9591,04/29/2020T14:30:00 ,142676,1274,1619,174,321,87,10,10391,8,3485
9592,04/29/2020T14:40:00 ,142666,1280,1618,174,321,87,10,10396,8,3490
9593,04/29/2020T14:50:00 ,142659,1286,1618,174,321,87,10,10397,8,3496
9594,04/29/2020T15:00:00 ,142649,1294,1617,174,321,87,10,10400,8,3503
9595,04/29/2020T15:10:00 ,142643,1295,1621,174,320,87,10,10402,8,3507
9596,04/29/2020T15:20:00 ,142636,1300,1619,173,320,87,10,10407,8,3509
9597,04/29/2020T15:30:00 ,142633,1300,1619,171,322,87,10,10410,8,3509
9598,04/29/2020T15:40:00 ,142628,1301,1623,170,323,87,10,10410,8,3514
9599,04/29/2020T15:50:00 ,142620,1306,1623,172,323,87,10,10411,8,3521
9600,04/29/2020T16:00:00 ,142610,1315,1623,173,323,87,10,10411,8,3531
9601,04/29/2020T16:10:00 ,142603,1320,1625,172,324,87,10,10411,8,3538
9602,04/29/2020T16:20:00 ,142593,1328,1622,172,324,87,10,10416,8,3543
9603,04/29/2020T16:30:00 ,142589,1331,1621,171,324,88,10,10418,8,3545
9604,04/29/2020T16:40:00 ,142580,1339,1620,171,322,88,10,10422,8,3550
9605,04/29/2020T16:50:00 ,142571,1342,1622,171,320,89,10,10427,8,3554
9606,04/29/2020T17:00:00 ,142570,1340,1622,171,320,89,10,10430,8,3552
9607,04/29/2020T17:10:00 ,142569,1339,1623,169,320,88,10,10434,8,3549
9608,04/29/2020T17:20:00 ,142567,1340,1623,169,319,87,10,10437,8,3548
9609,04/29/2020T17:30:00 ,142565,1340,1625,169,316,87,10,10440,8,3547
9610,04/29/2020T17:40:00 ,142563,1341,1626,168,316,87,10,10441,8,3548
9611,04/29/2020T17:50:00 ,142562,1339,1627,167,317,87,10,10443,8,3547
9612,04/29/2020T18:00:00 ,142560,1341,1626,167,317,87,10,10444,8,3548
9613,04/29/2020T18:10:00 ,142558,1340,1626,167,317,87,10,10447,8,3547
9614,04/29/2020T18:20:00 ,142557,1339,1625,167,317,87,10,10450,8,3545
9615,04/29/2020T18:30:00 ,142557,1337,1625,167,314,87,10,10455,8,3540
9616,04/29/2020T18:40:00 ,142556,1334,1624,165,316,87,10,10460,8,3536
9617,04/29/2020T18:50:00 ,142555,1332,1625,165,317,87,10,10461,8,3536
9618,04/29/2020T19:00:00 ,142555,1329,1624,166,317,86,10,10465,8,3532
9619,04/29/2020T19:10:00 ,142555,1327,1624,166,316,86,10,10468,8,3529
9620,04/29/2020T19:20:00 ,142554,1327,1625,166,315,85,10,10470,8,3528
9621,04/29/2020T19:30:00 ,142553,1325,1628,166,315,85,10,10470,8,3529
9622,04/29/2020T19:40:00 ,142552,1323,1626,167,314,85,10,10475,8,3525
9623,04/29/2020T19:50:00 ,142551,1322,1623,167,316,85,10,10478,8,3523
9624,04/29/2020T20:00:00 ,142550,1322,1622,167,316,85,10,10480,8,3522
9625,04/29/2020T20:10:00 ,142548,1322,1621,166,318,85,10,10482,8,3522
9626,04/29/2020T20:20:00 ,142547,1323,1621,166,318,85,10,10482,8,3523
9627,04/29/2020T20:30:00 ,142547,1322,1619,165,319,85,10,10485,8,3520
9628,04/29/2020T20:40:00 ,142547,1322,1618,165,319,85,10,10486,8,3519
9629,04/29/2020T20:50:00 ,142546,1320,1617,165,318,85,10,10491,8,3515
9630,04/29/2020T21:00:00 ,142544,1317,1620,163,320,85,10,10493,8,3515
9631,04/29/2020T21:10:00 ,142543,1313,1620,165,321,85,10,10495,8,3514
9632,04/29/2020T21:20:00 ,142541,1315,1618,165,320,85,10,10498,8,3513
9633,04/29/2020T21:30:00 ,142540,1313,1618,166,320,85,10,10500,8,3512
9634,04/29/2020T21:40:00 ,142539,1310,1621,166,320,85,10,10501,8,3512
9635,04/29/2020T21:50:00 ,142538,1310,1621,166,320,85,10,10502,8,3512
9636,04/29/2020T22:00:00 ,142538,1307,1623,166,321,85,10,10502,8,3512
9637,04/29/2020T22:10:00 ,142537,1304,1623,167,321,85,10,10505,8,3510
9638,04/29/2020T22:20:00 ,142535,1303,1622,167,321,85,10,10509,8,3508
9639,04/29/2020T22:30:00 ,142535,1302,1620,167,321,85,10,10512,8,3505
9640,04/29/2020T22:40:00 ,142532,1302,1619,169,320,85,10,10515,8,3505
9641,04/29/2020T22:50:00 ,142532,1302,1613,168,321,86,9,10521,8,3499
9642,04/29/2020T23:00:00 ,142532,1301,1612,168,321,86,9,10523,8,3497
9643,04/29/2020T23:10:00 ,142531,1301,1608,169,321,86,9,10527,8,3494
9644,04/29/2020T23:20:00 ,142531,1300,1608,169,320,87,9,10528,8,3493
9645,04/29/2020T23:30:00 ,142531,1298,1608,167,320,87,9,10532,8,3489
9646,04/29/2020T23:40:00 ,142528,1298,1611,166,321,86,9,10533,8,3491
9647,04/29/2020T23:50:00 ,142528,1295,1613,166,319,86,9,10536,8,3488
9648,04/30/2020T00:00:00 ,142527,1295,1612,166,319,86,9,10538,8,3487
9649,04/30/2020T00:10:00 ,142527,1291,1612,166,321,86,9,10540,8,3485
9650,04/30/2020T00:20:00 ,142527,1288,1612,166,319,86,9,10545,8,3480
9651,04/30/2020T00:30:00 ,142526,1289,1611,166,319,86,9,10546,8,3480
9652,04/30/2020T00:40:00 ,142526,1288,1608,166,318,86,9,10551,8,3475
9653,04/30/2020T00:50:00 ,142525,1287,1608,166,319,86,9,10552,8,3475
9654,04/30/2020T01:00:00 ,142525,1284,1606,166,318,86,9,10558,8,3469
9655,04/30/2020T01:10:00 ,142523,1282,1608,166,319,86,9,10559,8,3470
9656,04/30/2020T01:20:00 ,142522,1279,1609,166,317,86,9,10564,8,3466
9657,04/30/2020T01:30:00 ,142522,1277,1608,165,318,86,9,10567,8,3463
9658,04/30/2020T01:40:00 ,142521,1276,1607,166,316,86,9,10571,8,3460
9659,04/30/2020T01:50:00 ,142519,1278,1603,164,318,86,9,10575,8,3458
9660,04/30/2020T02:00:00 ,142519,1276,1603,163,318,87,9,10577,8,3456
9661,04/30/2020T02:10:00 ,142519,1272,1604,162,319,86,9,10581,8,3452
9662,04/30/2020T02:20:00 ,142519,1270,1603,162,319,86,9,10584,8,3449
9663,04/30/2020T02:30:00 ,142518,1269,1603,162,318,86,9,10587,8,3447
9664,04/30/2020T02:40:00 ,142517,1268,1601,162,318,86,9,10591,8,3444
9665,04/30/2020T02:50:00 ,142517,1266,1601,162,318,86,9,10593,8,3442
9666,04/30/2020T03:00:00 ,142516,1266,1600,163,316,85,9,10597,8,3439
9667,04/30/2020T03:10:00 ,142515,1266,1601,163,315,85,9,10598,8,3439
9668,04/30/2020T03:20:00 ,142515,1262,1601,164,313,85,9,10603,8,3434
9669,04/30/2020T03:30:00 ,142513,1261,1597,165,313,85,9,10609,8,3430
9670,04/30/2020T03:40:00 ,142513,1258,1599,165,312,85,9,10611,8,3428
9671,04/30/2020T03:50:00 ,142513,1256,1600,165,311,85,9,10613,8,3426
9672,04/30/2020T04:00:00 ,142512,1253,1600,166,310,85,9,10617,8,3423
9673,04/30/2020T04:10:00 ,142511,1254,1598,166,309,85,9,10620,8,3421
9674,04/30/2020T04:20:00 ,142511,1253,1597,164,311,85,9,10622,8,3419
9675,04/30/2020T04:30:00 ,142511,1249,1594,164,312,85,9,10628,8,3413
9676,04/30/2020T04:40:00 ,142511,1247,1592,165,312,85,9,10631,8,3410
9677,04/30/2020T04:50:00 ,142510,1246,1592,164,312,85,9,10634,8,3408
9678,04/30/2020T05:00:00 ,142510,1246,1589,164,312,85,9,10637,8,3405
9679,04/30/2020T05:10:00 ,142508,1245,1588,165,312,85,9,10640,8,3404
9680,04/30/2020T05:20:00 ,142507,1244,1587,165,312,85,9,10643,8,3402
9681,04/30/2020T05:30:00 ,142507,1243,1586,164,313,85,9,10645,8,3400
9682,04/30/2020T05:40:00 ,142507,1240,1586,164,314,85,9,10647,8,3398
9683,04/30/2020T05:50:00 ,142505,1240,1587,164,312,86,9,10649,8,3398
9684,04/30/2020T06:00:00 ,142505,1239,1585,163,313,86,9,10652,8,3395
9685,04/30/2020T06:10:00 ,142504,1235,1588,164,311,87,9,10654,8,3394
9686,04/30/2020T06:20:00 ,142503,1233,1590,164,309,87,9,10657,8,3392
9687,04/30/2020T06:30:00 ,142502,1232,1590,164,308,87,9,10660,8,3390
9688,04/30/2020T06:40:00 ,142502,1231,1586,164,308,87,9,10665,8,3385
9689,04/30/2020T06:50:00 ,142502,1225,1590,165,309,87,9,10665,8,3385
9690,04/30/2020T07:00:00 ,142502,1224,1590,165,309,87,9,10666,8,3384
9691,04/30/2020T07:10:00 ,142502,1223,1586,166,308,87,9,10671,8,3379
9692,04/30/2020T07:20:00 ,142502,1218,1587,167,307,87,9,10675,8,3375
9693,04/30/2020T07:30:00 ,142501,1218,1582,167,307,87,9,10681,8,3370
9694,04/30/2020T07:40:00 ,142501,1217,1581,167,306,88,9,10683,8,3368
9695,04/30/2020T07:50:00 ,142495,1223,1581,167,306,88,9,10683,8,3374
9696,04/30/2020T08:00:00 ,142490,1224,1584,167,305,88,9,10685,8,3377
9697,04/30/2020T08:10:00 ,142489,1221,1587,167,304,88,9,10687,8,3376
9698,04/30/2020T08:20:00 ,142485,1224,1584,168,303,88,9,10691,8,3376
9699,04/30/2020T08:30:00 ,142478,1229,1581,167,304,88,9,10696,8,3378
9700,04/30/2020T08:40:00 ,142471,1230,1585,167,303,88,9,10699,8,3382
9701,04/30/2020T08:50:00 ,142463,1237,1580,167,301,88,9,10707,8,3382
9702,04/30/2020T09:00:00 ,142457,1241,1581,166,302,88,9,10708,8,3387
9703,04/30/2020T09:10:00 ,142454,1238,1582,166,302,88,9,10713,8,3385
9704,04/30/2020T09:20:00 ,142440,1250,1580,164,303,88,9,10718,8,3394
9705,04/30/2020T09:30:00 ,142435,1255,1578,164,302,88,9,10721,8,3396
9706,04/30/2020T09:40:00 ,142429,1256,1578,165,301,88,9,10726,8,3397
9707,04/30/2020T09:50:00 ,142420,1259,1580,166,301,88,9,10729,8,3403
9708,04/30/2020T10:00:00 ,142412,1264,1580,166,301,88,9,10732,8,3408
9709,04/30/2020T10:10:00 ,142402,1270,1580,165,302,88,9,10736,8,3414
9710,04/30/2020T10:20:00 ,142397,1273,1579,164,303,88,9,10739,8,3416
9711,04/30/2020T10:30:00 ,142388,1276,1582,165,302,88,9,10742,8,3422
9712,04/30/2020T10:40:00 ,142379,1280,1586,166,300,88,9,10744,8,3429
9713,04/30/2020T10:50:00 ,142369,1286,1586,167,298,88,8,10749,9,3433
9714,04/30/2020T11:00:00 ,142363,1291,1586,167,298,88,8,10750,9,3438
9715,04/30/2020T11:10:00 ,142352,1298,1589,167,298,88,8,10751,9,3448
9716,04/30/2020T11:20:00 ,142342,1306,1590,167,298,88,8,10752,9,3457
9717,04/30/2020T11:30:00 ,142335,1308,1591,168,296,88,8,10757,9,3459
9718,04/30/2020T11:40:00 ,142330,1312,1591,167,297,88,8,10758,9,3463
9719,04/30/2020T11:50:00 ,142324,1316,1589,167,295,88,8,10764,9,3463
9720,04/30/2020T12:00:00 ,142316,1322,1587,166,295,89,8,10768,9,3467
9721,04/30/2020T12:10:00 ,142309,1326,1586,167,295,89,8,10771,9,3471
9722,04/30/2020T12:20:00 ,142302,1332,1585,168,294,89,8,10773,9,3476
9723,04/30/2020T12:30:00 ,142293,1338,1586,168,294,89,8,10775,9,3483
9724,04/30/2020T12:40:00 ,142285,1344,1585,168,294,90,8,10777,9,3489
9725,04/30/2020T12:50:00 ,142280,1346,1584,171,293,90,8,10779,9,3492
9726,04/30/2020T13:00:00 ,142271,1353,1584,171,293,90,8,10781,9,3499
9727,04/30/2020T13:10:00 ,142269,1351,1586,171,294,90,8,10782,9,3500
9728,04/30/2020T13:20:00 ,142263,1355,1586,171,294,90,8,10784,9,3504
9729,04/30/2020T13:30:00 ,142256,1358,1589,169,294,90,8,10787,9,3508
9730,04/30/2020T13:40:00 ,142250,1362,1587,167,296,90,8,10791,9,3510
9731,04/30/2020T13:50:00 ,142244,1367,1588,165,298,90,8,10791,9,3516
9732,04/30/2020T14:00:00 ,142238,1369,1586,164,300,90,8,10796,9,3517
9733,04/30/2020T14:10:00 ,142236,1368,1587,165,300,90,8,10797,9,3518
9734,04/30/2020T14:20:00 ,142225,1379,1586,165,300,90,8,10798,9,3528
9735,04/30/2020T14:30:00 ,142221,1381,1584,165,298,91,8,10803,9,3527
9736,04/30/2020T14:40:00 ,142218,1381,1586,165,296,91,8,10806,9,3527
9737,04/30/2020T14:50:00 ,142213,1382,1588,165,295,90,8,10810,9,3528
9738,04/30/2020T15:00:00 ,142203,1389,1590,165,293,90,8,10813,9,3535
9739,04/30/2020T15:10:00 ,142196,1393,1592,164,294,90,8,10814,9,3541
9740,04/30/2020T15:20:00 ,142192,1395,1593,163,293,90,8,10817,9,3542
9741,04/30/2020T15:30:00 ,142185,1397,1595,161,295,90,8,10820,9,3546
9742,04/30/2020T15:40:00 ,142180,1400,1591,161,294,90,8,10827,9,3544
9743,04/30/2020T15:50:00 ,142173,1406,1588,161,294,90,8,10831,9,3547
9744,04/30/2020T16:00:00 ,142170,1407,1585,160,292,90,8,10839,9,3542
9745,04/30/2020T16:10:00 ,142163,1411,1584,161,292,90,8,10842,9,3546
9746,04/30/2020T16:20:00 ,142157,1411,1587,161,292,90,8,10845,9,3549
9747,04/30/2020T16:30:00 ,142155,1410,1587,160,293,90,8,10848,9,3548
9748,04/30/2020T16:40:00 ,142147,1418,1586,160,293,90,8,10849,9,3555
9749,04/30/2020T16:50:00 ,142145,1418,1585,161,293,90,8,10851,9,3555
9750,04/30/2020T17:00:00 ,142141,1421,1586,160,294,90,8,10851,9,3559
9751,04/30/2020T17:10:00 ,142139,1422,1584,159,294,90,8,10855,9,3557
9752,04/30/2020T17:20:00 ,142138,1421,1583,161,294,90,8,10856,9,3557
9753,04/30/2020T17:30:00 ,142138,1418,1583,162,294,90,8,10858,9,3555
9754,04/30/2020T17:40:00 ,142137,1417,1583,160,295,90,8,10861,9,3553
9755,04/30/2020T17:50:00 ,142134,1414,1584,160,295,90,8,10866,9,3551
9756,04/30/2020T18:00:00 ,142131,1414,1587,160,294,90,8,10867,9,3553
9757,04/30/2020T18:10:00 ,142131,1413,1584,160,294,90,8,10871,9,3549
9758,04/30/2020T18:20:00 ,142130,1408,1585,161,294,90,8,10875,9,3546
9759,04/30/2020T18:30:00 ,142128,1407,1583,162,294,90,8,10879,9,3544
9760,04/30/2020T18:40:00 ,142128,1403,1581,164,294,90,8,10883,9,3540
9761,04/30/2020T18:50:00 ,142127,1400,1581,166,293,90,8,10886,9,3538
9762,04/30/2020T19:00:00 ,142126,1399,1580,166,293,90,8,10889,9,3536
9763,04/30/2020T19:10:00 ,142125,1395,1580,169,294,90,8,10890,9,3536
9764,04/30/2020T19:20:00 ,142123,1393,1580,171,294,90,8,10892,9,3536
9765,04/30/2020T19:30:00 ,142122,1391,1581,172,294,90,8,10893,9,3536
9766,04/30/2020T19:40:00 ,142121,1389,1581,170,296,90,8,10896,9,3534
9767,04/30/2020T19:50:00 ,142121,1385,1578,171,296,90,8,10902,9,3528
9768,04/30/2020T20:00:00 ,142121,1384,1573,170,297,89,8,10909,9,3521
9769,04/30/2020T20:10:00 ,142121,1381,1576,168,299,89,8,10909,9,3521
9770,04/30/2020T20:20:00 ,142120,1378,1575,167,299,89,8,10915,9,3516
9771,04/30/2020T20:30:00 ,142120,1373,1575,168,299,89,8,10919,9,3512
9772,04/30/2020T20:40:00 ,142120,1368,1574,171,297,89,8,10924,9,3507
9773,04/30/2020T20:50:00 ,142118,1368,1575,169,297,89,8,10927,9,3506
9774,04/30/2020T21:00:00 ,142117,1367,1574,171,296,89,8,10929,9,3505
9775,04/30/2020T21:10:00 ,142115,1363,1575,171,296,89,8,10934,9,3502
9776,04/30/2020T21:20:00 ,142115,1361,1573,172,297,89,8,10936,9,3500
9777,04/30/2020T21:30:00 ,142115,1356,1576,171,297,89,8,10939,9,3497
9778,04/30/2020T21:40:00 ,142114,1354,1573,172,298,89,8,10943,9,3494
9779,04/30/2020T21:50:00 ,142113,1352,1572,173,297,89,8,10947,9,3491
9780,04/30/2020T22:00:00 ,142112,1353,1571,171,299,89,8,10948,9,3491
9781,04/30/2020T22:10:00 ,142112,1349,1570,171,300,89,8,10952,9,3487
9782,04/30/2020T22:20:00 ,142112,1347,1572,171,300,89,8,10952,9,3487
9783,04/30/2020T22:30:00 ,142112,1343,1575,170,301,89,8,10953,9,3486
9784,04/30/2020T22:40:00 ,142112,1339,1579,168,302,89,8,10954,9,3485
9785,04/30/2020T22:50:00 ,142110,1338,1576,167,303,89,8,10960,9,3481
9786,04/30/2020T23:00:00 ,142109,1337,1575,168,299,89,8,10966,9,3476
9787,04/30/2020T23:10:00 ,142109,1333,1577,167,299,89,8,10969,9,3473
9788,04/30/2020T23:20:00 ,142108,1334,1577,165,300,89,8,10970,9,3473
9789,04/30/2020T23:30:00 ,142108,1334,1574,164,299,89,8,10975,9,3468
9790,04/30/2020T23:40:00 ,142107,1331,1573,165,295,90,8,10982,9,3462
9791,04/30/2020T23:50:00 ,142107,1329,1569,166,293,90,8,10989,9,3455
9792,05/01/2020T00:00:00 ,142107,1327,1567,166,293,90,8,10993,9,3451
9793,05/01/2020T00:10:00 ,142107,1324,1567,167,293,90,8,10995,9,3449
9794,05/01/2020T00:20:00 ,142107,1319,1569,167,294,90,8,10997,9,3447
9795,05/01/2020T00:30:00 ,142106,1318,1569,167,294,90,8,10999,9,3446
9796,05/01/2020T00:40:00 ,142106,1315,1568,167,295,90,8,11002,9,3443
9797,05/01/2020T00:50:00 ,142105,1314,1567,167,295,90,8,11005,9,3441
9798,05/01/2020T01:00:00 ,142105,1310,1567,167,294,90,8,11010,9,3436
9799,05/01/2020T01:10:00 ,142104,1307,1571,167,292,91,8,11011,9,3436
9800,05/01/2020T01:20:00 ,142104,1306,1571,167,291,91,8,11013,9,3434
9801,05/01/2020T01:30:00 ,142103,1302,1573,166,290,91,8,11018,9,3430
9802,05/01/2020T01:40:00 ,142102,1299,1574,166,289,91,8,11022,9,3427
9803,05/01/2020T01:50:00 ,142101,1298,1573,167,288,91,8,11025,9,3425
9804,05/01/2020T02:00:00 ,142101,1294,1577,165,290,91,8,11025,9,3425
9805,05/01/2020T02:10:00 ,142099,1293,1576,166,291,91,8,11027,9,3425
9806,05/01/2020T02:20:00 ,142099,1291,1576,165,292,91,8,11029,9,3423
9807,05/01/2020T02:30:00 ,142099,1287,1577,165,292,91,8,11032,9,3420
9808,05/01/2020T02:40:00 ,142099,1286,1575,164,292,91,8,11036,9,3416
9809,05/01/2020T02:50:00 ,142099,1281,1578,166,291,91,8,11037,9,3415
9810,05/01/2020T03:00:00 ,142098,1281,1575,167,291,91,8,11040,9,3413
9811,05/01/2020T03:10:00 ,142097,1277,1578,168,290,91,8,11042,9,3412
9812,05/01/2020T03:20:00 ,142097,1275,1578,168,290,91,8,11044,9,3410
9813,05/01/2020T03:30:00 ,142096,1272,1579,168,291,91,8,11046,9,3409
9814,05/01/2020T03:40:00 ,142096,1270,1579,168,290,91,8,11049,9,3406
9815,05/01/2020T03:50:00 ,142095,1267,1578,169,290,90,9,11053,9,3403
9816,05/01/2020T04:00:00 ,142095,1264,1577,169,289,91,8,11058,9,3398
9817,05/01/2020T04:10:00 ,142095,1263,1573,169,288,91,8,11064,9,3392
9818,05/01/2020T04:20:00 ,142094,1261,1572,170,286,91,7,11070,9,3387
9819,05/01/2020T04:30:00 ,142092,1262,1572,168,288,91,7,11071,9,3388
9820,05/01/2020T04:40:00 ,142092,1259,1572,168,288,90,7,11075,9,3384
9821,05/01/2020T04:50:00 ,142091,1258,1573,166,289,91,7,11076,9,3384
9822,05/01/2020T05:00:00 ,142090,1258,1572,166,288,91,7,11079,9,3382
9823,05/01/2020T05:10:00 ,142089,1258,1567,166,287,91,7,11086,9,3376
9824,05/01/2020T05:20:00 ,142088,1257,1565,167,285,90,7,11092,9,3371
9825,05/01/2020T05:30:00 ,142088,1253,1565,168,285,90,7,11095,9,3368
9826,05/01/2020T05:40:00 ,142087,1253,1561,166,287,90,7,11100,9,3364
9827,05/01/2020T05:50:00 ,142087,1246,1565,167,288,90,7,11101,9,3363
9828,05/01/2020T06:00:00 ,142086,1243,1564,170,287,90,7,11104,9,3361
9829,05/01/2020T06:10:00 ,142086,1238,1563,170,289,90,7,11108,9,3357
9830,05/01/2020T06:20:00 ,142086,1237,1563,171,287,91,7,11109,9,3356
9831,05/01/2020T06:30:00 ,142086,1234,1561,171,285,91,7,11116,9,3349
9832,05/01/2020T06:40:00 ,142086,1228,1563,174,284,91,7,11118,9,3347
9833,05/01/2020T06:50:00 ,142086,1225,1564,171,286,92,7,11120,9,3345
9834,05/01/2020T07:00:00 ,142084,1224,1565,171,286,92,7,11122,9,3345
9835,05/01/2020T07:10:00 ,142083,1221,1565,172,286,92,7,11125,9,3343
9836,05/01/2020T07:20:00 ,142081,1220,1564,172,287,92,7,11128,9,3342
9837,05/01/2020T07:30:00 ,142078,1222,1563,173,286,92,7,11130,9,3343
9838,05/01/2020T07:40:00 ,142076,1222,1560,174,285,92,7,11135,9,3340
9839,05/01/2020T07:50:00 ,142075,1222,1558,174,284,92,7,11139,9,3337
9840,05/01/2020T08:00:00 ,142071,1225,1559,174,282,92,7,11141,9,3339
9841,05/01/2020T08:10:00 ,142068,1226,1558,174,280,93,6,11146,9,3337
9842,05/01/2020T08:20:00 ,142061,1231,1556,175,280,93,6,11149,9,3341
9843,05/01/2020T08:30:00 ,142061,1227,1554,176,279,93,6,11155,9,3335
9844,05/01/2020T08:40:00 ,142059,1226,1554,176,279,93,6,11158,9,3334
9845,05/01/2020T08:50:00 ,142055,1226,1558,175,280,93,6,11158,9,3338
9846,05/01/2020T09:00:00 ,142050,1230,1559,175,279,93,6,11159,9,3342
9847,05/01/2020T09:10:00 ,142045,1229,1560,177,278,92,6,11164,9,3342
9848,05/01/2020T09:20:00 ,142036,1236,1560,176,279,92,6,11166,9,3349
9849,05/01/2020T09:30:00 ,142027,1242,1561,176,279,92,6,11168,9,3356
9850,05/01/2020T09:40:00 ,142022,1245,1559,178,277,92,6,11172,9,3357
9851,05/01/2020T09:50:00 ,142012,1251,1556,179,277,92,6,11178,9,3361
9852,05/01/2020T10:00:00 ,142006,1255,1557,180,276,92,6,11179,9,3366
9853,05/01/2020T10:10:00 ,141998,1261,1555,180,276,92,6,11183,9,3370
9854,05/01/2020T10:20:00 ,141993,1263,1554,181,275,91,6,11188,9,3370
9855,05/01/2020T10:30:00 ,141986,1269,1551,182,274,91,6,11192,9,3373
9856,05/01/2020T10:40:00 ,141981,1271,1550,181,275,91,6,11196,9,3374
9857,05/01/2020T10:50:00 ,141971,1276,1554,182,274,92,6,11196,9,3384
9858,05/01/2020T11:00:00 ,141963,1284,1549,180,276,92,6,11201,9,3387
9859,05/01/2020T11:10:00 ,141949,1296,1549,180,276,93,6,11202,9,3400
9860,05/01/2020T11:20:00 ,141945,1297,1550,180,277,93,6,11203,9,3403
9861,05/01/2020T11:30:00 ,141937,1301,1550,177,281,93,6,11206,9,3408
9862,05/01/2020T11:40:00 ,141929,1307,1550,178,281,93,6,11207,9,3415
9863,05/01/2020T11:50:00 ,141923,1311,1547,176,283,93,6,11212,9,3416
9864,05/01/2020T12:00:00 ,141917,1316,1546,175,284,93,6,11214,9,3420
9865,05/01/2020T12:10:00 ,141909,1320,1549,175,285,93,6,11214,9,3428
9866,05/01/2020T12:20:00 ,141904,1324,1549,173,287,93,6,11215,9,3432
9867,05/01/2020T12:30:00 ,141896,1329,1550,170,289,93,6,11218,9,3437
9868,05/01/2020T12:40:00 ,141889,1332,1550,172,288,93,6,11221,9,3441
9869,05/01/2020T12:50:00 ,141882,1339,1547,171,289,93,6,11224,9,3445
9870,05/01/2020T13:00:00 ,141876,1340,1549,174,289,93,6,11224,9,3451
9871,05/01/2020T13:10:00 ,141874,1342,1549,173,289,93,6,11225,9,3452
9872,05/01/2020T13:20:00 ,141865,1349,1549,173,289,93,6,11227,9,3459
9873,05/01/2020T13:30:00 ,141859,1354,1549,173,288,93,6,11229,9,3463
9874,05/01/2020T13:40:00 ,141851,1358,1548,173,289,93,6,11233,9,3467
9875,05/01/2020T13:50:00 ,141846,1359,1550,173,290,93,6,11234,9,3471
9876,05/01/2020T14:00:00 ,141838,1363,1554,173,290,93,6,11234,9,3479
9877,05/01/2020T14:10:00 ,141833,1365,1554,174,288,94,6,11237,9,3481
9878,05/01/2020T14:20:00 ,141826,1366,1556,176,288,94,6,11239,9,3486
9879,05/01/2020T14:30:00 ,141820,1367,1557,176,288,94,6,11243,9,3488
9880,05/01/2020T14:40:00 ,141814,1372,1552,176,286,94,6,11251,9,3486
9881,05/01/2020T14:50:00 ,141813,1371,1554,175,287,94,6,11251,9,3487
9882,05/01/2020T15:00:00 ,141805,1376,1554,176,286,94,6,11254,9,3492
9883,05/01/2020T15:10:00 ,141799,1376,1557,177,287,94,6,11255,9,3497
9884,05/01/2020T15:20:00 ,141795,1376,1558,178,287,94,6,11257,9,3499
9885,05/01/2020T15:30:00 ,141790,1378,1557,179,286,94,6,11261,9,3500
9886,05/01/2020T15:40:00 ,141785,1381,1557,179,286,93,6,11264,9,3502
9887,05/01/2020T15:50:00 ,141781,1385,1554,179,286,93,6,11267,9,3503
9888,05/01/2020T16:00:00 ,141777,1385,1552,180,286,93,6,11272,9,3502
9889,05/01/2020T16:10:00 ,141771,1389,1551,181,285,94,6,11274,9,3506
9890,05/01/2020T16:20:00 ,141767,1385,1556,182,285,94,6,11276,9,3508
9891,05/01/2020T16:30:00 ,141766,1385,1555,182,285,94,6,11278,9,3507
9892,05/01/2020T16:40:00 ,141763,1385,1554,181,285,94,6,11283,9,3505
9893,05/01/2020T16:50:00 ,141757,1389,1553,182,285,94,6,11285,9,3509
9894,05/01/2020T17:00:00 ,141752,1390,1555,182,283,94,6,11289,9,3510
9895,05/01/2020T17:10:00 ,141750,1388,1558,183,283,94,6,11289,9,3512
9896,05/01/2020T17:20:00 ,141747,1390,1559,182,283,94,6,11290,9,3514
9897,05/01/2020T17:30:00 ,141746,1388,1556,183,283,94,6,11295,9,3510
9898,05/01/2020T17:40:00 ,141745,1388,1555,183,283,94,6,11297,9,3509
9899,05/01/2020T17:50:00 ,141744,1387,1554,182,283,94,6,11301,9,3506
9900,05/01/2020T18:00:00 ,141744,1385,1555,182,281,94,6,11304,9,3503
9901,05/01/2020T18:10:00 ,141743,1382,1555,181,282,94,6,11308,9,3500
9902,05/01/2020T18:20:00 ,141740,1382,1556,181,282,94,6,11310,9,3501
9903,05/01/2020T18:30:00 ,141740,1378,1557,182,281,94,6,11313,9,3498
9904,05/01/2020T18:40:00 ,141740,1373,1559,184,281,94,6,11314,9,3497
9905,05/01/2020T18:50:00 ,141740,1369,1558,183,282,94,6,11319,9,3492
9906,05/01/2020T19:00:00 ,141739,1365,1560,185,282,94,6,11320,9,3492
9907,05/01/2020T19:10:00 ,141738,1364,1560,185,280,94,6,11324,9,3489
9908,05/01/2020T19:20:00 ,141737,1362,1557,185,281,94,6,11329,9,3485
9909,05/01/2020T19:30:00 ,141736,1359,1558,185,280,94,6,11333,9,3482
9910,05/01/2020T19:40:00 ,141735,1355,1560,183,281,94,6,11337,9,3479
9911,05/01/2020T19:50:00 ,141734,1353,1561,183,280,94,6,11340,9,3477
9912,05/01/2020T20:00:00 ,141733,1350,1561,185,280,94,6,11342,9,3476
9913,05/01/2020T20:10:00 ,141731,1351,1559,184,279,94,6,11347,9,3473
9914,05/01/2020T20:20:00 ,141731,1349,1558,184,278,94,6,11351,9,3469
9915,05/01/2020T20:30:00 ,141731,1348,1556,184,277,94,6,11355,9,3465
9916,05/01/2020T20:40:00 ,141728,1348,1558,183,276,95,6,11357,9,3466
9917,05/01/2020T20:50:00 ,141727,1347,1554,183,276,95,6,11363,9,3461
9918,05/01/2020T21:00:00 ,141726,1345,1552,183,277,95,6,11367,9,3458
9919,05/01/2020T21:10:00 ,141726,1342,1555,182,278,95,6,11367,9,3458
9920,05/01/2020T21:20:00 ,141726,1341,1555,183,277,95,6,11368,9,3457
9921,05/01/2020T21:30:00 ,141724,1341,1554,183,276,95,6,11372,9,3455
9922,05/01/2020T21:40:00 ,141723,1342,1552,182,277,95,6,11374,9,3454
9923,05/01/2020T21:50:00 ,141723,1338,1555,182,276,95,6,11376,9,3452
9924,05/01/2020T22:00:00 ,141722,1336,1555,181,277,95,6,11379,9,3450
9925,05/01/2020T22:10:00 ,141722,1332,1555,182,276,95,6,11383,9,3446
9926,05/01/2020T22:20:00 ,141722,1331,1555,181,277,95,6,11384,9,3445
9927,05/01/2020T22:30:00 ,141720,1332,1553,180,277,95,6,11388,9,3443
9928,05/01/2020T22:40:00 ,141718,1332,1553,178,279,95,6,11390,9,3443
9929,05/01/2020T22:50:00 ,141718,1330,1553,178,280,95,6,11391,9,3442
9930,05/01/2020T23:00:00 ,141718,1325,1554,178,280,95,6,11395,9,3438
9931,05/01/2020T23:10:00 ,141718,1322,1555,178,279,93,6,11399,10,3433
9932,05/01/2020T23:20:00 ,141718,1320,1553,177,281,93,6,11402,10,3430
9933,05/01/2020T23:30:00 ,141717,1321,1550,177,281,93,6,11405,10,3428
9934,05/01/2020T23:40:00 ,141717,1319,1550,176,282,93,6,11407,10,3426
9935,05/01/2020T23:50:00 ,141717,1317,1548,174,284,93,6,11411,10,3422
9936,05/02/2020T00:00:00 ,141717,1308,1551,174,285,93,6,11416,10,3417
9937,05/02/2020T00:10:00 ,141716,1305,1552,174,284,93,6,11420,10,3414
9938,05/02/2020T00:20:00 ,141714,1306,1548,175,284,93,6,11424,10,3412
9939,05/02/2020T00:30:00 ,141713,1303,1550,176,284,93,6,11425,10,3412
9940,05/02/2020T00:40:00 ,141712,1303,1548,176,285,93,6,11427,10,3411
9941,05/02/2020T00:50:00 ,141711,1302,1546,176,284,93,6,11432,10,3407
9942,05/02/2020T01:00:00 ,141711,1301,1543,176,282,92,6,11439,10,3400
9943,05/02/2020T01:10:00 ,141710,1301,1541,176,280,93,5,11444,10,3396
9944,05/02/2020T01:20:00 ,141708,1302,1541,176,279,93,5,11446,10,3396
9945,05/02/2020T01:30:00 ,141708,1302,1540,176,279,93,5,11447,10,3395
9946,05/02/2020T01:40:00 ,141705,1301,1543,176,278,93,5,11449,10,3396
9947,05/02/2020T01:50:00 ,141705,1299,1541,176,277,93,5,11454,10,3391
9948,05/02/2020T02:00:00 ,141704,1298,1537,178,277,93,5,11458,10,3388
9949,05/02/2020T02:10:00 ,141704,1295,1537,179,277,93,5,11460,10,3386
9950,05/02/2020T02:20:00 ,141704,1290,1539,181,277,93,5,11461,10,3385
9951,05/02/2020T02:30:00 ,141702,1288,1541,182,277,93,5,11462,10,3386
9952,05/02/2020T02:40:00 ,141700,1283,1546,181,278,93,5,11464,10,3386
9953,05/02/2020T02:50:00 ,141699,1282,1547,180,278,93,5,11466,10,3385
9954,05/02/2020T03:00:00 ,141699,1281,1546,180,276,94,5,11469,10,3382
9955,05/02/2020T03:10:00 ,141698,1279,1547,181,275,94,5,11471,10,3381
9956,05/02/2020T03:20:00 ,141698,1278,1547,180,276,94,5,11472,10,3380
9957,05/02/2020T03:30:00 ,141698,1276,1547,180,276,94,5,11474,10,3378
9958,05/02/2020T03:40:00 ,141698,1272,1546,181,277,94,5,11477,10,3375
9959,05/02/2020T03:50:00 ,141697,1272,1545,182,276,94,5,11479,10,3374
9960,05/02/2020T04:00:00 ,141697,1271,1544,181,277,94,5,11481,10,3372
9961,05/02/2020T04:10:00 ,141697,1268,1545,181,277,94,5,11483,10,3370
9962,05/02/2020T04:20:00 ,141695,1268,1545,181,276,94,5,11486,10,3369
9963,05/02/2020T04:30:00 ,141695,1267,1542,182,275,94,5,11490,10,3365
9964,05/02/2020T04:40:00 ,141695,1264,1543,183,275,94,5,11491,10,3364
9965,05/02/2020T04:50:00 ,141694,1264,1542,181,277,94,5,11493,10,3363
9966,05/02/2020T05:00:00 ,141694,1262,1543,180,275,94,5,11497,10,3359
9967,05/02/2020T05:10:00 ,141693,1256,1546,182,275,94,5,11499,10,3358
9968,05/02/2020T05:20:00 ,141693,1252,1550,181,276,94,5,11499,10,3358
9969,05/02/2020T05:30:00 ,141693,1249,1551,181,277,94,5,11500,10,3357
9970,05/02/2020T05:40:00 ,141693,1247,1549,181,277,94,5,11504,10,3353
9971,05/02/2020T05:50:00 ,141693,1241,1551,179,280,94,5,11507,10,3350
9972,05/02/2020T06:00:00 ,141692,1240,1550,179,281,94,5,11509,10,3349
9973,05/02/2020T06:10:00 ,141692,1237,1552,180,277,95,5,11512,10,3346
9974,05/02/2020T06:20:00 ,141690,1234,1554,182,276,95,5,11514,10,3346
9975,05/02/2020T06:30:00 ,141690,1231,1554,183,274,95,5,11518,10,3342
9976,05/02/2020T06:40:00 ,141689,1228,1555,185,274,95,5,11519,10,3342
9977,05/02/2020T06:50:00 ,141687,1226,1556,186,273,95,5,11522,10,3341
9978,05/02/2020T07:00:00 ,141686,1225,1558,184,274,95,5,11523,10,3341
9979,05/02/2020T07:10:00 ,141685,1222,1559,185,272,96,5,11526,10,3339
9980,05/02/2020T07:20:00 ,141685,1221,1558,184,271,97,5,11529,10,3336
9981,05/02/2020T07:30:00 ,141684,1221,1557,184,268,97,5,11534,10,3332
9982,05/02/2020T07:40:00 ,141681,1219,1561,183,268,97,5,11536,10,3333
9983,05/02/2020T07:50:00 ,141677,1221,1558,184,268,97,5,11540,10,3333
9984,05/02/2020T08:00:00 ,141671,1225,1555,182,270,97,5,11545,10,3334
9985,05/02/2020T08:10:00 ,141668,1223,1559,182,271,97,5,11545,10,3337
9986,05/02/2020T08:20:00 ,141667,1223,1557,180,272,97,5,11549,10,3334
9987,05/02/2020T08:30:00 ,141663,1220,1561,181,272,96,5,11552,10,3335
9988,05/02/2020T08:40:00 ,141657,1220,1566,181,270,96,5,11555,10,3338
9989,05/02/2020T08:50:00 ,141653,1222,1564,181,269,96,5,11560,10,3337
9990,05/02/2020T09:00:00 ,141643,1229,1567,180,269,96,5,11561,10,3346
9991,05/02/2020T09:10:00 ,141640,1224,1571,182,269,96,5,11563,10,3347
9992,05/02/2020T09:20:00 ,141631,1233,1570,181,270,96,5,11564,10,3355
9993,05/02/2020T09:30:00 ,141626,1235,1570,182,269,96,5,11567,10,3357
9994,05/02/2020T09:40:00 ,141623,1235,1571,184,268,96,5,11568,10,3359
9995,05/02/2020T09:50:00 ,141614,1243,1568,184,267,96,5,11573,10,3363
9996,05/02/2020T10:00:00 ,141604,1250,1569,184,267,96,5,11575,10,3371
9997,05/02/2020T10:10:00 ,141597,1257,1568,184,267,96,5,11576,10,3377
9998,05/02/2020T10:20:00 ,141595,1256,1568,183,268,96,5,11579,10,3376
9999,05/02/2020T10:30:00 ,141589,1260,1570,183,268,96,5,11579,10,3382
10000,05/02/2020T10:40:00 ,141579,1269,1570,182,269,96,5,11580,10,3391
10001,05/02/2020T10:50:00 ,141571,1274,1566,182,270,96,5,11586,10,3393
10002,05/02/2020T11:00:00 ,141564,1279,1564,181,271,96,5,11590,10,3396
10003,05/02/2020T11:10:00 ,141555,1283,1567,182,271,96,5,11591,10,3404
10004,05/02/2020T11:20:00 ,141547,1290,1566,182,271,96,5,11593,10,3410
10005,05/02/2020T11:30:00 ,141538,1297,1564,182,271,96,5,11597,10,3415
10006,05/02/2020T11:40:00 ,141529,1302,1565,182,270,95,5,11602,10,3419
10007,05/02/2020T11:50:00 ,141520,1307,1564,180,272,95,5,11607,10,3423
10008,05/02/2020T12:00:00 ,141514,1309,1562,181,271,95,5,11613,10,3423
10009,05/02/2020T12:10:00 ,141510,1309,1564,181,271,95,5,11615,10,3425
10010,05/02/2020T12:20:00 ,141509,1309,1564,180,272,95,5,11616,10,3425
10011,05/02/2020T12:30:00 ,141506,1312,1563,179,273,95,5,11617,10,3427
10012,05/02/2020T12:40:00 ,141500,1317,1563,178,272,96,5,11619,10,3431
10013,05/02/2020T12:50:00 ,141493,1322,1563,177,273,96,5,11621,10,3436
10014,05/02/2020T13:00:00 ,141489,1322,1562,177,274,96,5,11625,10,3436
10015,05/02/2020T13:10:00 ,141485,1324,1558,177,275,96,5,11630,10,3435
10016,05/02/2020T13:20:00 ,141477,1326,1560,178,275,96,5,11633,10,3440
10017,05/02/2020T13:30:00 ,141476,1325,1561,177,276,96,5,11634,10,3440
10018,05/02/2020T13:40:00 ,141468,1327,1565,178,276,96,5,11635,10,3447
10019,05/02/2020T13:50:00 ,141461,1328,1569,178,276,96,5,11637,10,3452
10020,05/02/2020T14:00:00 ,141457,1330,1568,180,275,96,5,11639,10,3454
10021,05/02/2020T14:10:00 ,141449,1335,1569,179,277,96,5,11640,10,3461
10022,05/02/2020T14:20:00 ,141442,1341,1570,179,277,96,5,11640,10,3468
10023,05/02/2020T14:30:00 ,141434,1346,1573,179,275,97,5,11641,10,3475
10024,05/02/2020T14:40:00 ,141426,1350,1572,178,276,97,5,11646,10,3478
10025,05/02/2020T14:50:00 ,141417,1356,1574,178,275,97,5,11648,10,3485
10026,05/02/2020T15:00:00 ,141408,1362,1575,177,276,97,5,11650,10,3492
10027,05/02/2020T15:10:00 ,141402,1367,1572,178,275,97,5,11654,10,3494
10028,05/02/2020T15:20:00 ,141398,1369,1572,178,274,97,5,11657,10,3495
10029,05/02/2020T15:30:00 ,141392,1375,1571,177,274,97,5,11659,10,3499
10030,05/02/2020T15:40:00 ,141387,1374,1574,179,273,96,6,11661,10,3502
10031,05/02/2020T15:50:00 ,141381,1375,1575,180,274,96,6,11663,10,3506
10032,05/02/2020T16:00:00 ,141370,1377,1579,180,275,96,6,11667,10,3513
10033,05/02/2020T16:10:00 ,141368,1376,1579,180,275,96,6,11670,10,3512
10034,05/02/2020T16:20:00 ,141364,1377,1581,179,276,96,6,11671,10,3515
10035,05/02/2020T16:30:00 ,141358,1378,1582,180,276,96,6,11674,10,3518
10036,05/02/2020T16:40:00 ,141354,1377,1585,180,276,96,6,11676,10,3520
10037,05/02/2020T16:50:00 ,141351,1379,1586,178,278,96,6,11676,10,3523
10038,05/02/2020T17:00:00 ,141347,1379,1587,179,278,96,6,11678,10,3525
10039,05/02/2020T17:10:00 ,141343,1380,1587,176,281,96,6,11681,10,3526
10040,05/02/2020T17:20:00 ,141340,1383,1585,175,281,96,6,11684,10,3526
10041,05/02/2020T17:30:00 ,141340,1381,1587,175,281,96,6,11684,10,3526
10042,05/02/2020T17:40:00 ,141340,1380,1588,175,281,96,6,11684,10,3526
10043,05/02/2020T17:50:00 ,141339,1380,1584,176,280,96,6,11689,10,3522
10044,05/02/2020T18:00:00 ,141338,1375,1587,176,279,97,6,11692,10,3520
10045,05/02/2020T18:10:00 ,141337,1374,1586,176,278,98,6,11695,10,3518
10046,05/02/2020T18:20:00 ,141336,1372,1583,176,278,98,6,11701,10,3513
10047,05/02/2020T18:30:00 ,141335,1370,1582,175,279,98,6,11705,10,3510
10048,05/02/2020T18:40:00 ,141334,1367,1581,177,279,98,6,11708,10,3508
10049,05/02/2020T18:50:00 ,141333,1366,1582,178,278,98,6,11709,10,3508
10050,05/02/2020T19:00:00 ,141332,1366,1579,179,277,99,5,11713,10,3505
10051,05/02/2020T19:10:00 ,141330,1366,1578,180,277,99,5,11715,10,3505
10052,05/02/2020T19:20:00 ,141330,1361,1579,181,277,99,5,11718,10,3502
10053,05/02/2020T19:30:00 ,141329,1361,1578,180,278,99,5,11720,10,3501
10054,05/02/2020T19:40:00 ,141327,1360,1575,181,276,99,5,11727,10,3496
10055,05/02/2020T19:50:00 ,141325,1360,1576,177,281,99,5,11727,10,3498
10056,05/02/2020T20:00:00 ,141323,1359,1573,178,281,99,5,11732,10,3495
10057,05/02/2020T20:10:00 ,141323,1356,1574,179,281,99,5,11733,10,3494
10058,05/02/2020T20:20:00 ,141322,1355,1573,179,280,99,5,11737,10,3491
10059,05/02/2020T20:30:00 ,141321,1354,1571,180,280,99,5,11740,10,3489
10060,05/02/2020T20:40:00 ,141320,1350,1570,182,279,99,5,11745,10,3485
10061,05/02/2020T20:50:00 ,141318,1345,1573,184,277,99,5,11749,10,3483
10062,05/02/2020T21:00:00 ,141317,1343,1572,184,276,99,5,11754,10,3479
10063,05/02/2020T21:10:00 ,141317,1339,1576,184,275,99,5,11755,10,3478
10064,05/02/2020T21:20:00 ,141317,1335,1578,183,277,99,5,11756,10,3477
10065,05/02/2020T21:30:00 ,141315,1336,1577,182,278,99,5,11758,10,3477
10066,05/02/2020T21:40:00 ,141315,1335,1574,181,279,99,5,11762,10,3473
10067,05/02/2020T21:50:00 ,141315,1331,1577,181,277,99,5,11765,10,3470
10068,05/02/2020T22:00:00 ,141314,1327,1578,180,278,100,4,11769,10,3467
10069,05/02/2020T22:10:00 ,141313,1323,1577,181,277,99,4,11776,10,3461
10070,05/02/2020T22:20:00 ,141311,1318,1581,182,276,99,4,11779,10,3460
10071,05/02/2020T22:30:00 ,141311,1316,1581,183,274,100,4,11781,10,3458
10072,05/02/2020T22:40:00 ,141311,1314,1583,183,273,100,4,11782,10,3457
10073,05/02/2020T22:50:00 ,141311,1311,1585,184,273,100,4,11782,10,3457
10074,05/02/2020T23:00:00 ,141311,1309,1585,184,272,100,4,11785,10,3454
10075,05/02/2020T23:10:00 ,141308,1310,1581,183,271,100,4,11793,10,3449
10076,05/02/2020T23:20:00 ,141307,1308,1582,183,270,100,4,11796,10,3447
10077,05/02/2020T23:30:00 ,141304,1308,1583,184,269,101,3,11798,10,3448
10078,05/02/2020T23:40:00 ,141303,1306,1580,185,270,101,3,11802,10,3445
10079,05/02/2020T23:50:00 ,141303,1305,1578,183,271,101,3,11806,10,3441
10080,05/03/2020T00:00:00 ,141303,1303,1576,181,273,101,3,11810,10,3437
10081,05/03/2020T00:10:00 ,141303,1302,1576,180,273,101,3,11812,10,3435
10082,05/03/2020T00:20:00 ,141303,1301,1576,179,274,101,3,11813,10,3434
10083,05/03/2020T00:30:00 ,141302,1298,1577,181,274,101,3,11814,10,3434
10084,05/03/2020T00:40:00 ,141300,1297,1574,180,275,101,3,11820,10,3430
10085,05/03/2020T00:50:00 ,141300,1296,1571,181,275,101,3,11823,10,3427
10086,05/03/2020T01:00:00 ,141300,1294,1569,182,274,101,3,11827,10,3423
10087,05/03/2020T01:10:00 ,141300,1287,1570,184,275,101,3,11830,10,3420
10088,05/03/2020T01:20:00 ,141300,1283,1571,185,274,101,3,11833,10,3417
10089,05/03/2020T01:30:00 ,141297,1282,1572,181,278,101,3,11836,10,3417
10090,05/03/2020T01:40:00 ,141297,1277,1577,181,278,101,3,11836,10,3417
10091,05/03/2020T01:50:00 ,141297,1274,1577,180,280,101,3,11838,10,3415
10092,05/03/2020T02:00:00 ,141297,1272,1575,181,280,101,3,11841,10,3412
10093,05/03/2020T02:10:00 ,141297,1271,1572,180,279,101,3,11847,10,3406
10094,05/03/2020T02:20:00 ,141295,1272,1570,179,278,100,4,11852,10,3403
10095,05/03/2020T02:30:00 ,141292,1274,1567,180,278,100,4,11855,10,3403
10096,05/03/2020T02:40:00 ,141292,1271,1569,181,278,100,4,11855,10,3403
10097,05/03/2020T02:50:00 ,141292,1269,1568,181,278,100,4,11858,10,3400
10098,05/03/2020T03:00:00 ,141288,1270,1568,181,279,100,4,11860,10,3402
10099,05/03/2020T03:10:00 ,141286,1270,1566,180,279,100,4,11865,10,3399
10100,05/03/2020T03:20:00 ,141286,1270,1564,179,280,100,4,11867,10,3397
10101,05/03/2020T03:30:00 ,141286,1267,1563,179,280,100,4,11871,10,3393
10102,05/03/2020T03:40:00 ,141286,1262,1564,178,282,100,4,11874,10,3390
10103,05/03/2020T03:50:00 ,141285,1260,1566,178,282,100,4,11875,10,3390
10104,05/03/2020T04:00:00 ,141285,1256,1564,177,285,100,4,11879,10,3386
10105,05/03/2020T04:10:00 ,141285,1253,1565,176,286,100,4,11881,10,3384
10106,05/03/2020T04:20:00 ,141285,1248,1568,177,286,99,4,11883,10,3382
10107,05/03/2020T04:30:00 ,141285,1245,1569,178,286,99,4,11884,10,3381
10108,05/03/2020T04:40:00 ,141285,1245,1567,178,286,99,4,11886,10,3379
10109,05/03/2020T04:50:00 ,141285,1244,1567,177,286,99,4,11888,10,3377
10110,05/03/2020T05:00:00 ,141284,1241,1567,178,283,100,4,11893,10,3373
10111,05/03/2020T05:10:00 ,141284,1236,1572,177,284,100,4,11893,10,3373
10112,05/03/2020T05:20:00 ,141282,1236,1572,176,283,101,4,11896,10,3372
10113,05/03/2020T05:30:00 ,141281,1229,1576,176,282,101,4,11901,10,3368
10114,05/03/2020T05:40:00 ,141281,1222,1580,178,279,101,4,11905,10,3364
10115,05/03/2020T05:50:00 ,141281,1218,1579,180,278,101,4,11909,10,3360
10116,05/03/2020T06:00:00 ,141281,1217,1577,180,278,101,4,11912,10,3357
10117,05/03/2020T06:10:00 ,141280,1213,1578,180,278,101,4,11916,10,3354
10118,05/03/2020T06:20:00 ,141279,1213,1576,180,276,101,4,11921,10,3350
10119,05/03/2020T06:30:00 ,141278,1213,1576,178,278,101,4,11922,10,3350
10120,05/03/2020T06:40:00 ,141278,1211,1576,178,278,101,4,11924,10,3348
10121,05/03/2020T06:50:00 ,141278,1208,1578,179,278,101,4,11924,10,3348
10122,05/03/2020T07:00:00 ,141278,1203,1581,179,277,101,4,11927,10,3345
10123,05/03/2020T07:10:00 ,141278,1201,1581,178,278,101,4,11929,10,3343
10124,05/03/2020T07:20:00 ,141278,1196,1583,178,280,101,4,11930,10,3342
10125,05/03/2020T07:30:00 ,141277,1193,1586,177,281,101,4,11931,10,3342
10126,05/03/2020T07:40:00 ,141276,1192,1584,177,282,101,4,11934,10,3340
10127,05/03/2020T07:50:00 ,141275,1190,1586,176,282,101,4,11936,10,3339
10128,05/03/2020T08:00:00 ,141273,1188,1589,174,283,101,4,11938,10,3339
10129,05/03/2020T08:10:00 ,141273,1186,1589,174,283,101,4,11940,10,3337
10130,05/03/2020T08:20:00 ,141273,1186,1587,174,283,101,4,11942,10,3335
10131,05/03/2020T08:30:00 ,141273,1183,1586,175,283,101,4,11945,10,3332
10132,05/03/2020T08:40:00 ,141272,1182,1587,175,283,101,4,11946,10,3332
10133,05/03/2020T08:50:00 ,141272,1175,1590,177,283,101,4,11948,10,3330
10134,05/03/2020T09:00:00 ,141271,1168,1592,179,283,101,4,11952,10,3327
10135,05/03/2020T09:10:00 ,141270,1165,1594,178,284,101,4,11954,10,3326
10136,05/03/2020T09:20:00 ,141270,1165,1592,178,283,101,4,11957,10,3323
10137,05/03/2020T09:30:00 ,141270,1164,1591,178,283,101,4,11959,10,3321
10138,05/03/2020T09:40:00 ,141270,1164,1587,177,283,101,4,11964,10,3316
10139,05/03/2020T09:50:00 ,141270,1162,1587,178,282,101,4,11966,10,3314
10140,05/03/2020T10:00:00 ,141270,1161,1585,178,280,101,4,11971,10,3309
10141,05/03/2020T10:10:00 ,141269,1159,1585,179,280,101,4,11973,10,3308
10142,05/03/2020T10:20:00 ,141268,1158,1586,178,281,101,4,11974,10,3308
10143,05/03/2020T10:30:00 ,141268,1155,1585,178,282,101,4,11977,10,3305
10144,05/03/2020T10:40:00 ,141266,1153,1586,178,282,101,4,11980,10,3304
10145,05/03/2020T10:50:00 ,141266,1149,1589,177,283,101,4,11981,10,3303
10146,05/03/2020T11:00:00 ,141266,1146,1588,177,283,101,4,11985,10,3299
10147,05/03/2020T11:10:00 ,141266,1144,1587,176,284,101,4,11988,10,3296
10148,05/03/2020T11:20:00 ,141265,1142,1589,176,284,101,4,11989,10,3296
10149,05/03/2020T11:30:00 ,141265,1141,1590,175,284,101,4,11990,10,3295
10150,05/03/2020T11:40:00 ,141265,1137,1590,176,285,101,4,11992,10,3293
10151,05/03/2020T11:50:00 ,141263,1134,1592,177,285,101,4,11994,10,3293
10152,05/03/2020T12:00:00 ,141262,1133,1592,177,285,101,4,11996,10,3292
10153,05/03/2020T12:10:00 ,141262,1129,1590,176,287,101,4,12001,10,3287
10154,05/03/2020T12:20:00 ,141259,1131,1588,175,285,101,4,12007,10,3284
10155,05/03/2020T12:30:00 ,141259,1130,1585,174,284,101,4,12013,10,3278
10156,05/03/2020T12:40:00 ,141258,1127,1586,173,285,101,4,12016,10,3276
10157,05/03/2020T12:50:00 ,141257,1126,1585,173,284,101,4,12020,10,3273
10158,05/03/2020T13:00:00 ,141255,1127,1584,173,284,101,4,12022,10,3273
10159,05/03/2020T13:10:00 ,141255,1127,1581,173,284,101,4,12025,10,3270
10160,05/03/2020T13:20:00 ,141255,1119,1583,169,288,101,4,12031,10,3264
10161,05/03/2020T13:30:00 ,141255,1117,1582,168,289,102,4,12033,10,3262
10162,05/03/2020T13:40:00 ,141253,1118,1580,167,288,101,4,12039,10,3258
10163,05/03/2020T13:50:00 ,141253,1118,1579,166,289,101,4,12040,10,3257
10164,05/03/2020T14:00:00 ,141253,1116,1579,166,287,101,4,12044,10,3253
10165,05/03/2020T14:10:00 ,141253,1110,1580,167,287,101,4,12048,10,3249
10166,05/03/2020T14:20:00 ,141253,1109,1578,167,285,101,4,12053,10,3244
10167,05/03/2020T14:30:00 ,141252,1105,1578,168,286,101,4,12056,10,3242
10168,05/03/2020T14:40:00 ,141251,1105,1577,168,285,101,4,12059,10,3240
10169,05/03/2020T14:50:00 ,141250,1101,1578,167,285,102,4,12063,10,3237
10170,05/03/2020T15:00:00 ,141250,1097,1580,167,284,102,4,12066,10,3234
10171,05/03/2020T15:10:00 ,141249,1096,1581,168,281,102,4,12069,10,3232
10172,05/03/2020T15:20:00 ,141245,1098,1580,169,281,102,4,12071,10,3234
10173,05/03/2020T15:30:00 ,141244,1096,1581,170,280,102,4,12073,10,3233
10174,05/03/2020T15:40:00 ,141244,1093,1580,171,280,102,4,12076,10,3230
10175,05/03/2020T15:50:00 ,141243,1091,1576,172,280,102,4,12082,10,3225
10176,05/03/2020T16:00:00 ,141243,1084,1578,175,280,102,4,12084,10,3223
10177,05/03/2020T16:10:00 ,141243,1081,1580,174,281,102,4,12085,10,3222
10178,05/03/2020T16:20:00 ,141241,1082,1577,175,281,102,4,12088,10,3221
10179,05/03/2020T16:30:00 ,141241,1079,1579,175,281,102,4,12089,10,3220
10180,05/03/2020T16:40:00 ,141240,1076,1581,174,281,102,4,12092,10,3218
10181,05/03/2020T16:50:00 ,141240,1072,1584,174,281,102,4,12093,10,3217
10182,05/03/2020T17:00:00 ,141239,1070,1585,174,281,102,4,12095,10,3216
10183,05/03/2020T17:10:00 ,141238,1069,1582,173,282,102,4,12100,10,3212
10184,05/03/2020T17:20:00 ,141238,1066,1582,173,283,102,4,12102,10,3210
10185,05/03/2020T17:30:00 ,141238,1059,1585,170,286,102,4,12106,10,3206
10186,05/03/2020T17:40:00 ,141238,1057,1584,170,285,102,4,12110,10,3202
10187,05/03/2020T17:50:00 ,141238,1050,1586,171,286,102,4,12113,10,3199
10188,05/03/2020T18:00:00 ,141238,1047,1585,169,287,102,4,12118,10,3194
10189,05/03/2020T18:10:00 ,141237,1046,1584,169,286,101,4,12123,10,3190
10190,05/03/2020T18:20:00 ,141236,1044,1586,168,287,101,4,12124,10,3190
10191,05/03/2020T18:30:00 ,141236,1042,1586,167,287,101,4,12127,10,3187
10192,05/03/2020T18:40:00 ,141235,1040,1588,167,285,102,4,12129,10,3186
10193,05/03/2020T18:50:00 ,141235,1037,1587,167,286,102,4,12132,10,3183
10194,05/03/2020T19:00:00 ,141234,1035,1586,168,284,102,4,12137,10,3179
10195,05/03/2020T19:10:00 ,141234,1031,1590,168,283,102,4,12138,10,3178
10196,05/03/2020T19:20:00 ,141231,1031,1589,169,280,102,4,12144,10,3175
10197,05/03/2020T19:30:00 ,141227,1033,1591,168,281,102,4,12144,10,3179
10198,05/03/2020T19:40:00 ,141224,1033,1594,168,281,102,4,12144,10,3182
10199,05/03/2020T19:50:00 ,141223,1032,1596,167,281,102,4,12145,10,3182
10200,05/03/2020T20:00:00 ,141223,1025,1602,168,281,102,4,12145,10,3182
10201,05/03/2020T20:10:00 ,141220,1026,1599,168,281,102,4,12150,10,3180
10202,05/03/2020T20:20:00 ,141215,1029,1597,168,282,102,4,12153,10,3182
10203,05/03/2020T20:30:00 ,141213,1024,1599,171,282,102,4,12155,10,3182
10204,05/03/2020T20:40:00 ,141210,1022,1600,171,279,102,4,12162,10,3178
10205,05/03/2020T20:50:00 ,141206,1024,1601,171,278,102,4,12164,10,3180
10206,05/03/2020T21:00:00 ,141203,1027,1598,171,278,102,4,12167,10,3180
10207,05/03/2020T21:10:00 ,141202,1024,1601,171,279,102,4,12167,10,3181
10208,05/03/2020T21:20:00 ,141198,1025,1603,170,279,102,4,12169,10,3183
10209,05/03/2020T21:30:00 ,141195,1022,1607,169,279,102,4,12172,10,3183
10210,05/03/2020T21:40:00 ,141193,1023,1606,168,280,102,4,12174,10,3183
10211,05/03/2020T21:50:00 ,141192,1022,1608,168,280,101,4,12175,10,3183
10212,05/03/2020T22:00:00 ,141192,1020,1608,167,281,101,4,12177,10,3181
10213,05/03/2020T22:10:00 ,141191,1017,1611,167,279,101,4,12180,10,3179
10214,05/03/2020T22:20:00 ,141191,1011,1616,167,279,100,4,12182,10,3177
10215,05/03/2020T22:30:00 ,141189,1010,1618,165,281,100,4,12183,10,3178
10216,05/03/2020T22:40:00 ,141189,1009,1614,164,281,99,4,12190,10,3171
10217,05/03/2020T22:50:00 ,141189,1005,1614,165,282,99,4,12192,10,3169
10218,05/03/2020T23:00:00 ,141189,1003,1612,167,281,99,4,12195,10,3166
10219,05/03/2020T23:10:00 ,141188,1002,1612,167,281,99,4,12197,10,3165
10220,05/03/2020T23:20:00 ,141188,996,1617,167,281,99,4,12198,10,3164
10221,05/03/2020T23:30:00 ,141187,995,1614,166,282,99,4,12203,10,3160
10222,05/03/2020T23:40:00 ,141187,994,1611,165,283,99,4,12207,10,3156
10223,05/03/2020T23:50:00 ,141186,991,1614,165,282,99,4,12209,10,3155
10224,05/04/2020T00:00:00 ,141185,989,1616,165,283,99,4,12209,10,3156
10225,05/04/2020T00:10:00 ,141184,987,1616,166,283,99,4,12211,10,3155
10226,05/04/2020T00:20:00 ,141183,986,1614,165,283,99,4,12216,10,3151
10227,05/04/2020T00:30:00 ,141182,985,1612,166,282,99,4,12220,10,3148
10228,05/04/2020T00:40:00 ,141182,983,1612,166,282,99,4,12222,10,3146
10229,05/04/2020T00:50:00 ,141181,981,1614,165,282,100,4,12223,10,3146
10230,05/04/2020T01:00:00 ,141181,977,1615,167,282,100,4,12224,10,3145
10231,05/04/2020T01:10:00 ,141181,975,1616,165,282,101,4,12226,10,3143
10232,05/04/2020T01:20:00 ,141181,973,1615,165,283,101,4,12228,10,3141
10233,05/04/2020T01:30:00 ,141181,972,1615,165,281,101,4,12231,10,3138
10234,05/04/2020T01:40:00 ,141181,970,1615,165,281,101,4,12233,10,3136
10235,05/04/2020T01:50:00 ,141180,967,1616,166,279,101,4,12237,10,3133
10236,05/04/2020T02:00:00 ,141180,966,1614,165,280,101,4,12240,10,3130
10237,05/04/2020T02:10:00 ,141178,963,1617,164,280,101,4,12243,10,3129
10238,05/04/2020T02:20:00 ,141176,961,1618,165,280,101,4,12245,10,3129
10239,05/04/2020T02:30:00 ,141176,958,1616,164,282,101,4,12249,10,3125
10240,05/04/2020T02:40:00 ,141174,958,1614,165,281,101,4,12253,10,3123
10241,05/04/2020T02:50:00 ,141171,960,1615,164,281,101,4,12254,10,3125
10242,05/04/2020T03:00:00 ,141170,960,1615,162,282,101,4,12256,10,3124
10243,05/04/2020T03:10:00 ,141170,959,1613,161,283,101,4,12259,10,3121
10244,05/04/2020T03:20:00 ,141170,954,1611,164,283,101,4,12263,10,3117
10245,05/04/2020T03:30:00 ,141168,953,1613,164,283,101,4,12264,10,3118
10246,05/04/2020T03:40:00 ,141168,951,1614,164,283,101,4,12265,10,3117
10247,05/04/2020T03:50:00 ,141166,950,1611,166,283,101,4,12269,10,3115
10248,05/04/2020T04:00:00 ,141165,946,1614,165,283,102,4,12271,10,3114
10249,05/04/2020T04:10:00 ,141165,943,1613,164,285,102,4,12274,10,3111
10250,05/04/2020T04:20:00 ,141165,941,1610,166,283,102,4,12279,10,3106
10251,05/04/2020T04:30:00 ,141165,938,1611,166,283,102,4,12281,10,3104
10252,05/04/2020T04:40:00 ,141165,934,1615,166,282,101,4,12283,10,3102
10253,05/04/2020T04:50:00 ,141163,933,1616,167,281,101,4,12285,10,3102
10254,05/04/2020T05:00:00 ,141163,931,1616,167,279,101,4,12289,10,3098
10255,05/04/2020T05:10:00 ,141163,931,1613,166,280,101,4,12292,10,3095
10256,05/04/2020T05:20:00 ,141162,928,1615,168,279,101,4,12293,10,3095
10257,05/04/2020T05:30:00 ,141162,926,1611,170,278,101,4,12298,10,3090
10258,05/04/2020T05:40:00 ,141162,925,1610,170,278,102,4,12299,10,3089
10259,05/04/2020T05:50:00 ,141162,923,1610,170,277,102,4,12302,10,3086
10260,05/04/2020T06:00:00 ,141162,921,1611,169,276,102,4,12305,10,3083
10261,05/04/2020T06:10:00 ,141160,920,1614,169,275,102,4,12306,10,3084
10262,05/04/2020T06:20:00 ,141160,917,1613,170,275,102,4,12309,10,3081
10263,05/04/2020T06:30:00 ,141160,911,1610,170,276,102,4,12317,10,3073
10264,05/04/2020T06:40:00 ,141160,910,1610,170,276,102,4,12318,10,3072
10265,05/04/2020T06:50:00 ,141158,908,1609,171,275,102,4,12323,10,3069
10266,05/04/2020T07:00:00 ,141158,906,1607,172,275,102,4,12326,10,3066
10267,05/04/2020T07:10:00 ,141158,903,1605,173,275,102,4,12330,10,3062
10268,05/04/2020T07:20:00 ,141155,901,1604,174,275,102,4,12335,10,3060
10269,05/04/2020T07:30:00 ,141153,900,1606,172,276,102,4,12337,10,3060
10270,05/04/2020T07:40:00 ,141152,898,1606,172,277,102,4,12339,10,3059
10271,05/04/2020T07:50:00 ,141152,897,1602,171,277,103,4,12344,10,3054
10272,05/04/2020T08:00:00 ,141150,899,1602,170,277,103,4,12345,10,3055
10273,05/04/2020T08:10:00 ,141150,897,1601,169,279,103,4,12347,10,3053
10274,05/04/2020T08:20:00 ,141150,894,1600,168,280,103,4,12351,10,3049
10275,05/04/2020T08:30:00 ,141149,891,1603,168,278,103,4,12354,10,3047
10276,05/04/2020T08:40:00 ,141148,890,1603,168,278,103,4,12356,10,3046
10277,05/04/2020T08:50:00 ,141148,886,1605,170,277,103,4,12357,10,3045
10278,05/04/2020T09:00:00 ,141148,881,1609,168,278,103,4,12359,10,3043
10279,05/04/2020T09:10:00 ,141147,879,1606,166,278,103,4,12367,10,3036
10280,05/04/2020T09:20:00 ,141146,874,1610,165,279,102,4,12370,10,3034
10281,05/04/2020T09:30:00 ,141144,872,1614,165,278,103,4,12370,10,3036
10282,05/04/2020T09:40:00 ,141142,872,1611,165,276,104,4,12376,10,3032
10283,05/04/2020T09:50:00 ,141142,869,1611,165,277,104,4,12378,10,3030
10284,05/04/2020T10:00:00 ,141141,863,1613,166,277,104,4,12382,10,3027
10285,05/04/2020T10:10:00 ,141141,854,1618,168,276,104,4,12385,10,3024
10286,05/04/2020T10:20:00 ,141139,855,1618,168,276,104,4,12386,10,3025
10287,05/04/2020T10:30:00 ,141139,852,1620,168,276,104,4,12387,10,3024
10288,05/04/2020T10:40:00 ,141139,851,1621,168,275,104,4,12388,10,3023
10289,05/04/2020T10:50:00 ,141139,846,1622,168,274,104,4,12393,10,3018
10290,05/04/2020T11:00:00 ,141139,846,1619,167,275,104,4,12396,10,3015
10291,05/04/2020T11:10:00 ,141137,844,1619,168,275,104,4,12399,10,3014
10292,05/04/2020T11:20:00 ,141136,844,1614,168,274,104,4,12406,10,3008
10293,05/04/2020T11:30:00 ,141134,842,1615,169,273,104,4,12409,10,3007
10294,05/04/2020T11:40:00 ,141132,840,1615,169,274,104,4,12412,10,3006
10295,05/04/2020T11:50:00 ,141130,840,1613,170,273,104,4,12416,10,3004
10296,05/04/2020T12:00:00 ,141129,840,1611,170,273,104,4,12419,10,3002
10297,05/04/2020T12:10:00 ,141128,839,1611,169,274,104,4,12421,10,3001
10298,05/04/2020T12:20:00 ,141128,837,1612,168,273,104,4,12424,10,2998
10299,05/04/2020T12:30:00 ,141125,838,1609,168,273,104,4,12429,10,2996
10300,05/04/2020T12:40:00 ,141124,838,1608,168,273,104,4,12431,10,2995
10301,05/04/2020T12:50:00 ,141124,837,1607,167,274,104,4,12433,10,2993
10302,05/04/2020T13:00:00 ,141123,833,1608,169,273,104,4,12436,10,2991
10303,05/04/2020T13:10:00 ,141123,832,1605,166,274,105,4,12441,10,2986
10304,05/04/2020T13:20:00 ,141123,831,1601,165,275,105,4,12446,10,2981
10305,05/04/2020T13:30:00 ,141122,831,1601,164,275,105,4,12448,10,2980
10306,05/04/2020T13:40:00 ,141121,831,1600,164,274,105,4,12451,10,2978
10307,05/04/2020T13:50:00 ,141121,828,1602,163,275,105,4,12452,10,2977
10308,05/04/2020T14:00:00 ,141121,825,1603,161,277,105,4,12454,10,2975
10309,05/04/2020T14:10:00 ,141121,823,1603,161,276,105,4,12457,10,2972
10310,05/04/2020T14:20:00 ,141121,822,1601,162,274,105,4,12461,10,2968
10311,05/04/2020T14:30:00 ,141121,821,1601,162,274,105,4,12462,10,2967
10312,05/04/2020T14:40:00 ,141121,820,1599,162,275,105,4,12464,10,2965
10313,05/04/2020T14:50:00 ,141121,817,1596,164,275,105,4,12468,10,2961
10314,05/04/2020T15:00:00 ,141120,814,1598,163,276,105,4,12470,10,2960
10315,05/04/2020T15:10:00 ,141120,814,1597,162,277,105,4,12471,10,2959
10316,05/04/2020T15:20:00 ,141119,813,1595,163,278,105,4,12473,10,2958
10317,05/04/2020T15:30:00 ,141118,810,1594,163,278,105,4,12478,10,2954
10318,05/04/2020T15:40:00 ,141116,808,1596,164,276,105,4,12481,10,2953
10319,05/04/2020T15:50:00 ,141116,805,1596,165,276,105,4,12483,10,2951
10320,05/04/2020T16:00:00 ,141115,804,1597,164,277,105,4,12484,10,2951
10321,05/04/2020T16:10:00 ,141115,801,1596,164,276,105,4,12489,10,2946
10322,05/04/2020T16:20:00 ,141115,798,1597,163,277,105,4,12491,10,2944
10323,05/04/2020T16:30:00 ,141114,798,1596,162,278,105,4,12493,10,2943
10324,05/04/2020T16:40:00 ,141113,798,1595,162,279,105,4,12494,10,2943
10325,05/04/2020T16:50:00 ,141111,796,1597,162,278,105,4,12497,10,2942
10326,05/04/2020T17:00:00 ,141111,793,1597,164,278,105,4,12498,10,2941
10327,05/04/2020T17:10:00 ,141110,790,1596,166,278,105,4,12501,10,2939
10328,05/04/2020T17:20:00 ,141109,789,1597,165,279,105,4,12502,10,2939
10329,05/04/2020T17:30:00 ,141108,789,1595,165,277,105,4,12507,10,2935
10330,05/04/2020T17:40:00 ,141108,788,1594,166,277,105,4,12508,10,2934
10331,05/04/2020T17:50:00 ,141107,786,1592,167,277,105,4,12512,10,2931
10332,05/04/2020T18:00:00 ,141106,785,1591,166,278,105,4,12515,10,2929
10333,05/04/2020T18:10:00 ,141106,779,1596,166,278,106,4,12515,10,2929
10334,05/04/2020T18:20:00 ,141105,778,1594,165,279,106,4,12519,10,2926
10335,05/04/2020T18:30:00 ,141105,775,1595,163,281,106,4,12521,10,2924
10336,05/04/2020T18:40:00 ,141105,772,1596,162,280,106,4,12525,10,2920
10337,05/04/2020T18:50:00 ,141104,770,1597,162,279,106,4,12528,10,2918
10338,05/04/2020T19:00:00 ,141104,766,1598,162,280,106,4,12530,10,2916
10339,05/04/2020T19:10:00 ,141100,768,1600,161,281,105,4,12531,10,2919
10340,05/04/2020T19:20:00 ,141099,766,1602,162,278,105,4,12534,10,2917
10341,05/04/2020T19:30:00 ,141099,766,1601,161,279,105,4,12535,10,2916
10342,05/04/2020T19:40:00 ,141098,767,1599,161,279,105,4,12537,10,2915
10343,05/04/2020T19:50:00 ,141098,766,1597,160,280,105,4,12540,10,2912
10344,05/04/2020T20:00:00 ,141098,766,1595,159,281,105,4,12542,10,2910
10345,05/04/2020T20:10:00 ,141098,761,1597,159,281,105,4,12545,10,2907
10346,05/04/2020T20:20:00 ,141094,760,1596,162,280,107,3,12548,10,2908
10347,05/04/2020T20:30:00 ,141092,757,1598,163,281,107,3,12549,10,2909
10348,05/04/2020T20:40:00 ,141088,755,1599,165,281,107,3,12552,10,2910
10349,05/04/2020T20:50:00 ,141087,754,1600,165,280,107,3,12554,10,2909
10350,05/04/2020T21:00:00 ,141087,751,1601,164,280,108,3,12556,10,2907
10351,05/04/2020T21:10:00 ,141087,749,1600,165,280,108,3,12558,10,2905
10352,05/04/2020T21:20:00 ,141087,744,1601,165,281,108,3,12561,10,2902
10353,05/04/2020T21:30:00 ,141084,741,1603,166,282,108,3,12563,10,2903
10354,05/04/2020T21:40:00 ,141083,741,1599,166,283,108,3,12567,10,2900
10355,05/04/2020T21:50:00 ,141083,739,1599,166,283,108,3,12569,10,2898
10356,05/04/2020T22:00:00 ,141083,735,1597,168,283,108,3,12573,10,2894
10357,05/04/2020T22:10:00 ,141082,733,1598,169,283,108,3,12574,10,2894
10358,05/04/2020T22:20:00 ,141082,732,1597,169,283,107,3,12577,10,2891
10359,05/04/2020T22:30:00 ,141081,729,1597,170,282,107,3,12581,10,2888
10360,05/04/2020T22:40:00 ,141081,727,1596,170,282,107,3,12584,10,2885
10361,05/04/2020T22:50:00 ,141081,724,1599,168,284,107,3,12584,10,2885
10362,05/04/2020T23:00:00 ,141081,721,1595,168,285,107,3,12590,10,2879
10363,05/04/2020T23:10:00 ,141080,718,1596,168,286,106,3,12593,10,2877
10364,05/04/2020T23:20:00 ,141080,718,1594,167,287,106,3,12595,10,2875
10365,05/04/2020T23:30:00 ,141080,717,1594,167,286,106,3,12597,10,2873
10366,05/04/2020T23:40:00 ,141078,715,1595,166,285,106,3,12602,10,2870
10367,05/04/2020T23:50:00 ,141077,714,1592,166,285,105,3,12608,10,2865
10368,05/05/2020T00:00:00 ,141076,712,1595,165,286,105,3,12608,10,2866
10369,05/05/2020T00:10:00 ,141076,710,1595,166,286,105,3,12609,10,2865
10370,05/05/2020T00:20:00 ,141076,708,1595,166,286,105,3,12611,10,2863
10371,05/05/2020T00:30:00 ,141075,706,1597,164,288,105,3,12612,10,2863
10372,05/05/2020T00:40:00 ,141073,707,1596,164,288,105,3,12614,10,2863
10373,05/05/2020T00:50:00 ,141073,705,1597,163,289,105,3,12615,10,2862
10374,05/05/2020T01:00:00 ,141073,705,1590,163,288,105,3,12623,10,2854
10375,05/05/2020T01:10:00 ,141073,703,1591,163,285,105,3,12627,10,2850
10376,05/05/2020T01:20:00 ,141073,700,1593,162,286,105,3,12628,10,2849
10377,05/05/2020T01:30:00 ,141073,695,1595,163,285,104,3,12632,10,2845
10378,05/05/2020T01:40:00 ,141073,693,1596,163,284,104,3,12634,10,2843
10379,05/05/2020T01:50:00 ,141072,692,1593,162,285,104,3,12639,10,2839
10380,05/05/2020T02:00:00 ,141071,691,1593,162,285,104,3,12641,10,2838
10381,05/05/2020T02:10:00 ,141070,691,1591,162,286,104,3,12643,10,2837
10382,05/05/2020T02:20:00 ,141070,687,1592,163,286,104,3,12645,10,2835
10383,05/05/2020T02:30:00 ,141070,682,1594,164,285,105,3,12647,10,2833
10384,05/05/2020T02:40:00 ,141070,680,1594,164,284,105,3,12650,10,2830
10385,05/05/2020T02:50:00 ,141069,676,1595,162,285,104,3,12656,10,2825
10386,05/05/2020T03:00:00 ,141069,676,1593,162,284,103,3,12660,10,2821
10387,05/05/2020T03:10:00 ,141068,669,1597,163,283,103,3,12664,10,2818
10388,05/05/2020T03:20:00 ,141068,662,1602,163,283,103,3,12666,10,2816
10389,05/05/2020T03:30:00 ,141067,660,1602,163,283,103,3,12669,10,2814
10390,05/05/2020T03:40:00 ,141067,659,1599,163,284,103,3,12672,10,2811
10391,05/05/2020T03:50:00 ,141067,658,1596,163,284,103,3,12676,10,2807
10392,05/05/2020T04:00:00 ,141067,655,1595,162,285,103,3,12680,10,2803
10393,05/05/2020T04:10:00 ,141063,659,1594,161,286,103,3,12681,10,2806
10394,05/05/2020T04:20:00 ,141063,656,1596,160,287,103,3,12682,10,2805
10395,05/05/2020T04:30:00 ,141063,655,1596,160,287,103,3,12683,10,2804
10396,05/05/2020T04:40:00 ,141063,651,1596,160,287,103,3,12687,10,2800
10397,05/05/2020T04:50:00 ,141063,649,1593,159,288,103,3,12692,10,2795
10398,05/05/2020T05:00:00 ,141062,648,1591,159,287,103,3,12697,10,2791
10399,05/05/2020T05:10:00 ,141062,646,1592,159,286,103,3,12699,10,2789
10400,05/05/2020T05:20:00 ,141061,644,1592,159,285,103,3,12703,10,2786
10401,05/05/2020T05:30:00 ,141061,644,1585,159,285,103,3,12710,10,2779
10402,05/05/2020T05:40:00 ,141060,643,1583,160,286,103,3,12712,10,2778
10403,05/05/2020T05:50:00 ,141060,640,1582,159,287,103,3,12716,10,2774
10404,05/05/2020T06:00:00 ,141060,640,1581,159,286,104,3,12717,10,2773
10405,05/05/2020T06:10:00 ,141060,638,1579,158,287,104,3,12721,10,2769
10406,05/05/2020T06:20:00 ,141059,635,1581,159,286,105,3,12722,10,2769
10407,05/05/2020T06:30:00 ,141059,634,1581,159,284,105,3,12725,10,2766
10408,05/05/2020T06:40:00 ,141059,633,1579,159,283,105,3,12729,10,2762
10409,05/05/2020T06:50:00 ,141058,632,1577,160,281,106,3,12733,10,2759
10410,05/05/2020T07:00:00 ,141058,630,1577,160,281,106,3,12735,10,2757
10411,05/05/2020T07:10:00 ,141057,629,1577,160,281,106,3,12737,10,2756
10412,05/05/2020T07:20:00 ,141056,627,1576,162,281,106,3,12739,10,2755
10413,05/05/2020T07:30:00 ,141054,628,1576,161,280,107,3,12741,10,2755
10414,05/05/2020T07:40:00 ,141053,626,1578,161,279,108,3,12742,10,2755
10415,05/05/2020T07:50:00 ,141049,628,1578,163,279,108,3,12742,10,2759
10416,05/05/2020T08:00:00 ,141046,628,1576,164,275,108,3,12750,10,2754
10417,05/05/2020T08:10:00 ,141043,628,1575,165,274,109,3,12753,10,2754
10418,05/05/2020T08:20:00 ,141041,627,1577,165,273,109,3,12755,10,2754
10419,05/05/2020T08:30:00 ,141037,628,1577,166,271,109,3,12759,10,2754
10420,05/05/2020T08:40:00 ,141025,637,1579,165,272,109,3,12760,10,2765
10421,05/05/2020T08:50:00 ,141019,641,1577,165,271,109,3,12765,10,2766
10422,05/05/2020T09:00:00 ,141013,646,1577,163,273,109,3,12766,10,2771
10423,05/05/2020T09:10:00 ,141002,654,1577,164,273,109,3,12768,10,2780
10424,05/05/2020T09:20:00 ,140998,655,1577,162,274,109,3,12772,10,2780
10425,05/05/2020T09:30:00 ,140989,662,1575,163,274,109,3,12775,10,2786
10426,05/05/2020T09:40:00 ,140981,668,1573,164,273,109,3,12779,10,2790
10427,05/05/2020T09:50:00 ,140971,676,1575,164,272,109,3,12780,10,2799
10428,05/05/2020T10:00:00 ,140968,677,1572,162,273,110,3,12785,10,2797
10429,05/05/2020T10:10:00 ,140960,680,1573,164,274,110,3,12786,10,2804
10430,05/05/2020T10:20:00 ,140953,684,1575,164,273,110,3,12788,10,2809
10431,05/05/2020T10:30:00 ,140945,691,1575,164,273,110,3,12789,10,2816
10432,05/05/2020T10:40:00 ,140939,695,1577,164,272,110,3,12790,10,2821
10433,05/05/2020T10:50:00 ,140931,702,1578,163,273,110,3,12790,10,2829
10434,05/05/2020T11:00:00 ,140921,710,1578,163,273,110,3,12792,10,2837
10435,05/05/2020T11:10:00 ,140915,713,1579,163,272,110,3,12795,10,2840
10436,05/05/2020T11:20:00 ,140910,716,1581,163,272,110,3,12795,10,2845
10437,05/05/2020T11:30:00 ,140903,722,1581,163,271,110,3,12797,10,2850
10438,05/05/2020T11:40:00 ,140897,726,1582,162,272,110,3,12798,10,2855
10439,05/05/2020T11:50:00 ,140888,734,1579,162,271,110,3,12803,10,2859
10440,05/05/2020T12:00:00 ,140883,737,1578,162,271,110,3,12806,10,2861
10441,05/05/2020T12:10:00 ,140879,740,1578,162,270,110,3,12808,10,2863
10442,05/05/2020T12:20:00 ,140875,744,1573,161,271,110,3,12813,10,2862
10443,05/05/2020T12:30:00 ,140872,746,1571,161,269,110,3,12818,10,2860
10444,05/05/2020T12:40:00 ,140865,751,1572,160,270,110,3,12819,10,2866
10445,05/05/2020T12:50:00 ,140861,752,1574,158,272,110,3,12820,10,2869
10446,05/05/2020T13:00:00 ,140856,755,1574,158,272,110,3,12822,10,2872
10447,05/05/2020T13:10:00 ,140844,765,1572,157,272,110,3,12827,10,2879
10448,05/05/2020T13:20:00 ,140840,766,1571,158,269,110,3,12833,10,2877
10449,05/05/2020T13:30:00 ,140833,770,1569,158,269,110,3,12838,10,2879
10450,05/05/2020T13:40:00 ,140828,774,1567,158,269,110,3,12841,10,2881
10451,05/05/2020T13:50:00 ,140816,781,1571,158,270,110,3,12841,10,2893
10452,05/05/2020T14:00:00 ,140811,785,1569,158,270,110,3,12844,10,2895
10453,05/05/2020T14:10:00 ,140805,787,1571,158,269,110,3,12847,10,2898
10454,05/05/2020T14:20:00 ,140799,788,1570,161,269,110,3,12850,10,2901
10455,05/05/2020T14:30:00 ,140787,796,1573,160,270,110,3,12851,10,2912
10456,05/05/2020T14:40:00 ,140779,801,1571,162,270,110,3,12854,10,2917
10457,05/05/2020T14:50:00 ,140771,807,1573,161,271,110,3,12854,10,2925
10458,05/05/2020T15:00:00 ,140765,810,1573,161,272,110,3,12856,10,2929
10459,05/05/2020T15:10:00 ,140762,810,1575,161,272,110,3,12857,10,2931
10460,05/05/2020T15:20:00 ,140757,815,1572,161,272,110,3,12860,10,2933
10461,05/05/2020T15:30:00 ,140750,822,1569,160,273,110,3,12863,10,2937
10462,05/05/2020T15:40:00 ,140747,821,1570,160,274,110,3,12865,10,2938
10463,05/05/2020T15:50:00 ,140738,830,1568,159,274,110,3,12868,10,2944
10464,05/05/2020T16:00:00 ,140733,835,1566,159,273,111,2,12871,10,2946
10465,05/05/2020T16:10:00 ,140730,837,1565,158,272,110,2,12876,10,2944
10466,05/05/2020T16:20:00 ,140724,842,1563,159,272,109,2,12879,10,2947
10467,05/05/2020T16:30:00 ,140721,843,1563,157,273,109,2,12882,10,2947
10468,05/05/2020T16:40:00 ,140716,846,1563,156,273,109,2,12885,10,2949
10469,05/05/2020T16:50:00 ,140713,848,1563,156,273,109,2,12886,10,2951
10470,05/05/2020T17:00:00 ,140709,852,1562,155,274,109,2,12887,10,2954
10471,05/05/2020T17:10:00 ,140705,854,1562,154,275,109,2,12889,10,2956
10472,05/05/2020T17:20:00 ,140704,852,1564,154,275,109,2,12890,10,2956
10473,05/05/2020T17:30:00 ,140703,851,1563,152,276,109,2,12894,10,2953
10474,05/05/2020T17:40:00 ,140701,851,1564,152,276,109,2,12895,10,2954
10475,05/05/2020T17:50:00 ,140701,849,1560,151,276,109,2,12902,10,2947
10476,05/05/2020T18:00:00 ,140698,849,1562,151,275,109,2,12904,10,2948
10477,05/05/2020T18:10:00 ,140698,849,1556,151,274,109,2,12911,10,2941
10478,05/05/2020T18:20:00 ,140696,851,1554,151,273,109,2,12914,10,2940
10479,05/05/2020T18:30:00 ,140695,851,1552,152,271,109,2,12918,10,2937
10480,05/05/2020T18:40:00 ,140694,851,1552,152,271,109,2,12919,10,2937
10481,05/05/2020T18:50:00 ,140693,851,1551,152,271,109,2,12921,10,2936
10482,05/05/2020T19:00:00 ,140693,845,1554,154,271,109,2,12922,10,2935
10483,05/05/2020T19:10:00 ,140693,842,1555,153,272,109,2,12924,10,2933
10484,05/05/2020T19:20:00 ,140692,839,1559,153,269,108,2,12928,10,2930
10485,05/05/2020T19:30:00 ,140691,838,1559,154,268,109,2,12929,10,2930
10486,05/05/2020T19:40:00 ,140691,838,1559,153,268,109,2,12930,10,2929
10487,05/05/2020T19:50:00 ,140690,837,1556,152,268,109,2,12936,10,2924
10488,05/05/2020T20:00:00 ,140690,836,1556,152,267,109,2,12938,10,2922
10489,05/05/2020T20:10:00 ,140688,838,1556,152,266,110,2,12938,10,2924
10490,05/05/2020T20:20:00 ,140687,838,1553,152,265,110,2,12943,10,2920
10491,05/05/2020T20:30:00 ,140687,837,1553,152,264,110,2,12945,10,2918
10492,05/05/2020T20:40:00 ,140684,835,1552,153,263,110,2,12951,10,2915
10493,05/05/2020T20:50:00 ,140684,833,1553,153,263,110,2,12952,10,2914
10494,05/05/2020T21:00:00 ,140683,832,1552,153,263,110,2,12955,10,2912
10495,05/05/2020T21:10:00 ,140682,831,1550,155,263,110,2,12957,10,2911
10496,05/05/2020T21:20:00 ,140681,831,1547,156,262,110,2,12961,10,2908
10497,05/05/2020T21:30:00 ,140681,831,1544,156,262,110,2,12964,10,2905
10498,05/05/2020T21:40:00 ,140681,831,1542,156,261,110,2,12967,10,2902
10499,05/05/2020T21:50:00 ,140680,830,1542,156,259,110,2,12971,10,2899
10500,05/05/2020T22:00:00 ,140680,827,1541,156,259,110,2,12975,10,2895
10501,05/05/2020T22:10:00 ,140680,824,1542,157,259,110,2,12976,10,2894
10502,05/05/2020T22:20:00 ,140680,823,1542,154,261,109,2,12979,10,2891
10503,05/05/2020T22:30:00 ,140679,824,1541,153,262,109,2,12980,10,2891
10504,05/05/2020T22:40:00 ,140678,822,1542,154,263,109,2,12980,10,2892
10505,05/05/2020T22:50:00 ,140677,819,1543,154,265,109,2,12981,10,2892
10506,05/05/2020T23:00:00 ,140677,817,1543,154,264,109,2,12984,10,2889
10507,05/05/2020T23:10:00 ,140677,815,1544,154,264,109,2,12985,10,2888
10508,05/05/2020T23:20:00 ,140677,813,1546,154,264,109,2,12985,10,2888
10509,05/05/2020T23:30:00 ,140676,811,1547,154,264,109,2,12987,10,2887
10510,05/05/2020T23:40:00 ,140676,810,1546,153,265,109,2,12989,10,2885
10511,05/05/2020T23:50:00 ,140676,806,1546,154,265,109,2,12992,10,2882
10512,05/06/2020T00:00:00 ,140676,802,1547,155,264,109,2,12995,10,2879
10513,05/06/2020T00:10:00 ,140676,799,1546,156,264,109,2,12998,10,2876
10514,05/06/2020T00:20:00 ,140676,795,1549,156,265,109,2,12998,10,2876
10515,05/06/2020T00:30:00 ,140676,795,1545,156,264,109,2,13003,10,2871
10516,05/06/2020T00:40:00 ,140676,794,1544,156,264,109,2,13005,10,2869
10517,05/06/2020T00:50:00 ,140674,794,1546,156,264,109,2,13005,10,2871
10518,05/06/2020T01:00:00 ,140673,794,1544,156,264,109,2,13008,10,2869
10519,05/06/2020T01:10:00 ,140673,792,1544,157,265,109,2,13008,10,2869
10520,05/06/2020T01:20:00 ,140673,789,1544,157,263,110,2,13012,10,2865
10521,05/06/2020T01:30:00 ,140672,786,1544,159,263,110,2,13014,10,2864
10522,05/06/2020T01:40:00 ,140670,787,1542,158,264,110,2,13017,10,2863
10523,05/06/2020T01:50:00 ,140669,786,1540,159,265,110,2,13019,10,2862
10524,05/06/2020T02:00:00 ,140668,787,1538,159,264,110,2,13022,10,2860
10525,05/06/2020T02:10:00 ,140668,786,1532,159,263,110,2,13030,10,2852
10526,05/06/2020T02:20:00 ,140667,787,1531,159,263,110,2,13031,10,2852
10527,05/06/2020T02:30:00 ,140667,784,1533,159,263,110,2,13032,10,2851
10528,05/06/2020T02:40:00 ,140666,783,1533,158,264,110,2,13034,10,2850
10529,05/06/2020T02:50:00 ,140666,781,1534,158,263,111,2,13035,10,2849
10530,05/06/2020T03:00:00 ,140665,779,1534,158,262,110,2,13040,10,2845
10531,05/06/2020T03:10:00 ,140664,776,1533,157,261,111,2,13046,10,2840
10532,05/06/2020T03:20:00 ,140663,776,1532,157,261,111,2,13048,10,2839
10533,05/06/2020T03:30:00 ,140663,774,1531,157,259,111,2,13053,10,2834
10534,05/06/2020T03:40:00 ,140662,773,1530,158,259,111,2,13055,10,2833
10535,05/06/2020T03:50:00 ,140660,772,1530,158,257,112,2,13059,10,2831
10536,05/06/2020T04:00:00 ,140659,771,1529,158,255,112,2,13064,10,2827
10537,05/06/2020T04:10:00 ,140658,769,1528,159,255,113,1,13067,10,2825
10538,05/06/2020T04:20:00 ,140657,769,1526,158,256,113,1,13070,10,2823
10539,05/06/2020T04:30:00 ,140657,768,1524,158,256,112,1,13074,10,2819
10540,05/06/2020T04:40:00 ,140656,767,1523,158,257,112,1,13076,10,2818
10541,05/06/2020T04:50:00 ,140656,765,1523,158,255,112,1,13080,10,2814
10542,05/06/2020T05:00:00 ,140656,765,1520,158,254,112,1,13084,10,2810
10543,05/06/2020T05:10:00 ,140656,764,1521,158,253,112,1,13085,10,2809
10544,05/06/2020T05:20:00 ,140656,764,1520,158,253,112,1,13086,10,2808
10545,05/06/2020T05:30:00 ,140656,761,1521,158,253,112,1,13088,10,2806
10546,05/06/2020T05:40:00 ,140656,758,1522,157,254,112,1,13090,10,2804
10547,05/06/2020T05:50:00 ,140656,754,1520,158,254,112,1,13095,10,2799
10548,05/06/2020T06:00:00 ,140655,755,1520,157,255,112,1,13095,10,2800
10549,05/06/2020T06:10:00 ,140655,751,1520,158,255,112,1,13098,10,2797
10550,05/06/2020T06:20:00 ,140655,750,1519,158,253,112,1,13102,10,2793
10551,05/06/2020T06:30:00 ,140655,748,1516,158,254,112,1,13106,10,2789
10552,05/06/2020T06:40:00 ,140655,745,1518,158,254,112,1,13107,10,2788
10553,05/06/2020T06:50:00 ,140655,745,1517,158,253,112,1,13109,10,2786
10554,05/06/2020T07:00:00 ,140654,742,1520,158,252,111,1,13112,10,2784
10555,05/06/2020T07:10:00 ,140654,740,1521,158,251,111,1,13114,10,2782
10556,05/06/2020T07:20:00 ,140653,739,1522,158,251,111,1,13115,10,2782
10557,05/06/2020T07:30:00 ,140652,739,1521,157,251,111,1,13118,10,2780
10558,05/06/2020T07:40:00 ,140648,741,1521,157,249,111,1,13122,10,2780
10559,05/06/2020T07:50:00 ,140648,741,1519,157,247,111,1,13126,10,2776
10560,05/06/2020T08:00:00 ,140648,739,1520,158,247,111,1,13126,10,2776
10561,05/06/2020T08:10:00 ,140644,742,1520,159,246,111,1,13127,10,2779
10562,05/06/2020T08:20:00 ,140640,744,1522,159,246,111,1,13127,10,2783
10563,05/06/2020T08:30:00 ,140635,747,1522,157,247,112,1,13129,10,2786
10564,05/06/2020T08:40:00 ,140631,750,1518,154,250,112,1,13134,10,2785
10565,05/06/2020T08:50:00 ,140627,753,1518,152,251,112,1,13136,10,2787
10566,05/06/2020T09:00:00 ,140619,759,1517,150,251,112,1,13141,10,2790
10567,05/06/2020T09:10:00 ,140617,761,1511,150,249,112,1,13149,10,2784
10568,05/06/2020T09:20:00 ,140614,762,1512,151,247,112,1,13151,10,2785
10569,05/06/2020T09:30:00 ,140607,769,1507,151,247,112,1,13156,10,2787
10570,05/06/2020T09:40:00 ,140599,775,1507,152,246,112,1,13158,10,2793
10571,05/06/2020T09:50:00 ,140596,777,1507,152,245,112,1,13160,10,2794
10572,05/06/2020T10:00:00 ,140589,781,1506,153,245,112,1,13163,10,2798
10573,05/06/2020T10:10:00 ,140585,783,1504,154,245,112,1,13166,10,2799
10574,05/06/2020T10:20:00 ,140579,786,1506,151,248,112,1,13167,10,2804
10575,05/06/2020T10:30:00 ,140577,788,1505,151,248,112,1,13168,10,2805
10576,05/06/2020T10:40:00 ,140573,790,1504,151,247,112,1,13172,10,2805
10577,05/06/2020T10:50:00 ,140563,796,1505,153,247,112,1,13173,10,2814
10578,05/06/2020T11:00:00 ,140557,800,1504,154,247,112,1,13175,10,2818
10579,05/06/2020T11:10:00 ,140554,801,1504,154,247,112,1,13177,10,2819
10580,05/06/2020T11:20:00 ,140551,804,1501,154,247,112,1,13180,10,2819
10581,05/06/2020T11:30:00 ,140543,810,1499,155,247,112,1,13183,10,2824
10582,05/06/2020T11:40:00 ,140533,820,1494,153,248,112,1,13189,10,2828
10583,05/06/2020T11:50:00 ,140521,830,1495,152,249,112,1,13190,10,2839
10584,05/06/2020T12:00:00 ,140515,836,1494,152,248,112,1,13192,10,2843
10585,05/06/2020T12:10:00 ,140509,839,1495,150,248,112,1,13196,10,2845
10586,05/06/2020T12:20:00 ,140506,841,1495,150,248,112,1,13197,10,2847
10587,05/06/2020T12:30:00 ,140500,846,1494,150,248,112,1,13199,10,2851
10588,05/06/2020T12:40:00 ,140498,846,1493,151,248,112,1,13201,10,2851
10589,05/06/2020T12:50:00 ,140492,851,1494,151,247,112,1,13202,10,2856
10590,05/06/2020T13:00:00 ,140488,853,1493,151,247,112,1,13205,10,2857
10591,05/06/2020T13:10:00 ,140483,856,1489,152,247,112,1,13210,10,2857
10592,05/06/2020T13:20:00 ,140480,858,1487,152,247,112,1,13213,10,2857
10593,05/06/2020T13:30:00 ,140475,862,1485,150,249,112,1,13216,10,2859
10594,05/06/2020T13:40:00 ,140469,866,1483,150,249,112,1,13220,10,2861
10595,05/06/2020T13:50:00 ,140466,867,1483,149,249,112,1,13223,10,2861
10596,05/06/2020T14:00:00 ,140461,871,1483,148,248,113,1,13225,10,2864
10597,05/06/2020T14:10:00 ,140456,875,1480,148,248,113,1,13229,10,2865
10598,05/06/2020T14:20:00 ,140452,877,1479,148,247,113,1,13233,10,2865
10599,05/06/2020T14:30:00 ,140449,880,1476,148,244,112,1,13240,10,2861
10600,05/06/2020T14:40:00 ,140447,881,1474,147,244,112,1,13244,10,2859
10601,05/06/2020T14:50:00 ,140441,886,1474,147,245,112,1,13244,10,2865
10602,05/06/2020T15:00:00 ,140438,886,1476,146,246,112,1,13245,10,2867
10603,05/06/2020T15:10:00 ,140434,888,1474,146,246,112,1,13249,10,2867
10604,05/06/2020T15:20:00 ,140431,889,1474,146,244,112,1,13253,10,2866
10605,05/06/2020T15:30:00 ,140427,892,1475,146,242,112,1,13255,10,2868
10606,05/06/2020T15:40:00 ,140426,889,1478,145,240,111,1,13260,10,2864
10607,05/06/2020T15:50:00 ,140424,890,1474,144,240,111,1,13266,10,2860
10608,05/06/2020T16:00:00 ,140419,894,1472,144,240,111,1,13269,10,2862
10609,05/06/2020T16:10:00 ,140411,899,1471,145,240,111,1,13272,10,2867
10610,05/06/2020T16:20:00 ,140409,899,1471,144,240,111,1,13275,10,2866
10611,05/06/2020T16:30:00 ,140404,904,1469,144,239,111,1,13278,10,2868
10612,05/06/2020T16:40:00 ,140401,906,1469,143,238,111,1,13281,10,2868
10613,05/06/2020T16:50:00 ,140396,911,1468,141,239,111,1,13283,10,2871
10614,05/06/2020T17:00:00 ,140394,912,1466,141,238,111,1,13287,10,2869
10615,05/06/2020T17:10:00 ,140389,916,1466,141,238,111,1,13288,10,2873
10616,05/06/2020T17:20:00 ,140389,913,1466,142,238,111,1,13290,10,2871
10617,05/06/2020T17:30:00 ,140388,913,1465,142,238,111,1,13292,10,2870
10618,05/06/2020T17:40:00 ,140388,910,1463,142,237,111,1,13298,10,2864
10619,05/06/2020T17:50:00 ,140388,909,1463,142,237,111,1,13299,10,2863
10620,05/06/2020T18:00:00 ,140385,909,1464,142,238,111,1,13300,10,2865
10621,05/06/2020T18:10:00 ,140382,911,1462,142,238,111,1,13303,10,2865
10622,05/06/2020T18:20:00 ,140380,911,1458,142,238,111,1,13309,10,2861
10623,05/06/2020T18:30:00 ,140379,910,1457,142,238,111,1,13312,10,2859
10624,05/06/2020T18:40:00 ,140377,909,1459,142,238,111,1,13313,10,2860
10625,05/06/2020T18:50:00 ,140376,908,1459,142,238,111,1,13315,10,2859
10626,05/06/2020T19:00:00 ,140376,907,1458,142,237,111,2,13317,10,2857
10627,05/06/2020T19:10:00 ,140376,905,1460,142,236,111,2,13318,10,2856
10628,05/06/2020T19:20:00 ,140376,904,1457,142,236,111,2,13322,10,2852
10629,05/06/2020T19:30:00 ,140376,899,1457,144,234,110,2,13328,10,2846
10630,05/06/2020T19:40:00 ,140376,898,1453,142,236,110,2,13333,10,2841
10631,05/06/2020T19:50:00 ,140374,899,1450,141,237,109,2,13338,10,2838
10632,05/06/2020T20:00:00 ,140374,898,1450,140,238,109,2,13339,10,2837
10633,05/06/2020T20:10:00 ,140372,898,1449,140,238,109,2,13342,10,2836
10634,05/06/2020T20:20:00 ,140372,898,1446,140,237,109,2,13346,10,2832
10635,05/06/2020T20:30:00 ,140371,897,1443,141,236,109,2,13351,10,2828
10636,05/06/2020T20:40:00 ,140371,896,1441,141,236,109,2,13354,10,2825
10637,05/06/2020T20:50:00 ,140371,893,1439,142,236,109,2,13358,10,2821
10638,05/06/2020T21:00:00 ,140371,892,1436,142,235,109,2,13363,10,2816
10639,05/06/2020T21:10:00 ,140371,888,1437,143,234,109,2,13366,10,2813
10640,05/06/2020T21:20:00 ,140369,885,1436,144,234,109,2,13371,10,2810
10641,05/06/2020T21:30:00 ,140368,883,1434,145,235,109,2,13374,10,2808
10642,05/06/2020T21:40:00 ,140368,882,1431,145,235,109,2,13378,10,2804
10643,05/06/2020T21:50:00 ,140366,880,1435,144,236,109,2,13378,10,2806
10644,05/06/2020T22:00:00 ,140366,879,1433,143,236,109,2,13382,10,2802
10645,05/06/2020T22:10:00 ,140366,877,1432,144,237,109,2,13383,10,2801
10646,05/06/2020T22:20:00 ,140366,876,1431,144,236,109,2,13386,10,2798
10647,05/06/2020T22:30:00 ,140365,874,1432,145,235,109,2,13388,10,2797
10648,05/06/2020T22:40:00 ,140363,873,1430,147,234,109,2,13392,10,2795
10649,05/06/2020T22:50:00 ,140363,870,1428,148,234,110,2,13395,10,2792
10650,05/06/2020T23:00:00 ,140362,868,1428,149,235,110,2,13396,10,2792
10651,05/06/2020T23:10:00 ,140361,868,1427,149,235,110,2,13398,10,2791
10652,05/06/2020T23:20:00 ,140361,868,1425,148,236,110,2,13400,10,2789
10653,05/06/2020T23:30:00 ,140361,868,1421,147,237,110,2,13404,10,2785
10654,05/06/2020T23:40:00 ,140360,869,1419,146,238,110,2,13406,10,2784
10655,05/06/2020T23:50:00 ,140360,868,1414,146,236,111,2,13413,10,2777
10656,05/07/2020T00:00:00 ,140360,864,1417,145,236,111,2,13415,10,2775
10657,05/07/2020T00:10:00 ,140360,863,1415,145,234,110,2,13421,10,2769
10658,05/07/2020T00:20:00 ,140359,862,1417,144,235,110,2,13421,10,2770
10659,05/07/2020T00:30:00 ,140359,862,1415,143,234,110,2,13425,10,2766
10660,05/07/2020T00:40:00 ,140359,861,1416,143,234,110,2,13425,10,2766
10661,05/07/2020T00:50:00 ,140359,860,1415,142,234,110,2,13428,10,2763
10662,05/07/2020T01:00:00 ,140359,858,1412,142,235,110,2,13432,10,2759
10663,05/07/2020T01:10:00 ,140358,857,1409,143,235,110,2,13436,10,2756
10664,05/07/2020T01:20:00 ,140358,855,1408,144,233,110,2,13440,10,2752
10665,05/07/2020T01:30:00 ,140358,854,1405,144,233,110,2,13444,10,2748
10666,05/07/2020T01:40:00 ,140358,853,1404,144,232,110,2,13447,10,2745
10667,05/07/2020T01:50:00 ,140357,852,1405,143,231,110,2,13450,10,2743
10668,05/07/2020T02:00:00 ,140357,851,1403,142,232,110,2,13453,10,2740
10669,05/07/2020T02:10:00 ,140356,848,1406,142,232,110,2,13454,10,2740
10670,05/07/2020T02:20:00 ,140356,848,1403,142,230,111,2,13458,10,2736
10671,05/07/2020T02:30:00 ,140356,847,1400,141,229,111,2,13464,10,2730
10672,05/07/2020T02:40:00 ,140355,846,1401,140,230,111,2,13465,10,2730
10673,05/07/2020T02:50:00 ,140355,842,1404,139,231,111,2,13466,10,2729
10674,05/07/2020T03:00:00 ,140353,844,1403,138,230,112,2,13468,10,2729
10675,05/07/2020T03:10:00 ,140353,842,1402,139,231,112,2,13469,10,2728
10676,05/07/2020T03:20:00 ,140353,838,1400,140,231,112,2,13474,10,2723
10677,05/07/2020T03:30:00 ,140353,838,1397,138,233,112,2,13477,10,2720
10678,05/07/2020T03:40:00 ,140353,836,1397,137,234,112,2,13479,10,2718
10679,05/07/2020T03:50:00 ,140353,835,1397,137,234,112,2,13480,10,2717
10680,05/07/2020T04:00:00 ,140352,836,1397,137,232,113,2,13481,10,2717
10681,05/07/2020T04:10:00 ,140352,834,1396,137,233,113,2,13483,10,2715
10682,05/07/2020T04:20:00 ,140352,834,1394,137,233,113,2,13485,10,2713
10683,05/07/2020T04:30:00 ,140352,831,1397,136,234,113,2,13485,10,2713
10684,05/07/2020T04:40:00 ,140351,831,1398,136,234,113,2,13485,10,2714
10685,05/07/2020T04:50:00 ,140351,828,1394,138,234,113,2,13490,10,2709
10686,05/07/2020T05:00:00 ,140350,827,1393,137,235,113,2,13493,10,2707
10687,05/07/2020T05:10:00 ,140350,826,1391,138,235,113,2,13495,10,2705
10688,05/07/2020T05:20:00 ,140349,827,1388,136,236,112,3,13499,10,2702
10689,05/07/2020T05:30:00 ,140349,826,1386,135,237,112,3,13502,10,2699
10690,05/07/2020T05:40:00 ,140349,825,1387,135,237,112,3,13502,10,2699
10691,05/07/2020T05:50:00 ,140349,824,1385,135,236,113,3,13505,10,2696
10692,05/07/2020T06:00:00 ,140348,821,1386,137,236,113,3,13506,10,2696
10693,05/07/2020T06:10:00 ,140348,820,1384,138,236,113,3,13508,10,2694
10694,05/07/2020T06:20:00 ,140348,819,1383,137,237,113,3,13510,10,2692
10695,05/07/2020T06:30:00 ,140348,819,1380,136,237,113,3,13514,10,2688
10696,05/07/2020T06:40:00 ,140347,819,1379,134,238,113,3,13517,10,2686
10697,05/07/2020T06:50:00 ,140346,819,1378,134,238,113,3,13519,10,2685
10698,05/07/2020T07:00:00 ,140346,818,1375,133,238,113,3,13524,10,2680
10699,05/07/2020T07:10:00 ,140345,817,1375,133,236,113,3,13528,10,2677
10700,05/07/2020T07:20:00 ,140342,816,1376,133,236,113,3,13531,10,2677
10701,05/07/2020T07:30:00 ,140342,813,1378,133,236,113,3,13532,10,2676
10702,05/07/2020T07:40:00 ,140340,813,1375,133,235,113,3,13538,10,2672
10703,05/07/2020T07:50:00 ,140336,816,1374,133,235,113,3,13540,10,2674
10704,05/07/2020T08:00:00 ,140333,818,1373,133,235,113,3,13542,10,2675
10705,05/07/2020T08:10:00 ,140333,817,1372,133,235,113,3,13544,10,2673
10706,05/07/2020T08:20:00 ,140327,822,1372,133,235,113,3,13545,10,2678
10707,05/07/2020T08:30:00 ,140325,823,1371,133,235,113,3,13547,10,2678
10708,05/07/2020T08:40:00 ,140322,825,1370,134,234,112,3,13550,10,2678
10709,05/07/2020T08:50:00 ,140318,825,1369,135,235,112,3,13553,10,2679
10710,05/07/2020T09:00:00 ,140313,829,1367,133,236,112,3,13557,10,2680
10711,05/07/2020T09:10:00 ,140305,833,1366,135,235,112,3,13561,10,2684
10712,05/07/2020T09:20:00 ,140299,838,1364,135,235,112,3,13564,10,2687
10713,05/07/2020T09:30:00 ,140292,844,1363,135,235,112,3,13566,10,2692
10714,05/07/2020T09:40:00 ,140289,846,1360,135,233,112,3,13572,10,2689
10715,05/07/2020T09:50:00 ,140289,844,1360,135,233,112,3,13574,10,2687
10716,05/07/2020T10:00:00 ,140283,848,1360,135,232,112,3,13577,10,2690
10717,05/07/2020T10:10:00 ,140280,849,1360,135,232,112,3,13579,10,2691
10718,05/07/2020T10:20:00 ,140276,851,1360,134,233,112,3,13581,10,2693
10719,05/07/2020T10:30:00 ,140274,853,1358,134,233,112,3,13583,10,2693
10720,05/07/2020T10:40:00 ,140270,855,1357,135,233,112,3,13585,10,2695
10721,05/07/2020T10:50:00 ,140265,860,1354,133,234,112,3,13589,10,2696
10722,05/07/2020T11:00:00 ,140261,863,1352,132,232,113,3,13594,10,2695
10723,05/07/2020T11:10:00 ,140253,870,1350,132,232,113,3,13597,10,2700
10724,05/07/2020T11:20:00 ,140248,874,1350,132,231,113,3,13599,10,2703
10725,05/07/2020T11:30:00 ,140241,880,1349,132,231,113,3,13601,10,2708
10726,05/07/2020T11:40:00 ,140237,882,1346,131,232,113,3,13606,10,2707
10727,05/07/2020T11:50:00 ,140230,889,1343,130,233,113,3,13609,10,2711
10728,05/07/2020T12:00:00 ,140222,895,1343,130,233,113,3,13611,10,2717
10729,05/07/2020T12:10:00 ,140217,897,1345,130,232,113,3,13613,10,2720
10730,05/07/2020T12:20:00 ,140210,901,1346,130,231,114,3,13615,10,2725
10731,05/07/2020T12:30:00 ,140204,905,1346,131,231,114,3,13616,10,2730
10732,05/07/2020T12:40:00 ,140199,908,1346,127,236,114,3,13617,10,2734
10733,05/07/2020T12:50:00 ,140197,909,1343,127,236,114,3,13621,10,2732
10734,05/07/2020T13:00:00 ,140193,907,1345,127,238,114,3,13623,10,2734
10735,05/07/2020T13:10:00 ,140189,910,1344,127,237,114,3,13626,10,2735
10736,05/07/2020T13:20:00 ,140185,913,1343,127,236,113,3,13630,10,2735
10737,05/07/2020T13:30:00 ,140184,910,1338,128,235,113,3,13639,10,2727
10738,05/07/2020T13:40:00 ,140183,910,1334,128,234,113,3,13645,10,2722
10739,05/07/2020T13:50:00 ,140177,912,1334,128,234,114,3,13648,10,2725
10740,05/07/2020T14:00:00 ,140172,917,1333,126,235,114,3,13650,10,2728
10741,05/07/2020T14:10:00 ,140166,921,1332,125,235,115,3,13653,10,2731
10742,05/07/2020T14:20:00 ,140163,921,1333,125,235,115,3,13655,10,2732
10743,05/07/2020T14:30:00 ,140158,923,1334,126,235,115,3,13656,10,2736
10744,05/07/2020T14:40:00 ,140152,927,1333,125,236,115,3,13659,10,2739
10745,05/07/2020T14:50:00 ,140147,931,1330,124,235,115,3,13665,10,2738
10746,05/07/2020T15:00:00 ,140146,931,1331,124,234,115,3,13666,10,2738
10747,05/07/2020T15:10:00 ,140142,934,1328,124,233,115,3,13671,10,2737
10748,05/07/2020T15:20:00 ,140133,940,1325,125,233,115,3,13676,10,2741
10749,05/07/2020T15:30:00 ,140125,946,1326,125,233,115,3,13677,10,2748
10750,05/07/2020T15:40:00 ,140122,945,1328,126,233,115,3,13678,10,2750
10751,05/07/2020T15:50:00 ,140117,949,1328,126,233,115,3,13679,10,2754
10752,05/07/2020T16:00:00 ,140116,949,1325,125,233,115,3,13684,10,2750
10753,05/07/2020T16:10:00 ,140115,949,1323,125,230,115,3,13690,10,2745
10754,05/07/2020T16:20:00 ,140113,946,1326,124,232,115,3,13691,10,2746
10755,05/07/2020T16:30:00 ,140112,946,1325,124,232,115,3,13693,10,2745
10756,05/07/2020T16:40:00 ,140109,949,1325,124,230,115,3,13695,10,2746
10757,05/07/2020T16:50:00 ,140104,951,1324,124,230,114,3,13700,10,2746
10758,05/07/2020T17:00:00 ,140100,954,1322,124,230,113,3,13704,10,2746
10759,05/07/2020T17:10:00 ,140100,951,1323,125,230,113,3,13705,10,2745
10760,05/07/2020T17:20:00 ,140099,952,1322,125,228,113,3,13708,10,2743
10761,05/07/2020T17:30:00 ,140098,951,1322,125,229,113,3,13709,10,2743
10762,05/07/2020T17:40:00 ,140098,950,1320,125,229,113,3,13712,10,2740
10763,05/07/2020T17:50:00 ,140097,948,1321,126,229,113,3,13713,10,2740
10764,05/07/2020T18:00:00 ,140095,950,1319,126,229,113,3,13715,10,2740
10765,05/07/2020T18:10:00 ,140095,948,1318,125,230,113,3,13718,10,2737
10766,05/07/2020T18:20:00 ,140095,947,1318,124,231,113,3,13719,10,2736
10767,05/07/2020T18:30:00 ,140095,945,1319,124,230,113,3,13721,10,2734
10768,05/07/2020T18:40:00 ,140095,943,1319,123,231,113,3,13723,10,2732
10769,05/07/2020T18:50:00 ,140095,942,1316,123,230,113,3,13728,10,2727
10770,05/07/2020T19:00:00 ,140095,939,1318,122,230,113,3,13730,10,2725
10771,05/07/2020T19:10:00 ,140095,935,1320,122,229,113,3,13733,10,2722
10772,05/07/2020T19:20:00 ,140094,934,1320,122,229,113,3,13735,10,2721
10773,05/07/2020T19:30:00 ,140094,932,1321,121,229,113,3,13737,10,2719
10774,05/07/2020T19:40:00 ,140092,933,1317,122,228,113,3,13742,10,2716
10775,05/07/2020T19:50:00 ,140091,932,1316,122,228,113,3,13745,10,2714
10776,05/07/2020T20:00:00 ,140091,929,1319,122,227,113,3,13746,10,2713
10777,05/07/2020T20:10:00 ,140091,924,1322,121,225,112,3,13752,10,2707
10778,05/07/2020T20:20:00 ,140090,924,1318,121,224,113,3,13757,10,2703
10779,05/07/2020T20:30:00 ,140089,925,1316,121,223,113,3,13760,10,2701
10780,05/07/2020T20:40:00 ,140088,926,1311,121,221,112,3,13768,10,2694
10781,05/07/2020T20:50:00 ,140088,924,1308,121,221,112,3,13773,10,2689
10782,05/07/2020T21:00:00 ,140088,920,1305,121,221,112,3,13780,10,2682
10783,05/07/2020T21:10:00 ,140088,918,1303,123,221,112,3,13782,10,2680
10784,05/07/2020T21:20:00 ,140088,917,1303,123,219,113,3,13784,10,2678
10785,05/07/2020T21:30:00 ,140086,919,1302,122,219,113,3,13786,10,2678
10786,05/07/2020T21:40:00 ,140086,915,1305,122,219,113,3,13787,10,2677
10787,05/07/2020T21:50:00 ,140085,915,1302,123,219,113,3,13790,10,2675
10788,05/07/2020T22:00:00 ,140084,910,1305,124,219,113,3,13792,10,2674
10789,05/07/2020T22:10:00 ,140084,910,1303,124,218,113,3,13795,10,2671
10790,05/07/2020T22:20:00 ,140083,907,1302,124,219,113,3,13799,10,2668
10791,05/07/2020T22:30:00 ,140083,906,1302,123,220,113,3,13800,10,2667
10792,05/07/2020T22:40:00 ,140082,905,1300,125,220,113,3,13802,10,2666
10793,05/07/2020T22:50:00 ,140082,904,1296,125,219,113,3,13808,10,2660
10794,05/07/2020T23:00:00 ,140081,902,1294,126,218,113,3,13813,10,2656
10795,05/07/2020T23:10:00 ,140081,899,1294,126,218,113,3,13816,10,2653
10796,05/07/2020T23:20:00 ,140081,898,1292,127,218,113,3,13818,10,2651
10797,05/07/2020T23:30:00 ,140080,893,1295,127,217,113,3,13822,10,2648
10798,05/07/2020T23:40:00 ,140079,893,1295,126,217,113,3,13824,10,2647
10799,05/07/2020T23:50:00 ,140079,893,1293,124,219,113,3,13826,10,2645
10800,05/08/2020T00:00:00 ,140078,891,1290,126,219,113,3,13830,10,2642
10801,05/08/2020T00:10:00 ,140077,891,1290,126,218,114,3,13831,10,2642
10802,05/08/2020T00:20:00 ,140077,890,1291,126,218,114,3,13831,10,2642
10803,05/08/2020T00:30:00 ,140077,885,1294,126,218,114,3,13833,10,2640
10804,05/08/2020T00:40:00 ,140076,885,1295,126,217,114,3,13834,10,2640
10805,05/08/2020T00:50:00 ,140075,883,1298,125,218,114,3,13834,10,2641
10806,05/08/2020T01:00:00 ,140075,883,1296,125,218,114,3,13836,10,2639
10807,05/08/2020T01:10:00 ,140075,882,1295,126,218,114,3,13837,10,2638
10808,05/08/2020T01:20:00 ,140074,881,1295,125,218,114,3,13840,10,2636
10809,05/08/2020T01:30:00 ,140073,881,1290,125,218,114,3,13846,10,2631
10810,05/08/2020T01:40:00 ,140073,881,1289,125,218,114,3,13847,10,2630
10811,05/08/2020T01:50:00 ,140073,879,1288,125,218,114,3,13850,10,2627
10812,05/08/2020T02:00:00 ,140072,878,1289,125,217,114,3,13852,10,2626
10813,05/08/2020T02:10:00 ,140071,874,1292,127,216,114,3,13853,10,2626
10814,05/08/2020T02:20:00 ,140071,872,1294,127,216,113,3,13854,10,2625
10815,05/08/2020T02:30:00 ,140071,871,1294,127,216,113,3,13855,10,2624
10816,05/08/2020T02:40:00 ,140070,866,1299,128,216,113,3,13855,10,2625
10817,05/08/2020T02:50:00 ,140070,864,1299,130,216,113,3,13855,10,2625
10818,05/08/2020T03:00:00 ,140070,860,1300,130,214,113,3,13860,10,2620
10819,05/08/2020T03:10:00 ,140068,860,1301,130,214,113,3,13861,10,2621
10820,05/08/2020T03:20:00 ,140068,858,1301,130,214,113,3,13863,10,2619
10821,05/08/2020T03:30:00 ,140067,858,1301,130,214,113,3,13864,10,2619
10822,05/08/2020T03:40:00 ,140067,856,1301,131,212,114,3,13866,10,2617
10823,05/08/2020T03:50:00 ,140066,855,1301,131,213,114,3,13867,10,2617
10824,05/08/2020T04:00:00 ,140065,856,1299,131,213,114,3,13869,10,2616
10825,05/08/2020T04:10:00 ,140065,853,1301,132,213,114,3,13869,10,2616
10826,05/08/2020T04:20:00 ,140063,851,1301,133,212,114,3,13873,10,2614
10827,05/08/2020T04:30:00 ,140063,851,1299,132,213,114,3,13875,10,2612
10828,05/08/2020T04:40:00 ,140062,849,1298,132,212,114,3,13880,10,2608
10829,05/08/2020T04:50:00 ,140061,849,1294,132,212,114,3,13885,10,2604
10830,05/08/2020T05:00:00 ,140060,850,1291,132,210,114,3,13890,10,2600
10831,05/08/2020T05:10:00 ,140060,847,1292,133,209,114,3,13892,10,2598
10832,05/08/2020T05:20:00 ,140060,844,1292,133,210,114,3,13894,10,2596
10833,05/08/2020T05:30:00 ,140060,843,1291,132,210,114,3,13897,10,2593
10834,05/08/2020T05:40:00 ,140060,838,1296,132,210,114,3,13897,10,2593
10835,05/08/2020T05:50:00 ,140060,834,1297,133,210,114,3,13899,10,2591
10836,05/08/2020T06:00:00 ,140059,834,1295,131,212,113,4,13902,10,2589
10837,05/08/2020T06:10:00 ,140059,833,1293,131,212,113,4,13905,10,2586
10838,05/08/2020T06:20:00 ,140059,828,1298,130,213,113,4,13905,10,2586
10839,05/08/2020T06:30:00 ,140058,827,1296,129,213,113,4,13910,10,2582
10840,05/08/2020T06:40:00 ,140058,824,1298,128,214,112,4,13912,10,2580
10841,05/08/2020T06:50:00 ,140058,823,1298,127,214,112,4,13914,10,2578
10842,05/08/2020T07:00:00 ,140057,823,1296,127,214,112,4,13917,10,2576
10843,05/08/2020T07:10:00 ,140056,824,1292,127,212,112,4,13923,10,2571
10844,05/08/2020T07:20:00 ,140056,822,1291,127,213,112,4,13925,10,2569
10845,05/08/2020T07:30:00 ,140055,820,1292,127,213,112,4,13927,10,2568
10846,05/08/2020T07:40:00 ,140054,819,1289,126,214,112,4,13932,10,2564
10847,05/08/2020T07:50:00 ,140051,819,1289,126,213,112,4,13936,10,2563
10848,05/08/2020T08:00:00 ,140050,816,1288,125,215,112,4,13940,10,2560
10849,05/08/2020T08:10:00 ,140047,818,1286,125,215,112,4,13943,10,2560
10850,05/08/2020T08:20:00 ,140043,821,1286,125,214,112,4,13945,10,2562
10851,05/08/2020T08:30:00 ,140040,822,1288,125,214,112,4,13945,10,2565
10852,05/08/2020T08:40:00 ,140039,821,1290,123,216,112,4,13945,10,2566
10853,05/08/2020T08:50:00 ,140038,819,1292,123,216,112,4,13946,10,2566
10854,05/08/2020T09:00:00 ,140033,822,1290,122,216,112,4,13951,10,2566
10855,05/08/2020T09:10:00 ,140032,823,1290,122,216,112,4,13951,10,2567
10856,05/08/2020T09:20:00 ,140026,827,1291,122,216,112,4,13952,10,2572
10857,05/08/2020T09:30:00 ,140025,826,1289,122,214,112,4,13958,10,2567
10858,05/08/2020T09:40:00 ,140021,829,1287,122,211,113,4,13963,10,2566
10859,05/08/2020T09:50:00 ,140015,833,1284,123,211,113,4,13967,10,2568
10860,05/08/2020T10:00:00 ,140008,839,1283,123,211,113,4,13969,10,2573
10861,05/08/2020T10:10:00 ,140004,841,1282,123,212,113,4,13971,10,2575
10862,05/08/2020T10:20:00 ,139999,846,1280,122,213,113,4,13973,10,2578
10863,05/08/2020T10:30:00 ,139991,853,1281,120,214,113,4,13974,10,2585
10864,05/08/2020T10:40:00 ,139983,859,1281,120,213,113,4,13977,10,2590
10865,05/08/2020T10:50:00 ,139978,863,1281,120,213,113,4,13978,10,2594
10866,05/08/2020T11:00:00 ,139975,865,1281,116,216,114,4,13979,10,2596
10867,05/08/2020T11:10:00 ,139969,868,1282,117,215,114,4,13981,10,2600
10868,05/08/2020T11:20:00 ,139966,871,1278,117,215,114,4,13985,10,2599
10869,05/08/2020T11:30:00 ,139962,872,1277,118,215,114,4,13988,10,2600
10870,05/08/2020T11:40:00 ,139956,877,1275,116,216,114,4,13992,10,2602
10871,05/08/2020T11:50:00 ,139947,884,1271,116,216,114,4,13998,10,2605
10872,05/08/2020T12:00:00 ,139942,886,1270,116,216,114,4,14002,10,2606
10873,05/08/2020T12:10:00 ,139941,886,1269,115,217,114,4,14004,10,2605
10874,05/08/2020T12:20:00 ,139937,888,1270,115,217,114,4,14005,10,2608
10875,05/08/2020T12:30:00 ,139933,887,1273,116,216,114,4,14007,10,2610
10876,05/08/2020T12:40:00 ,139932,887,1273,116,213,114,4,14011,10,2607
10877,05/08/2020T12:50:00 ,139930,889,1271,113,214,114,4,14015,10,2605
10878,05/08/2020T13:00:00 ,139924,893,1268,113,214,115,4,14019,10,2607
10879,05/08/2020T13:10:00 ,139922,894,1267,112,215,115,4,14021,10,2607
10880,05/08/2020T13:20:00 ,139917,893,1271,114,215,115,4,14021,10,2612
10881,05/08/2020T13:30:00 ,139916,891,1273,115,215,114,5,14021,10,2613
10882,05/08/2020T13:40:00 ,139908,896,1276,115,214,114,5,14022,10,2620
10883,05/08/2020T13:50:00 ,139905,898,1277,114,214,114,5,14023,10,2622
10884,05/08/2020T14:00:00 ,139900,901,1274,115,213,114,5,14028,10,2622
10885,05/08/2020T14:10:00 ,139899,899,1277,115,212,114,5,14029,10,2622
10886,05/08/2020T14:20:00 ,139894,903,1277,115,212,114,5,14030,10,2626
10887,05/08/2020T14:30:00 ,139893,902,1276,116,211,114,5,14033,10,2624
10888,05/08/2020T14:40:00 ,139892,900,1276,115,212,114,5,14036,10,2622
10889,05/08/2020T14:50:00 ,139890,899,1277,114,213,114,5,14038,10,2622
10890,05/08/2020T15:00:00 ,139887,901,1274,115,213,114,5,14041,10,2622
10891,05/08/2020T15:10:00 ,139884,902,1275,115,213,114,5,14042,10,2624
10892,05/08/2020T15:20:00 ,139879,907,1274,115,213,114,5,14043,10,2628
10893,05/08/2020T15:30:00 ,139874,910,1273,114,214,114,5,14046,10,2630
10894,05/08/2020T15:40:00 ,139872,910,1273,114,214,114,5,14048,10,2630
10895,05/08/2020T15:50:00 ,139869,912,1271,114,212,114,5,14053,10,2628
10896,05/08/2020T16:00:00 ,139865,915,1271,114,212,114,5,14054,10,2631
10897,05/08/2020T16:10:00 ,139862,915,1271,113,212,115,5,14057,10,2631
10898,05/08/2020T16:20:00 ,139861,916,1269,111,214,114,5,14060,10,2629
10899,05/08/2020T16:30:00 ,139858,916,1271,111,214,114,5,14061,10,2631
10900,05/08/2020T16:40:00 ,139856,918,1269,111,213,114,5,14064,10,2630
10901,05/08/2020T16:50:00 ,139851,922,1270,111,211,115,5,14065,10,2634
10902,05/08/2020T17:00:00 ,139849,923,1268,110,211,115,5,14069,10,2632
10903,05/08/2020T17:10:00 ,139848,918,1273,111,210,115,5,14070,10,2632
10904,05/08/2020T17:20:00 ,139847,912,1276,113,208,115,5,14074,10,2629
10905,05/08/2020T17:30:00 ,139846,912,1276,113,208,115,5,14075,10,2629
10906,05/08/2020T17:40:00 ,139846,911,1277,113,208,115,5,14075,10,2629
10907,05/08/2020T17:50:00 ,139846,907,1275,114,208,115,5,14080,10,2624
10908,05/08/2020T18:00:00 ,139846,906,1272,114,208,115,5,14084,10,2620
10909,05/08/2020T18:10:00 ,139846,904,1273,114,207,115,5,14086,10,2618
10910,05/08/2020T18:20:00 ,139846,902,1274,114,207,114,5,14088,10,2616
10911,05/08/2020T18:30:00 ,139846,902,1273,114,206,114,5,14090,10,2614
10912,05/08/2020T18:40:00 ,139846,900,1274,114,207,114,5,14090,10,2614
10913,05/08/2020T18:50:00 ,139846,898,1276,114,207,114,5,14090,10,2614
10914,05/08/2020T19:00:00 ,139846,897,1273,115,207,114,5,14093,10,2611
10915,05/08/2020T19:10:00 ,139846,893,1276,116,207,114,5,14093,10,2611
10916,05/08/2020T19:20:00 ,139846,890,1278,116,207,114,5,14094,10,2610
10917,05/08/2020T19:30:00 ,139846,888,1279,116,207,114,5,14095,10,2609
10918,05/08/2020T19:40:00 ,139845,887,1279,116,208,114,5,14096,10,2609
10919,05/08/2020T19:50:00 ,139845,886,1278,116,208,114,5,14098,10,2607
10920,05/08/2020T20:00:00 ,139845,883,1280,116,209,114,5,14098,10,2607
10921,05/08/2020T20:10:00 ,139844,882,1281,117,207,114,5,14100,10,2606
10922,05/08/2020T20:20:00 ,139844,881,1278,117,206,114,5,14105,10,2601
10923,05/08/2020T20:30:00 ,139843,880,1277,118,205,114,5,14108,10,2599
10924,05/08/2020T20:40:00 ,139839,881,1274,120,205,114,5,14112,10,2599
10925,05/08/2020T20:50:00 ,139838,877,1276,121,205,114,5,14114,10,2598
10926,05/08/2020T21:00:00 ,139837,874,1280,121,203,114,5,14116,10,2597
10927,05/08/2020T21:10:00 ,139836,871,1280,120,205,114,5,14119,10,2595
10928,05/08/2020T21:20:00 ,139835,869,1279,120,206,114,5,14122,10,2593
10929,05/08/2020T21:30:00 ,139835,865,1283,120,206,114,5,14122,10,2593
10930,05/08/2020T21:40:00 ,139835,862,1285,120,206,114,5,14123,10,2592
10931,05/08/2020T21:50:00 ,139835,859,1283,118,208,113,5,14129,10,2586
10932,05/08/2020T22:00:00 ,139833,861,1280,117,209,112,5,14133,10,2584
10933,05/08/2020T22:10:00 ,139833,860,1279,118,209,112,5,14134,10,2583
10934,05/08/2020T22:20:00 ,139833,859,1276,117,210,112,5,14138,10,2579
10935,05/08/2020T22:30:00 ,139833,858,1274,116,211,112,5,14141,10,2576
10936,05/08/2020T22:40:00 ,139832,857,1271,117,211,112,5,14145,10,2573
10937,05/08/2020T22:50:00 ,139832,854,1271,119,211,112,5,14146,10,2572
10938,05/08/2020T23:00:00 ,139832,852,1270,119,211,112,5,14149,10,2569
10939,05/08/2020T23:10:00 ,139832,851,1269,119,211,112,5,14151,10,2567
10940,05/08/2020T23:20:00 ,139829,853,1267,118,211,112,5,14155,10,2566
10941,05/08/2020T23:30:00 ,139829,848,1267,122,211,111,5,14157,10,2564
10942,05/08/2020T23:40:00 ,139828,847,1263,121,212,111,5,14163,10,2559
10943,05/08/2020T23:50:00 ,139827,842,1269,121,211,111,5,14164,10,2559
10944,05/09/2020T00:00:00 ,139826,842,1265,120,211,111,5,14170,10,2554
10945,05/09/2020T00:10:00 ,139825,842,1264,120,211,111,5,14172,10,2553
10946,05/09/2020T00:20:00 ,139824,842,1262,120,210,111,5,14176,10,2550
10947,05/09/2020T00:30:00 ,139824,842,1259,120,210,111,5,14179,10,2547
10948,05/09/2020T00:40:00 ,139824,840,1259,120,209,111,5,14182,10,2544
10949,05/09/2020T00:50:00 ,139824,838,1258,121,209,111,5,14184,10,2542
10950,05/09/2020T01:00:00 ,139824,837,1257,120,210,111,5,14186,10,2540
10951,05/09/2020T01:10:00 ,139824,837,1255,119,209,111,5,14190,10,2536
10952,05/09/2020T01:20:00 ,139823,837,1254,118,210,111,5,14192,10,2535
10953,05/09/2020T01:30:00 ,139822,836,1254,118,209,111,5,14195,10,2533
10954,05/09/2020T01:40:00 ,139822,834,1254,117,210,111,5,14197,10,2531
10955,05/09/2020T01:50:00 ,139822,833,1253,116,211,111,5,14199,10,2529
10956,05/09/2020T02:00:00 ,139821,831,1254,117,212,111,5,14199,10,2530
10957,05/09/2020T02:10:00 ,139821,829,1253,117,212,111,5,14202,10,2527
10958,05/09/2020T02:20:00 ,139821,826,1253,118,212,111,5,14204,10,2525
10959,05/09/2020T02:30:00 ,139821,825,1251,116,214,111,5,14207,10,2522
10960,05/09/2020T02:40:00 ,139821,821,1250,117,215,111,5,14210,10,2519
10961,05/09/2020T02:50:00 ,139820,821,1250,116,216,111,5,14211,10,2519
10962,05/09/2020T03:00:00 ,139819,821,1251,115,215,111,5,14213,10,2518
10963,05/09/2020T03:10:00 ,139818,822,1248,115,214,111,5,14217,10,2515
10964,05/09/2020T03:20:00 ,139818,819,1250,116,213,111,5,14218,10,2514
10965,05/09/2020T03:30:00 ,139818,816,1251,117,213,111,5,14219,10,2513
10966,05/09/2020T03:40:00 ,139818,812,1252,117,213,111,5,14222,10,2510
10967,05/09/2020T03:50:00 ,139818,812,1252,117,213,110,5,14223,10,2509
10968,05/09/2020T04:00:00 ,139818,812,1252,116,212,110,5,14225,10,2507
10969,05/09/2020T04:10:00 ,139818,811,1251,117,212,110,5,14226,10,2506
10970,05/09/2020T04:20:00 ,139818,811,1248,116,212,110,5,14230,10,2502
10971,05/09/2020T04:30:00 ,139818,809,1250,116,212,109,5,14231,10,2501
10972,05/09/2020T04:40:00 ,139818,806,1250,115,214,109,5,14233,10,2499
10973,05/09/2020T04:50:00 ,139817,803,1251,116,213,109,5,14236,10,2497
10974,05/09/2020T05:00:00 ,139817,800,1253,117,213,109,5,14236,10,2497
10975,05/09/2020T05:10:00 ,139817,797,1255,117,212,109,5,14238,10,2495
10976,05/09/2020T05:20:00 ,139815,798,1255,117,212,109,5,14239,10,2496
10977,05/09/2020T05:30:00 ,139815,798,1251,117,212,109,5,14243,10,2492
10978,05/09/2020T05:40:00 ,139814,798,1252,116,213,110,4,14243,10,2493
10979,05/09/2020T05:50:00 ,139814,795,1251,117,212,110,4,14247,10,2489
10980,05/09/2020T06:00:00 ,139814,792,1253,117,212,110,4,14248,10,2488
10981,05/09/2020T06:10:00 ,139813,791,1255,117,212,110,4,14248,10,2489
10982,05/09/2020T06:20:00 ,139813,787,1258,117,211,110,4,14250,10,2487
10983,05/09/2020T06:30:00 ,139813,785,1258,117,211,110,4,14252,10,2485
10984,05/09/2020T06:40:00 ,139812,786,1255,117,211,110,4,14255,10,2483
10985,05/09/2020T06:50:00 ,139812,784,1255,116,212,110,4,14257,10,2481
10986,05/09/2020T07:00:00 ,139812,781,1255,118,212,110,4,14258,10,2480
10987,05/09/2020T07:10:00 ,139811,781,1255,119,212,110,4,14258,10,2481
10988,05/09/2020T07:20:00 ,139811,777,1256,116,215,110,4,14261,10,2478
10989,05/09/2020T07:30:00 ,139809,777,1256,116,215,110,4,14263,10,2478
10990,05/09/2020T07:40:00 ,139806,778,1254,117,215,110,4,14266,10,2478
10991,05/09/2020T07:50:00 ,139803,779,1254,117,213,110,4,14270,10,2477
10992,05/09/2020T08:00:00 ,139800,779,1256,117,213,110,4,14271,10,2479
10993,05/09/2020T08:10:00 ,139795,780,1256,117,212,110,4,14276,10,2479
10994,05/09/2020T08:20:00 ,139791,782,1255,119,212,110,4,14277,10,2482
10995,05/09/2020T08:30:00 ,139788,783,1254,121,212,110,4,14278,10,2484
10996,05/09/2020T08:40:00 ,139785,783,1252,122,211,110,4,14283,10,2482
10997,05/09/2020T08:50:00 ,139780,786,1252,123,210,109,5,14285,10,2485
10998,05/09/2020T09:00:00 ,139773,791,1252,125,209,109,5,14286,10,2491
10999,05/09/2020T09:10:00 ,139768,794,1252,125,209,109,5,14288,10,2494
11000,05/09/2020T09:20:00 ,139761,796,1254,126,209,109,5,14290,10,2499
11001,05/09/2020T09:30:00 ,139757,798,1256,126,209,109,5,14290,10,2503
11002,05/09/2020T09:40:00 ,139752,799,1259,127,209,109,5,14290,10,2508
11003,05/09/2020T09:50:00 ,139750,800,1257,127,208,109,5,14294,10,2506
11004,05/09/2020T10:00:00 ,139746,802,1257,128,208,109,5,14295,10,2509
11005,05/09/2020T10:10:00 ,139741,803,1257,129,209,109,5,14297,10,2512
11006,05/09/2020T10:20:00 ,139736,808,1255,129,208,109,5,14300,10,2514
11007,05/09/2020T10:30:00 ,139729,811,1257,130,207,109,5,14302,10,2519
11008,05/09/2020T10:40:00 ,139727,811,1257,130,207,109,5,14304,10,2519
11009,05/09/2020T10:50:00 ,139722,815,1255,130,206,108,5,14309,10,2519
11010,05/09/2020T11:00:00 ,139717,819,1255,129,206,108,5,14311,10,2522
11011,05/09/2020T11:10:00 ,139713,821,1252,129,207,107,5,14316,10,2521
11012,05/09/2020T11:20:00 ,139708,824,1251,128,208,107,5,14319,10,2523
11013,05/09/2020T11:30:00 ,139702,827,1253,128,208,106,5,14321,10,2527
11014,05/09/2020T11:40:00 ,139696,832,1250,129,208,106,5,14324,10,2530
11015,05/09/2020T11:50:00 ,139694,833,1247,130,207,107,5,14327,10,2529
11016,05/09/2020T12:00:00 ,139689,835,1246,131,207,107,5,14330,10,2531
11017,05/09/2020T12:10:00 ,139684,836,1246,132,208,107,5,14332,10,2534
11018,05/09/2020T12:20:00 ,139680,840,1246,132,208,107,5,14332,10,2538
11019,05/09/2020T12:30:00 ,139677,842,1246,132,207,107,5,14334,10,2539
11020,05/09/2020T12:40:00 ,139673,842,1246,132,207,108,5,14337,10,2540
11021,05/09/2020T12:50:00 ,139669,843,1248,133,207,108,5,14337,10,2544
11022,05/09/2020T13:00:00 ,139668,844,1248,133,207,108,5,14337,10,2545
11023,05/09/2020T13:10:00 ,139665,845,1249,134,205,109,5,14338,10,2547
11024,05/09/2020T13:20:00 ,139661,844,1252,134,204,109,5,14341,10,2548
11025,05/09/2020T13:30:00 ,139658,846,1252,134,204,109,5,14342,10,2550
11026,05/09/2020T13:40:00 ,139655,848,1249,134,204,109,5,14346,10,2549
11027,05/09/2020T13:50:00 ,139653,848,1249,132,205,109,5,14349,10,2548
11028,05/09/2020T14:00:00 ,139649,852,1249,132,205,109,5,14349,10,2552
11029,05/09/2020T14:10:00 ,139643,855,1247,134,205,109,5,14352,10,2555
11030,05/09/2020T14:20:00 ,139639,858,1247,133,204,109,5,14355,10,2556
11031,05/09/2020T14:30:00 ,139637,859,1244,132,205,109,5,14359,10,2554
11032,05/09/2020T14:40:00 ,139634,859,1245,133,204,109,5,14361,10,2555
11033,05/09/2020T14:50:00 ,139630,861,1243,133,203,109,5,14366,10,2554
11034,05/09/2020T15:00:00 ,139629,861,1242,133,203,109,5,14368,10,2553
11035,05/09/2020T15:10:00 ,139626,862,1242,133,202,109,5,14371,10,2553
11036,05/09/2020T15:20:00 ,139621,866,1238,133,202,109,5,14376,10,2553
11037,05/09/2020T15:30:00 ,139616,870,1237,132,202,109,5,14379,10,2555
11038,05/09/2020T15:40:00 ,139613,872,1236,131,203,109,5,14381,10,2556
11039,05/09/2020T15:50:00 ,139612,871,1237,131,202,109,5,14383,10,2555
11040,05/09/2020T16:00:00 ,139611,871,1236,131,202,109,5,14385,10,2554
11041,05/09/2020T16:10:00 ,139609,871,1235,131,202,109,5,14388,10,2553
11042,05/09/2020T16:20:00 ,139609,869,1236,130,203,109,5,14389,10,2552
11043,05/09/2020T16:30:00 ,139603,875,1234,129,204,109,5,14391,10,2556
11044,05/09/2020T16:40:00 ,139600,874,1236,130,204,109,5,14392,10,2558
11045,05/09/2020T16:50:00 ,139599,873,1235,131,203,109,5,14395,10,2556
11046,05/09/2020T17:00:00 ,139597,873,1236,129,205,109,5,14396,10,2557
11047,05/09/2020T17:10:00 ,139594,875,1234,129,205,109,5,14399,10,2557
11048,05/09/2020T17:20:00 ,139594,875,1231,128,206,109,5,14402,10,2554
11049,05/09/2020T17:30:00 ,139592,874,1230,129,205,109,5,14406,10,2552
11050,05/09/2020T17:40:00 ,139592,872,1229,129,205,109,5,14409,10,2549
11051,05/09/2020T17:50:00 ,139592,871,1230,129,205,109,5,14409,10,2549
11052,05/09/2020T18:00:00 ,139592,871,1229,129,205,109,5,14410,10,2548
11053,05/09/2020T18:10:00 ,139591,870,1228,130,204,110,5,14412,10,2547
11054,05/09/2020T18:20:00 ,139591,868,1228,129,204,110,5,14415,10,2544
11055,05/09/2020T18:30:00 ,139591,866,1229,129,204,110,5,14416,10,2543
11056,05/09/2020T18:40:00 ,139591,863,1230,128,205,110,5,14418,10,2541
11057,05/09/2020T18:50:00 ,139591,859,1231,127,206,110,5,14421,10,2538
11058,05/09/2020T19:00:00 ,139591,856,1230,129,206,110,5,14423,10,2536
11059,05/09/2020T19:10:00 ,139591,855,1229,130,206,110,5,14424,10,2535
11060,05/09/2020T19:20:00 ,139591,852,1229,130,205,110,5,14428,10,2531
11061,05/09/2020T19:30:00 ,139590,850,1230,131,203,110,5,14431,10,2529
11062,05/09/2020T19:40:00 ,139587,851,1229,131,202,110,5,14435,10,2528
11063,05/09/2020T19:50:00 ,139587,849,1229,130,203,109,6,14437,10,2526
11064,05/09/2020T20:00:00 ,139587,845,1229,131,203,109,6,14440,10,2523
11065,05/09/2020T20:10:00 ,139587,844,1228,131,202,109,6,14443,10,2520
11066,05/09/2020T20:20:00 ,139587,842,1230,131,202,109,6,14443,10,2520
11067,05/09/2020T20:30:00 ,139587,840,1232,131,202,109,6,14443,10,2520
11068,05/09/2020T20:40:00 ,139587,838,1231,132,201,110,6,14445,10,2518
11069,05/09/2020T20:50:00 ,139586,838,1230,131,200,110,6,14449,10,2515
11070,05/09/2020T21:00:00 ,139586,837,1230,132,198,110,6,14451,10,2513
11071,05/09/2020T21:10:00 ,139585,837,1231,132,197,110,6,14452,10,2513
11072,05/09/2020T21:20:00 ,139585,833,1230,135,197,110,6,14454,10,2511
11073,05/09/2020T21:30:00 ,139585,832,1229,135,196,110,6,14457,10,2508
11074,05/09/2020T21:40:00 ,139585,832,1227,135,195,110,6,14460,10,2505
11075,05/09/2020T21:50:00 ,139584,833,1223,135,195,110,6,14464,10,2502
11076,05/09/2020T22:00:00 ,139584,831,1224,135,194,110,6,14466,10,2500
11077,05/09/2020T22:10:00 ,139583,828,1226,134,195,110,6,14468,10,2499
11078,05/09/2020T22:20:00 ,139583,825,1225,133,195,110,6,14473,10,2494
11079,05/09/2020T22:30:00 ,139583,821,1227,132,196,110,6,14475,10,2492
11080,05/09/2020T22:40:00 ,139583,819,1227,131,197,110,6,14477,10,2490
11081,05/09/2020T22:50:00 ,139581,820,1227,129,199,110,6,14478,10,2491
11082,05/09/2020T23:00:00 ,139580,820,1227,129,199,110,6,14479,10,2491
11083,05/09/2020T23:10:00 ,139579,820,1225,128,200,110,6,14482,10,2489
11084,05/09/2020T23:20:00 ,139578,818,1224,128,199,110,6,14487,10,2485
11085,05/09/2020T23:30:00 ,139578,816,1221,129,199,110,6,14491,10,2481
11086,05/09/2020T23:40:00 ,139578,813,1224,129,199,110,6,14491,10,2481
11087,05/09/2020T23:50:00 ,139578,813,1224,129,199,110,6,14491,10,2481
11088,05/10/2020T00:00:00 ,139578,808,1227,129,199,109,6,14494,10,2478
11089,05/10/2020T00:10:00 ,139578,805,1230,128,198,110,6,14495,10,2477
11090,05/10/2020T00:20:00 ,139578,803,1232,128,198,110,6,14495,10,2477
11091,05/10/2020T00:30:00 ,139578,801,1233,126,200,110,6,14496,10,2476
11092,05/10/2020T00:40:00 ,139578,799,1233,125,200,110,6,14499,10,2473
11093,05/10/2020T00:50:00 ,139578,795,1231,125,202,110,6,14503,10,2469
11094,05/10/2020T01:00:00 ,139577,795,1230,125,202,110,6,14505,10,2468
11095,05/10/2020T01:10:00 ,139577,795,1228,125,202,110,6,14507,10,2466
11096,05/10/2020T01:20:00 ,139577,792,1223,125,202,110,6,14515,10,2458
11097,05/10/2020T01:30:00 ,139577,791,1222,125,202,110,6,14517,10,2456
11098,05/10/2020T01:40:00 ,139576,792,1219,123,204,110,6,14520,10,2454
11099,05/10/2020T01:50:00 ,139576,791,1217,122,202,110,6,14526,10,2448
11100,05/10/2020T02:00:00 ,139576,791,1214,122,202,110,6,14529,10,2445
11101,05/10/2020T02:10:00 ,139573,793,1211,122,202,110,6,14533,10,2444
11102,05/10/2020T02:20:00 ,139573,793,1208,122,202,110,6,14536,10,2441
11103,05/10/2020T02:30:00 ,139573,790,1208,122,201,110,6,14540,10,2437
11104,05/10/2020T02:40:00 ,139571,790,1208,119,204,110,6,14542,10,2437
11105,05/10/2020T02:50:00 ,139571,787,1208,119,205,110,6,14544,10,2435
11106,05/10/2020T03:00:00 ,139571,783,1212,119,205,110,6,14544,10,2435
11107,05/10/2020T03:10:00 ,139571,781,1212,118,207,110,6,14545,10,2434
11108,05/10/2020T03:20:00 ,139570,780,1212,117,208,110,6,14547,10,2433
11109,05/10/2020T03:30:00 ,139569,779,1212,117,207,110,6,14550,10,2431
11110,05/10/2020T03:40:00 ,139568,778,1211,118,207,110,6,14552,10,2430
11111,05/10/2020T03:50:00 ,139567,776,1210,118,207,110,6,14556,10,2427
11112,05/10/2020T04:00:00 ,139566,777,1208,117,208,110,6,14558,10,2426
11113,05/10/2020T04:10:00 ,139566,775,1207,118,207,110,6,14561,10,2423
11114,05/10/2020T04:20:00 ,139566,773,1208,119,207,110,6,14561,10,2423
11115,05/10/2020T04:30:00 ,139566,771,1208,119,207,110,6,14563,10,2421
11116,05/10/2020T04:40:00 ,139566,767,1211,120,207,110,6,14563,10,2421
11117,05/10/2020T04:50:00 ,139565,766,1211,119,209,110,6,14564,10,2421
11118,05/10/2020T05:00:00 ,139565,764,1211,119,210,110,6,14565,10,2420
11119,05/10/2020T05:10:00 ,139565,760,1210,121,210,110,6,14568,10,2417
11120,05/10/2020T05:20:00 ,139563,760,1208,121,210,110,6,14572,10,2415
11121,05/10/2020T05:30:00 ,139562,758,1207,123,209,110,6,14575,10,2413
11122,05/10/2020T05:40:00 ,139562,757,1207,123,207,110,6,14578,10,2410
11123,05/10/2020T05:50:00 ,139562,754,1206,124,205,110,6,14583,10,2405
11124,05/10/2020T06:00:00 ,139562,753,1206,123,206,110,6,14584,10,2404
11125,05/10/2020T06:10:00 ,139561,749,1210,122,206,110,6,14586,10,2403
11126,05/10/2020T06:20:00 ,139561,748,1208,123,206,111,5,14588,10,2401
11127,05/10/2020T06:30:00 ,139561,748,1208,123,206,110,5,14589,10,2400
11128,05/10/2020T06:40:00 ,139561,746,1208,124,206,110,5,14590,10,2399
11129,05/10/2020T06:50:00 ,139561,745,1207,123,207,110,5,14592,10,2397
11130,05/10/2020T07:00:00 ,139561,744,1206,122,208,110,5,14594,10,2395
11131,05/10/2020T07:10:00 ,139561,743,1206,122,207,110,5,14596,10,2393
11132,05/10/2020T07:20:00 ,139560,742,1205,121,208,110,5,14599,10,2391
11133,05/10/2020T07:30:00 ,139560,736,1209,120,209,110,5,14601,10,2389
11134,05/10/2020T07:40:00 ,139560,730,1212,121,209,110,5,14603,10,2387
11135,05/10/2020T07:50:00 ,139560,730,1211,121,208,110,5,14605,10,2385
11136,05/10/2020T08:00:00 ,139559,726,1212,121,208,110,5,14609,10,2382
11137,05/10/2020T08:10:00 ,139559,723,1214,121,208,110,5,14610,10,2381
11138,05/10/2020T08:20:00 ,139557,725,1213,120,209,110,5,14611,10,2382
11139,05/10/2020T08:30:00 ,139557,725,1213,120,209,110,5,14611,10,2382
11140,05/10/2020T08:40:00 ,139557,725,1209,118,211,110,5,14615,10,2378
11141,05/10/2020T08:50:00 ,139557,722,1209,119,211,110,5,14617,10,2376
11142,05/10/2020T09:00:00 ,139557,721,1205,120,211,110,5,14621,10,2372
11143,05/10/2020T09:10:00 ,139557,718,1206,121,209,110,5,14624,10,2369
11144,05/10/2020T09:20:00 ,139557,717,1204,121,207,110,5,14629,10,2364
11145,05/10/2020T09:30:00 ,139557,714,1206,120,208,110,5,14630,10,2363
11146,05/10/2020T09:40:00 ,139557,713,1204,119,208,110,5,14634,10,2359
11147,05/10/2020T09:50:00 ,139556,711,1203,121,207,110,5,14637,10,2357
11148,05/10/2020T10:00:00 ,139556,710,1202,122,207,110,5,14638,10,2356
11149,05/10/2020T10:10:00 ,139556,702,1207,124,207,110,5,14639,10,2355
11150,05/10/2020T10:20:00 ,139556,700,1205,126,207,110,5,14641,10,2353
11151,05/10/2020T10:30:00 ,139556,698,1206,126,206,110,5,14643,10,2351
11152,05/10/2020T10:40:00 ,139555,697,1206,125,207,110,5,14645,10,2350
11153,05/10/2020T10:50:00 ,139555,694,1207,125,208,110,5,14646,10,2349
11154,05/10/2020T11:00:00 ,139555,694,1206,125,208,110,5,14647,10,2348
11155,05/10/2020T11:10:00 ,139554,692,1207,124,209,110,5,14649,10,2347
11156,05/10/2020T11:20:00 ,139552,691,1207,125,209,110,5,14651,10,2347
11157,05/10/2020T11:30:00 ,139551,691,1207,125,208,111,5,14652,10,2347
11158,05/10/2020T11:40:00 ,139550,689,1206,126,207,111,5,14656,10,2344
11159,05/10/2020T11:50:00 ,139550,688,1206,125,206,111,5,14659,10,2341
11160,05/10/2020T12:00:00 ,139550,686,1205,123,208,111,5,14662,10,2338
11161,05/10/2020T12:10:00 ,139549,685,1206,121,207,111,5,14666,10,2335
11162,05/10/2020T12:20:00 ,139548,685,1204,121,207,111,5,14669,10,2333
11163,05/10/2020T12:30:00 ,139547,686,1202,121,207,111,5,14671,10,2332
11164,05/10/2020T12:40:00 ,139547,684,1199,120,208,111,5,14676,10,2327
11165,05/10/2020T12:50:00 ,139546,681,1200,121,209,111,5,14677,10,2327
11166,05/10/2020T13:00:00 ,139546,679,1199,122,209,111,5,14679,10,2325
11167,05/10/2020T13:10:00 ,139545,679,1196,122,208,111,5,14684,10,2321
11168,05/10/2020T13:20:00 ,139545,677,1193,122,208,111,5,14689,10,2316
11169,05/10/2020T13:30:00 ,139545,676,1189,122,208,111,5,14694,10,2311
11170,05/10/2020T13:40:00 ,139544,676,1189,122,208,111,5,14695,10,2311
11171,05/10/2020T13:50:00 ,139543,671,1192,121,210,111,5,14697,10,2310
11172,05/10/2020T14:00:00 ,139543,670,1189,118,212,111,5,14702,10,2305
11173,05/10/2020T14:10:00 ,139543,668,1190,118,212,109,6,14704,10,2303
11174,05/10/2020T14:20:00 ,139542,668,1191,117,212,109,6,14705,10,2303
11175,05/10/2020T14:30:00 ,139542,667,1192,117,212,109,6,14705,10,2303
11176,05/10/2020T14:40:00 ,139542,665,1194,117,211,109,6,14706,10,2302
11177,05/10/2020T14:50:00 ,139542,664,1193,117,211,109,6,14708,10,2300
11178,05/10/2020T15:00:00 ,139542,662,1193,117,211,109,6,14710,10,2298
11179,05/10/2020T15:10:00 ,139541,661,1193,116,212,109,6,14712,10,2297
11180,05/10/2020T15:20:00 ,139541,659,1193,116,212,109,6,14714,10,2295
11181,05/10/2020T15:30:00 ,139540,659,1191,116,211,109,6,14718,10,2292
11182,05/10/2020T15:40:00 ,139539,658,1189,116,212,109,6,14721,10,2290
11183,05/10/2020T15:50:00 ,139539,656,1190,114,212,109,6,14724,10,2287
11184,05/10/2020T16:00:00 ,139538,656,1189,114,212,109,6,14726,10,2286
11185,05/10/2020T16:10:00 ,139538,655,1188,114,211,109,6,14729,10,2283
11186,05/10/2020T16:20:00 ,139537,656,1185,114,210,109,6,14733,10,2280
11187,05/10/2020T16:30:00 ,139537,655,1180,114,210,109,6,14739,10,2274
11188,05/10/2020T16:40:00 ,139535,656,1178,114,211,109,6,14741,10,2274
11189,05/10/2020T16:50:00 ,139534,656,1179,114,211,109,6,14741,10,2275
11190,05/10/2020T17:00:00 ,139534,654,1179,113,211,108,6,14745,10,2271
11191,05/10/2020T17:10:00 ,139533,653,1180,114,211,108,6,14745,10,2272
11192,05/10/2020T17:20:00 ,139533,650,1181,114,212,108,6,14746,10,2271
11193,05/10/2020T17:30:00 ,139533,648,1181,114,212,108,6,14748,10,2269
11194,05/10/2020T17:40:00 ,139533,648,1177,114,212,108,6,14752,10,2265
11195,05/10/2020T17:50:00 ,139532,648,1175,113,212,109,6,14755,10,2263
11196,05/10/2020T18:00:00 ,139531,649,1174,112,213,109,6,14756,10,2263
11197,05/10/2020T18:10:00 ,139531,646,1173,114,212,109,6,14759,10,2260
11198,05/10/2020T18:20:00 ,139529,645,1173,115,210,109,6,14763,10,2258
11199,05/10/2020T18:30:00 ,139528,643,1173,115,208,109,6,14768,10,2254
11200,05/10/2020T18:40:00 ,139528,642,1171,114,209,109,6,14771,10,2251
11201,05/10/2020T18:50:00 ,139527,642,1171,113,208,110,6,14773,10,2250
11202,05/10/2020T19:00:00 ,139527,638,1171,114,207,110,6,14777,10,2246
11203,05/10/2020T19:10:00 ,139526,635,1169,116,207,110,6,14781,10,2243
11204,05/10/2020T19:20:00 ,139525,633,1170,117,206,110,6,14783,10,2242
11205,05/10/2020T19:30:00 ,139524,633,1171,117,206,110,6,14783,10,2243
11206,05/10/2020T19:40:00 ,139524,632,1170,116,207,110,6,14785,10,2241
11207,05/10/2020T19:50:00 ,139524,631,1171,116,206,110,6,14786,10,2240
11208,05/10/2020T20:00:00 ,139523,632,1169,116,205,110,6,14789,10,2238
11209,05/10/2020T20:10:00 ,139522,632,1169,116,205,110,6,14790,10,2238
11210,05/10/2020T20:20:00 ,139519,635,1166,116,205,110,6,14793,10,2238
11211,05/10/2020T20:30:00 ,139518,632,1167,117,204,110,6,14796,10,2236
11212,05/10/2020T20:40:00 ,139514,634,1167,117,203,110,6,14799,10,2237
11213,05/10/2020T20:50:00 ,139513,632,1167,117,201,109,6,14805,10,2232
11214,05/10/2020T21:00:00 ,139513,631,1165,117,201,108,6,14809,10,2228
11215,05/10/2020T21:10:00 ,139512,625,1171,115,203,108,6,14810,10,2228
11216,05/10/2020T21:20:00 ,139512,624,1169,114,204,108,6,14813,10,2225
11217,05/10/2020T21:30:00 ,139510,625,1168,113,204,108,6,14816,10,2224
11218,05/10/2020T21:40:00 ,139510,625,1167,112,204,109,6,14817,10,2223
11219,05/10/2020T21:50:00 ,139508,625,1166,113,204,109,6,14819,10,2223
11220,05/10/2020T22:00:00 ,139506,622,1168,114,204,109,6,14821,10,2223
11221,05/10/2020T22:10:00 ,139506,622,1165,114,204,109,6,14824,10,2220
11222,05/10/2020T22:20:00 ,139505,621,1165,114,204,109,6,14826,10,2219
11223,05/10/2020T22:30:00 ,139504,622,1165,114,204,109,6,14826,10,2220
11224,05/10/2020T22:40:00 ,139504,621,1163,113,203,110,6,14830,10,2216
11225,05/10/2020T22:50:00 ,139504,620,1162,113,203,110,6,14832,10,2214
11226,05/10/2020T23:00:00 ,139504,619,1163,113,203,110,6,14832,10,2214
11227,05/10/2020T23:10:00 ,139504,619,1162,113,203,110,6,14833,10,2213
11228,05/10/2020T23:20:00 ,139504,618,1161,113,204,110,6,14834,10,2212
11229,05/10/2020T23:30:00 ,139502,619,1160,113,203,110,6,14837,10,2211
11230,05/10/2020T23:40:00 ,139502,613,1164,114,203,110,6,14838,10,2210
11231,05/10/2020T23:50:00 ,139502,611,1164,114,203,110,6,14840,10,2208
11232,05/11/2020T00:00:00 ,139502,609,1163,113,204,110,6,14843,10,2205
11233,05/11/2020T00:10:00 ,139501,610,1162,113,204,110,6,14844,10,2205
11234,05/11/2020T00:20:00 ,139501,605,1164,115,204,110,6,14845,10,2204
11235,05/11/2020T00:30:00 ,139501,603,1163,115,203,110,6,14849,10,2200
11236,05/11/2020T00:40:00 ,139501,601,1164,115,202,110,6,14851,10,2198
11237,05/11/2020T00:50:00 ,139501,599,1163,115,203,110,6,14853,10,2196
11238,05/11/2020T01:00:00 ,139500,598,1163,115,202,110,6,14856,10,2194
11239,05/11/2020T01:10:00 ,139500,596,1164,116,202,110,6,14856,10,2194
11240,05/11/2020T01:20:00 ,139498,594,1167,116,202,110,6,14857,10,2195
11241,05/11/2020T01:30:00 ,139498,592,1167,115,199,110,6,14863,10,2189
11242,05/11/2020T01:40:00 ,139498,592,1165,115,199,110,6,14865,10,2187
11243,05/11/2020T01:50:00 ,139498,588,1168,115,200,110,6,14865,10,2187
11244,05/11/2020T02:00:00 ,139498,587,1168,115,200,110,6,14866,10,2186
11245,05/11/2020T02:10:00 ,139496,586,1169,116,200,110,6,14867,10,2187
11246,05/11/2020T02:20:00 ,139494,585,1167,118,200,110,6,14870,10,2186
11247,05/11/2020T02:30:00 ,139494,581,1170,118,198,110,6,14873,10,2183
11248,05/11/2020T02:40:00 ,139493,579,1171,118,198,110,6,14875,10,2182
11249,05/11/2020T02:50:00 ,139493,577,1171,117,198,110,6,14878,10,2179
11250,05/11/2020T03:00:00 ,139493,573,1169,118,199,110,6,14882,10,2175
11251,05/11/2020T03:10:00 ,139493,572,1169,119,199,110,6,14882,10,2175
11252,05/11/2020T03:20:00 ,139492,570,1171,118,200,109,7,14883,10,2175
11253,05/11/2020T03:30:00 ,139491,570,1171,117,199,109,7,14886,10,2173
11254,05/11/2020T03:40:00 ,139491,567,1170,117,200,109,7,14889,10,2170
11255,05/11/2020T03:50:00 ,139488,569,1169,117,199,109,7,14892,10,2170
11256,05/11/2020T04:00:00 ,139486,569,1170,117,198,109,7,14894,10,2170
11257,05/11/2020T04:10:00 ,139486,566,1169,118,198,109,7,14897,10,2167
11258,05/11/2020T04:20:00 ,139485,567,1168,118,195,110,7,14900,10,2165
11259,05/11/2020T04:30:00 ,139485,566,1164,118,195,110,7,14905,10,2160
11260,05/11/2020T04:40:00 ,139485,564,1165,118,195,110,7,14906,10,2159
11261,05/11/2020T04:50:00 ,139483,563,1164,118,195,110,7,14910,10,2157
11262,05/11/2020T05:00:00 ,139483,563,1162,117,196,110,7,14912,10,2155
11263,05/11/2020T05:10:00 ,139483,562,1162,117,196,110,7,14913,10,2154
11264,05/11/2020T05:20:00 ,139482,561,1164,117,196,110,7,14913,10,2155
11265,05/11/2020T05:30:00 ,139482,561,1162,115,197,110,7,14916,10,2152
11266,05/11/2020T05:40:00 ,139482,559,1163,115,196,109,7,14919,10,2149
11267,05/11/2020T05:50:00 ,139481,559,1161,115,195,109,7,14923,10,2146
11268,05/11/2020T06:00:00 ,139481,558,1162,115,195,109,7,14923,10,2146
11269,05/11/2020T06:10:00 ,139480,558,1161,114,196,109,7,14925,10,2145
11270,05/11/2020T06:20:00 ,139480,557,1159,114,196,109,7,14928,10,2142
11271,05/11/2020T06:30:00 ,139480,555,1160,115,196,109,7,14928,10,2142
11272,05/11/2020T06:40:00 ,139480,553,1160,114,196,109,7,14931,10,2139
11273,05/11/2020T06:50:00 ,139478,555,1158,114,195,109,7,14934,10,2138
11274,05/11/2020T07:00:00 ,139478,553,1159,114,195,109,7,14935,10,2137
11275,05/11/2020T07:10:00 ,139477,554,1158,114,195,109,7,14936,10,2137
11276,05/11/2020T07:20:00 ,139477,550,1162,114,195,109,7,14936,10,2137
11277,05/11/2020T07:30:00 ,139476,550,1161,113,196,109,7,14938,10,2136
11278,05/11/2020T07:40:00 ,139476,547,1163,111,198,109,7,14939,10,2135
11279,05/11/2020T07:50:00 ,139474,548,1164,111,198,109,7,14939,10,2137
11280,05/11/2020T08:00:00 ,139474,548,1163,111,197,109,7,14941,10,2135
11281,05/11/2020T08:10:00 ,139474,547,1164,111,196,109,7,14942,10,2134
11282,05/11/2020T08:20:00 ,139474,546,1162,111,196,109,7,14945,10,2131
11283,05/11/2020T08:30:00 ,139471,546,1161,112,196,109,7,14948,10,2131
11284,05/11/2020T08:40:00 ,139469,547,1159,113,195,109,7,14951,10,2130
11285,05/11/2020T08:50:00 ,139469,547,1157,112,195,109,7,14954,10,2127
11286,05/11/2020T09:00:00 ,139469,546,1154,111,196,109,7,14958,10,2123
11287,05/11/2020T09:10:00 ,139468,544,1157,111,195,109,7,14959,10,2123
11288,05/11/2020T09:20:00 ,139468,544,1156,110,196,109,7,14960,10,2122
11289,05/11/2020T09:30:00 ,139468,544,1154,110,195,109,7,14963,10,2119
11290,05/11/2020T09:40:00 ,139468,542,1152,111,195,109,7,14966,10,2116
11291,05/11/2020T09:50:00 ,139468,540,1152,111,195,109,7,14968,10,2114
11292,05/11/2020T10:00:00 ,139468,538,1154,111,195,109,7,14968,10,2114
11293,05/11/2020T10:10:00 ,139467,535,1156,111,195,109,7,14970,10,2113
11294,05/11/2020T10:20:00 ,139467,534,1156,111,194,109,7,14972,10,2111
11295,05/11/2020T10:30:00 ,139467,530,1157,112,194,109,7,14974,10,2109
11296,05/11/2020T10:40:00 ,139466,531,1156,112,194,109,7,14975,10,2109
11297,05/11/2020T10:50:00 ,139466,531,1153,112,194,109,7,14978,10,2106
11298,05/11/2020T11:00:00 ,139465,529,1153,111,195,109,7,14981,10,2104
11299,05/11/2020T11:10:00 ,139463,530,1152,111,195,109,7,14983,10,2104
11300,05/11/2020T11:20:00 ,139463,528,1150,112,195,109,7,14986,10,2101
11301,05/11/2020T11:30:00 ,139463,526,1150,112,194,109,7,14989,10,2098
11302,05/11/2020T11:40:00 ,139462,525,1148,112,193,109,7,14994,10,2094
11303,05/11/2020T11:50:00 ,139462,523,1149,112,191,109,7,14997,10,2091
11304,05/11/2020T12:00:00 ,139462,523,1145,112,190,110,7,15001,10,2087
11305,05/11/2020T12:10:00 ,139460,524,1146,112,190,110,7,15001,10,2089
11306,05/11/2020T12:20:00 ,139460,524,1143,112,189,110,7,15005,10,2085
11307,05/11/2020T12:30:00 ,139460,523,1143,112,187,110,7,15008,10,2082
11308,05/11/2020T12:40:00 ,139459,522,1143,111,187,110,7,15011,10,2080
11309,05/11/2020T12:50:00 ,139459,518,1145,110,188,110,7,15013,10,2078
11310,05/11/2020T13:00:00 ,139458,516,1145,112,188,109,7,15015,10,2077
11311,05/11/2020T13:10:00 ,139457,515,1144,112,188,109,7,15018,10,2075
11312,05/11/2020T13:20:00 ,139456,516,1141,111,188,109,7,15022,10,2072
11313,05/11/2020T13:30:00 ,139456,513,1143,111,188,109,7,15023,10,2071
11314,05/11/2020T13:40:00 ,139456,509,1145,112,188,109,7,15024,10,2070
11315,05/11/2020T13:50:00 ,139456,506,1146,111,187,109,7,15028,10,2066
11316,05/11/2020T14:00:00 ,139456,504,1148,110,188,109,7,15028,10,2066
11317,05/11/2020T14:10:00 ,139453,506,1147,111,188,109,7,15029,10,2068
11318,05/11/2020T14:20:00 ,139453,504,1147,111,188,109,7,15031,10,2066
11319,05/11/2020T14:30:00 ,139453,504,1145,110,188,109,7,15034,10,2063
11320,05/11/2020T14:40:00 ,139453,503,1146,109,188,109,7,15035,10,2062
11321,05/11/2020T14:50:00 ,139452,502,1148,109,188,108,7,15036,10,2062
11322,05/11/2020T15:00:00 ,139452,501,1149,109,188,108,7,15036,10,2062
11323,05/11/2020T15:10:00 ,139452,499,1151,108,189,108,7,15036,10,2062
11324,05/11/2020T15:20:00 ,139451,497,1152,108,187,108,7,15040,10,2059
11325,05/11/2020T15:30:00 ,139451,497,1151,108,186,108,7,15042,10,2057
11326,05/11/2020T15:40:00 ,139449,495,1149,108,187,108,7,15047,10,2054
11327,05/11/2020T15:50:00 ,139445,498,1148,109,187,108,7,15048,10,2057
11328,05/11/2020T16:00:00 ,139445,496,1150,109,187,108,7,15048,10,2057
11329,05/11/2020T16:10:00 ,139445,495,1148,109,188,108,7,15050,10,2055
11330,05/11/2020T16:20:00 ,139444,494,1146,108,190,108,7,15053,10,2053
11331,05/11/2020T16:30:00 ,139444,490,1149,106,193,108,7,15053,10,2053
11332,05/11/2020T16:40:00 ,139444,487,1152,106,193,108,7,15053,10,2053
11333,05/11/2020T16:50:00 ,139444,486,1151,105,193,108,7,15056,10,2050
11334,05/11/2020T17:00:00 ,139444,485,1149,105,194,108,7,15058,10,2048
11335,05/11/2020T17:10:00 ,139444,484,1148,105,193,108,7,15061,10,2045
11336,05/11/2020T17:20:00 ,139443,483,1147,106,193,108,7,15063,10,2044
11337,05/11/2020T17:30:00 ,139442,484,1145,105,193,108,7,15066,10,2042
11338,05/11/2020T17:40:00 ,139440,485,1145,105,192,108,7,15068,10,2042
11339,05/11/2020T17:50:00 ,139439,484,1146,104,193,108,7,15069,10,2042
11340,05/11/2020T18:00:00 ,139439,483,1146,104,193,108,7,15070,10,2041
11341,05/11/2020T18:10:00 ,139438,481,1147,104,193,109,7,15071,10,2041
11342,05/11/2020T18:20:00 ,139437,479,1147,103,193,110,7,15074,10,2039
11343,05/11/2020T18:30:00 ,139435,480,1144,103,194,110,7,15077,10,2038
11344,05/11/2020T18:40:00 ,139434,480,1142,103,194,110,7,15080,10,2036
11345,05/11/2020T18:50:00 ,139433,478,1143,102,195,110,7,15082,10,2035
11346,05/11/2020T19:00:00 ,139431,479,1143,102,194,110,7,15084,10,2035
11347,05/11/2020T19:10:00 ,139431,478,1143,102,193,110,7,15086,10,2033
11348,05/11/2020T19:20:00 ,139431,477,1143,103,193,111,6,15086,10,2033
11349,05/11/2020T19:30:00 ,139430,477,1144,103,193,111,6,15086,10,2034
11350,05/11/2020T19:40:00 ,139430,473,1148,102,193,111,6,15087,10,2033
11351,05/11/2020T19:50:00 ,139429,473,1146,102,193,111,6,15090,10,2031
11352,05/11/2020T20:00:00 ,139428,474,1146,102,193,111,6,15090,10,2032
11353,05/11/2020T20:10:00 ,139428,473,1142,102,193,111,6,15095,10,2027
11354,05/11/2020T20:20:00 ,139426,472,1143,102,194,111,6,15096,10,2028
11355,05/11/2020T20:30:00 ,139425,473,1141,102,194,111,6,15098,10,2027
11356,05/11/2020T20:40:00 ,139422,476,1140,102,194,111,6,15099,10,2029
11357,05/11/2020T20:50:00 ,139422,476,1138,102,194,111,6,15101,10,2027
11358,05/11/2020T21:00:00 ,139420,477,1138,103,193,111,6,15102,10,2028
11359,05/11/2020T21:10:00 ,139418,479,1135,103,193,111,6,15105,10,2027
11360,05/11/2020T21:20:00 ,139418,477,1135,104,192,111,6,15107,10,2025
11361,05/11/2020T21:30:00 ,139417,478,1133,104,191,111,6,15110,10,2023
11362,05/11/2020T21:40:00 ,139414,479,1132,103,192,111,6,15113,10,2023
11363,05/11/2020T21:50:00 ,139414,476,1133,104,191,111,6,15115,10,2021
11364,05/11/2020T22:00:00 ,139413,477,1131,103,191,111,6,15118,10,2019
11365,05/11/2020T22:10:00 ,139413,472,1133,104,192,111,6,15119,10,2018
11366,05/11/2020T22:20:00 ,139410,472,1134,104,192,111,6,15121,10,2019
11367,05/11/2020T22:30:00 ,139407,472,1133,104,193,111,6,15124,10,2019
11368,05/11/2020T22:40:00 ,139407,471,1133,105,193,111,6,15124,10,2019
11369,05/11/2020T22:50:00 ,139405,471,1133,105,191,111,6,15128,10,2017
11370,05/11/2020T23:00:00 ,139405,468,1133,106,191,111,6,15130,10,2015
11371,05/11/2020T23:10:00 ,139405,463,1135,108,190,111,6,15132,10,2013
11372,05/11/2020T23:20:00 ,139405,461,1136,108,190,111,6,15133,10,2012
11373,05/11/2020T23:30:00 ,139405,460,1136,108,190,111,6,15134,10,2011
11374,05/11/2020T23:40:00 ,139405,458,1137,108,191,111,6,15134,10,2011
11375,05/11/2020T23:50:00 ,139405,456,1139,108,190,111,6,15135,10,2010
11376,05/12/2020T00:00:00 ,139404,454,1140,108,191,111,6,15136,10,2010
11377,05/12/2020T00:10:00 ,139403,455,1139,108,191,111,6,15137,10,2010
11378,05/12/2020T00:20:00 ,139402,454,1140,108,190,111,6,15139,10,2009
11379,05/12/2020T00:30:00 ,139402,453,1137,108,190,111,6,15143,10,2005
11380,05/12/2020T00:40:00 ,139401,452,1138,106,192,111,6,15144,10,2005
11381,05/12/2020T00:50:00 ,139401,452,1137,106,191,111,6,15146,10,2003
11382,05/12/2020T01:00:00 ,139400,453,1137,106,190,111,6,15147,10,2003
11383,05/12/2020T01:10:00 ,139400,452,1136,106,191,110,6,15149,10,2001
11384,05/12/2020T01:20:00 ,139399,449,1139,105,192,110,6,15150,10,2001
11385,05/12/2020T01:30:00 ,139398,449,1138,105,192,110,6,15152,10,2000
11386,05/12/2020T01:40:00 ,139398,449,1136,105,192,110,6,15154,10,1998
11387,05/12/2020T01:50:00 ,139397,450,1136,105,192,110,6,15154,10,1999
11388,05/12/2020T02:00:00 ,139395,450,1136,105,192,110,6,15156,10,1999
11389,05/12/2020T02:10:00 ,139395,448,1137,105,191,110,6,15158,10,1997
11390,05/12/2020T02:20:00 ,139395,444,1136,107,191,110,6,15161,10,1994
11391,05/12/2020T02:30:00 ,139395,444,1136,107,190,110,6,15162,10,1993
11392,05/12/2020T02:40:00 ,139395,442,1136,107,189,111,5,15165,10,1990
11393,05/12/2020T02:50:00 ,139395,440,1138,107,187,111,5,15167,10,1988
11394,05/12/2020T03:00:00 ,139395,439,1137,108,187,111,5,15168,10,1987
11395,05/12/2020T03:10:00 ,139395,437,1136,107,188,111,5,15171,10,1984
11396,05/12/2020T03:20:00 ,139395,435,1137,107,188,110,5,15173,10,1982
11397,05/12/2020T03:30:00 ,139393,436,1135,107,188,110,5,15176,10,1981
11398,05/12/2020T03:40:00 ,139392,435,1137,106,186,110,5,15179,10,1979
11399,05/12/2020T03:50:00 ,139391,435,1137,106,186,110,5,15180,10,1979
11400,05/12/2020T04:00:00 ,139391,433,1136,106,186,110,5,15183,10,1976
11401,05/12/2020T04:10:00 ,139391,430,1137,108,185,110,5,15184,10,1975
11402,05/12/2020T04:20:00 ,139390,431,1134,107,186,110,5,15187,10,1973
11403,05/12/2020T04:30:00 ,139390,431,1132,107,185,111,5,15189,10,1971
11404,05/12/2020T04:40:00 ,139390,431,1125,106,186,111,5,15196,10,1964
11405,05/12/2020T04:50:00 ,139389,431,1121,106,185,111,5,15202,10,1959
11406,05/12/2020T05:00:00 ,139389,429,1122,106,185,111,5,15203,10,1958
11407,05/12/2020T05:10:00 ,139389,428,1122,106,183,111,5,15206,10,1955
11408,05/12/2020T05:20:00 ,139389,427,1120,106,181,111,5,15211,10,1950
11409,05/12/2020T05:30:00 ,139389,425,1120,105,181,111,5,15214,10,1947
11410,05/12/2020T05:40:00 ,139389,422,1122,106,181,111,5,15214,10,1947
11411,05/12/2020T05:50:00 ,139389,420,1122,107,181,111,5,15215,10,1946
11412,05/12/2020T06:00:00 ,139389,419,1121,108,180,110,5,15218,10,1943
11413,05/12/2020T06:10:00 ,139389,418,1121,106,182,110,5,15219,10,1942
11414,05/12/2020T06:20:00 ,139388,418,1120,107,181,109,5,15222,10,1940
11415,05/12/2020T06:30:00 ,139387,418,1119,107,181,108,5,15225,10,1938
11416,05/12/2020T06:40:00 ,139387,417,1118,106,182,108,5,15227,10,1936
11417,05/12/2020T06:50:00 ,139385,419,1116,106,181,108,5,15230,10,1935
11418,05/12/2020T07:00:00 ,139384,419,1115,106,181,108,5,15232,10,1934
11419,05/12/2020T07:10:00 ,139383,419,1114,106,181,108,5,15234,10,1933
11420,05/12/2020T07:20:00 ,139380,422,1112,105,182,108,5,15236,10,1934
11421,05/12/2020T07:30:00 ,139380,420,1112,105,182,108,5,15238,10,1932
11422,05/12/2020T07:40:00 ,139380,417,1113,107,181,108,5,15239,10,1931
11423,05/12/2020T07:50:00 ,139379,417,1112,108,181,108,5,15240,10,1931
11424,05/12/2020T08:00:00 ,139374,420,1112,108,181,108,5,15242,10,1934
11425,05/12/2020T08:10:00 ,139373,421,1110,108,178,108,5,15247,10,1930
11426,05/12/2020T08:20:00 ,139371,421,1110,108,178,108,5,15249,10,1930
11427,05/12/2020T08:30:00 ,139368,423,1109,108,177,108,5,15252,10,1930
11428,05/12/2020T08:40:00 ,139367,422,1107,108,177,108,5,15256,10,1927
11429,05/12/2020T08:50:00 ,139365,424,1107,108,176,108,5,15257,10,1928
11430,05/12/2020T09:00:00 ,139365,423,1107,108,173,109,5,15260,10,1925
11431,05/12/2020T09:10:00 ,139361,426,1107,107,173,109,5,15262,10,1927
11432,05/12/2020T09:20:00 ,139357,430,1105,106,173,110,5,15264,10,1929
11433,05/12/2020T09:30:00 ,139353,428,1108,108,173,110,5,15265,10,1932
11434,05/12/2020T09:40:00 ,139349,429,1111,107,174,110,5,15265,10,1936
11435,05/12/2020T09:50:00 ,139343,434,1111,107,174,110,5,15266,10,1941
11436,05/12/2020T10:00:00 ,139338,438,1111,107,174,110,5,15267,10,1945
11437,05/12/2020T10:10:00 ,139330,446,1109,107,174,110,5,15269,10,1951
11438,05/12/2020T10:20:00 ,139323,452,1110,107,174,110,5,15269,10,1958
11439,05/12/2020T10:30:00 ,139315,458,1109,106,176,110,5,15271,10,1964
11440,05/12/2020T10:40:00 ,139304,469,1106,106,176,110,5,15274,10,1972
11441,05/12/2020T10:50:00 ,139298,475,1101,106,176,110,5,15279,10,1973
11442,05/12/2020T11:00:00 ,139289,481,1101,107,176,110,5,15281,10,1980
11443,05/12/2020T11:10:00 ,139281,488,1101,107,176,110,5,15282,10,1987
11444,05/12/2020T11:20:00 ,139277,491,1102,107,176,110,5,15282,10,1991
11445,05/12/2020T11:30:00 ,139274,494,1098,107,176,110,5,15286,10,1990
11446,05/12/2020T11:40:00 ,139272,495,1097,107,176,110,5,15288,10,1990
11447,05/12/2020T11:50:00 ,139268,497,1098,107,175,110,5,15290,10,1992
11448,05/12/2020T12:00:00 ,139262,502,1098,107,175,110,5,15291,10,1997
11449,05/12/2020T12:10:00 ,139258,505,1098,106,176,110,5,15292,10,2000
11450,05/12/2020T12:20:00 ,139256,505,1099,106,175,110,5,15294,10,2000
11451,05/12/2020T12:30:00 ,139253,507,1098,106,175,109,5,15297,10,2000
11452,05/12/2020T12:40:00 ,139251,506,1097,106,175,109,5,15301,10,1998
11453,05/12/2020T12:50:00 ,139247,510,1093,106,174,109,5,15306,10,1997
11454,05/12/2020T13:00:00 ,139241,515,1093,107,173,109,5,15307,10,2002
11455,05/12/2020T13:10:00 ,139239,516,1094,106,173,109,5,15308,10,2003
11456,05/12/2020T13:20:00 ,139231,522,1094,108,173,109,5,15308,10,2011
11457,05/12/2020T13:30:00 ,139229,524,1092,107,174,109,5,15310,10,2011
11458,05/12/2020T13:40:00 ,139225,527,1093,107,174,109,5,15310,10,2015
11459,05/12/2020T13:50:00 ,139222,529,1093,106,175,109,5,15311,10,2017
11460,05/12/2020T14:00:00 ,139217,532,1092,106,176,109,5,15313,10,2020
11461,05/12/2020T14:10:00 ,139209,537,1094,106,175,109,5,15315,10,2026
11462,05/12/2020T14:20:00 ,139207,538,1093,106,175,109,5,15317,10,2026
11463,05/12/2020T14:30:00 ,139203,541,1094,105,175,109,4,15319,10,2028
11464,05/12/2020T14:40:00 ,139197,547,1090,105,175,109,4,15323,10,2030
11465,05/12/2020T14:50:00 ,139193,548,1090,106,175,108,4,15326,10,2031
11466,05/12/2020T15:00:00 ,139189,552,1089,106,175,108,4,15327,10,2034
11467,05/12/2020T15:10:00 ,139183,557,1089,105,175,108,4,15329,10,2038
11468,05/12/2020T15:20:00 ,139181,559,1086,105,175,108,4,15332,10,2037
11469,05/12/2020T15:30:00 ,139177,563,1084,105,175,108,4,15334,10,2039
11470,05/12/2020T15:40:00 ,139176,563,1084,105,174,108,4,15336,10,2038
11471,05/12/2020T15:50:00 ,139174,564,1085,104,174,108,4,15337,10,2039
11472,05/12/2020T16:00:00 ,139169,568,1084,104,174,108,4,15339,10,2042
11473,05/12/2020T16:10:00 ,139167,568,1084,103,175,108,4,15341,10,2042
11474,05/12/2020T16:20:00 ,139162,571,1084,103,175,108,4,15343,10,2045
11475,05/12/2020T16:30:00 ,139159,573,1083,103,175,108,4,15345,10,2046
11476,05/12/2020T16:40:00 ,139157,575,1082,103,174,108,4,15347,10,2046
11477,05/12/2020T16:50:00 ,139155,576,1082,102,175,108,4,15348,10,2047
11478,05/12/2020T17:00:00 ,139151,577,1083,104,174,108,4,15349,10,2050
11479,05/12/2020T17:10:00 ,139148,579,1082,105,174,108,4,15350,10,2052
11480,05/12/2020T17:20:00 ,139147,579,1081,103,176,108,4,15352,10,2051
11481,05/12/2020T17:30:00 ,139147,578,1076,103,175,108,4,15359,10,2044
11482,05/12/2020T17:40:00 ,139146,577,1075,103,174,108,4,15363,10,2041
11483,05/12/2020T17:50:00 ,139145,576,1071,104,174,108,4,15368,10,2037
11484,05/12/2020T18:00:00 ,139145,576,1069,103,174,108,4,15371,10,2034
11485,05/12/2020T18:10:00 ,139144,576,1069,101,175,109,4,15372,10,2034
11486,05/12/2020T18:20:00 ,139144,575,1068,101,174,109,4,15375,10,2031
11487,05/12/2020T18:30:00 ,139143,576,1068,101,173,109,4,15376,10,2031
11488,05/12/2020T18:40:00 ,139143,576,1067,101,173,109,4,15377,10,2030
11489,05/12/2020T18:50:00 ,139142,577,1067,101,173,109,4,15377,10,2031
11490,05/12/2020T19:00:00 ,139142,576,1064,101,172,109,4,15382,10,2026
11491,05/12/2020T19:10:00 ,139142,575,1062,99,173,109,4,15386,10,2022
11492,05/12/2020T19:20:00 ,139142,574,1063,99,173,109,4,15386,10,2022
11493,05/12/2020T19:30:00 ,139142,573,1062,99,173,109,4,15388,10,2020
11494,05/12/2020T19:40:00 ,139141,572,1062,99,172,109,4,15391,10,2018
11495,05/12/2020T19:50:00 ,139139,573,1060,98,172,110,4,15394,10,2017
11496,05/12/2020T20:00:00 ,139138,573,1060,98,172,110,4,15395,10,2017
11497,05/12/2020T20:10:00 ,139138,573,1058,98,172,111,3,15397,10,2015
11498,05/12/2020T20:20:00 ,139138,572,1056,98,172,111,3,15400,10,2012
11499,05/12/2020T20:30:00 ,139138,572,1054,98,172,111,3,15402,10,2010
11500,05/12/2020T20:40:00 ,139137,573,1053,98,172,111,3,15403,10,2010
11501,05/12/2020T20:50:00 ,139136,573,1053,98,172,111,3,15404,10,2010
11502,05/12/2020T21:00:00 ,139136,570,1053,99,171,111,3,15407,10,2007
11503,05/12/2020T21:10:00 ,139136,570,1051,99,171,111,3,15409,10,2005
11504,05/12/2020T21:20:00 ,139136,567,1051,99,171,111,3,15412,10,2002
11505,05/12/2020T21:30:00 ,139136,563,1054,99,172,111,3,15412,10,2002
11506,05/12/2020T21:40:00 ,139136,562,1052,99,172,111,3,15415,10,1999
11507,05/12/2020T21:50:00 ,139136,562,1049,99,172,111,3,15418,10,1996
11508,05/12/2020T22:00:00 ,139135,562,1048,99,172,111,3,15420,10,1995
11509,05/12/2020T22:10:00 ,139135,560,1048,99,172,111,3,15422,10,1993
11510,05/12/2020T22:20:00 ,139135,560,1045,99,172,111,3,15425,10,1990
11511,05/12/2020T22:30:00 ,139135,558,1045,99,172,111,3,15427,10,1988
11512,05/12/2020T22:40:00 ,139135,558,1042,99,171,111,3,15431,10,1984
11513,05/12/2020T22:50:00 ,139135,554,1044,100,169,111,3,15434,10,1981
11514,05/12/2020T23:00:00 ,139134,554,1043,100,169,111,3,15436,10,1980
11515,05/12/2020T23:10:00 ,139134,551,1045,100,169,111,3,15437,10,1979
11516,05/12/2020T23:20:00 ,139134,550,1044,100,168,111,3,15440,10,1976
11517,05/12/2020T23:30:00 ,139133,551,1044,100,168,111,3,15440,10,1977
11518,05/12/2020T23:40:00 ,139133,551,1042,100,167,111,3,15443,10,1974
11519,05/12/2020T23:50:00 ,139133,550,1041,100,166,111,3,15446,10,1971
11520,05/13/2020T00:00:00 ,139133,549,1042,99,167,111,3,15446,10,1971
11521,05/13/2020T00:10:00 ,139132,547,1043,97,169,111,3,15448,10,1970
11522,05/13/2020T00:20:00 ,139132,546,1044,95,170,111,3,15449,10,1969
11523,05/13/2020T00:30:00 ,139131,547,1042,95,169,111,3,15452,10,1967
11524,05/13/2020T00:40:00 ,139131,546,1041,94,169,111,3,15455,10,1964
11525,05/13/2020T00:50:00 ,139131,545,1041,94,169,111,3,15456,10,1963
11526,05/13/2020T01:00:00 ,139130,544,1041,95,168,111,3,15458,10,1962
11527,05/13/2020T01:10:00 ,139130,544,1039,95,167,110,3,15462,10,1958
11528,05/13/2020T01:20:00 ,139130,544,1039,95,167,110,3,15462,10,1958
11529,05/13/2020T01:30:00 ,139130,543,1036,94,168,110,3,15466,10,1954
11530,05/13/2020T01:40:00 ,139130,543,1034,93,169,110,3,15468,10,1952
11531,05/13/2020T01:50:00 ,139130,541,1030,93,167,109,3,15477,10,1943
11532,05/13/2020T02:00:00 ,139129,541,1031,93,166,109,3,15478,10,1943
11533,05/13/2020T02:10:00 ,139128,542,1031,93,166,109,3,15478,10,1944
11534,05/13/2020T02:20:00 ,139128,542,1027,91,168,109,3,15482,10,1940
11535,05/13/2020T02:30:00 ,139128,541,1027,91,168,109,3,15483,10,1939
11536,05/13/2020T02:40:00 ,139128,540,1026,90,169,109,3,15485,10,1937
11537,05/13/2020T02:50:00 ,139127,540,1027,90,168,109,3,15486,10,1937
11538,05/13/2020T03:00:00 ,139126,540,1026,89,167,109,3,15490,10,1934
11539,05/13/2020T03:10:00 ,139126,540,1023,87,168,109,3,15494,10,1930
11540,05/13/2020T03:20:00 ,139126,539,1023,87,166,108,3,15498,10,1926
11541,05/13/2020T03:30:00 ,139126,538,1022,87,166,108,3,15500,10,1924
11542,05/13/2020T03:40:00 ,139126,538,1022,86,166,109,2,15501,10,1923
11543,05/13/2020T03:50:00 ,139125,538,1021,86,167,109,2,15502,10,1923
11544,05/13/2020T04:00:00 ,139124,539,1018,85,167,109,2,15506,10,1920
11545,05/13/2020T04:10:00 ,139124,539,1018,85,167,108,2,15507,10,1919
11546,05/13/2020T04:20:00 ,139123,540,1017,85,166,108,2,15509,10,1918
11547,05/13/2020T04:30:00 ,139122,540,1016,84,167,108,2,15511,10,1917
11548,05/13/2020T04:40:00 ,139121,540,1017,84,167,108,2,15511,10,1918
11549,05/13/2020T04:50:00 ,139121,538,1016,84,167,108,2,15514,10,1915
11550,05/13/2020T05:00:00 ,139120,538,1017,84,167,108,2,15514,10,1916
11551,05/13/2020T05:10:00 ,139120,537,1015,85,167,108,2,15516,10,1914
11552,05/13/2020T05:20:00 ,139120,535,1014,84,167,108,2,15520,10,1910
11553,05/13/2020T05:30:00 ,139117,538,1013,84,167,108,2,15521,10,1912
11554,05/13/2020T05:40:00 ,139117,538,1012,84,167,108,2,15522,10,1911
11555,05/13/2020T05:50:00 ,139117,537,1011,84,167,108,2,15524,10,1909
11556,05/13/2020T06:00:00 ,139117,537,1011,84,166,108,2,15525,10,1908
11557,05/13/2020T06:10:00 ,139117,536,1010,83,167,108,2,15527,10,1906
11558,05/13/2020T06:20:00 ,139115,538,1007,83,167,108,2,15530,10,1905
11559,05/13/2020T06:30:00 ,139114,537,1008,82,168,108,2,15531,10,1905
11560,05/13/2020T06:40:00 ,139114,534,1009,83,168,107,2,15533,10,1903
11561,05/13/2020T06:50:00 ,139114,532,1009,83,169,107,2,15534,10,1902
11562,05/13/2020T07:00:00 ,139114,530,1008,82,169,107,2,15538,10,1898
11563,05/13/2020T07:10:00 ,139113,530,1009,82,169,107,2,15538,10,1899
11564,05/13/2020T07:20:00 ,139112,530,1009,82,169,107,2,15539,10,1899
11565,05/13/2020T07:30:00 ,139111,530,1008,82,168,107,2,15542,10,1897
11566,05/13/2020T07:40:00 ,139109,532,1005,81,168,107,2,15546,10,1895
11567,05/13/2020T07:50:00 ,139106,534,1005,80,169,107,2,15547,10,1897
11568,05/13/2020T08:00:00 ,139106,534,1001,80,168,107,2,15552,10,1892
11569,05/13/2020T08:10:00 ,139106,531,1000,81,168,107,2,15555,10,1889
11570,05/13/2020T08:20:00 ,139103,532,1000,81,168,107,2,15557,10,1890
11571,05/13/2020T08:30:00 ,139098,536,999,81,168,107,2,15559,10,1893
11572,05/13/2020T08:40:00 ,139098,536,998,81,168,107,2,15560,10,1892
11573,05/13/2020T08:50:00 ,139095,537,995,80,170,107,2,15564,10,1891
11574,05/13/2020T09:00:00 ,139094,538,994,80,170,107,2,15565,10,1891
11575,05/13/2020T09:10:00 ,139091,541,993,80,170,107,2,15566,10,1893
11576,05/13/2020T09:20:00 ,139089,542,994,80,169,107,2,15567,10,1894
11577,05/13/2020T09:30:00 ,139087,540,996,81,169,107,2,15568,10,1895
11578,05/13/2020T09:40:00 ,139085,541,997,81,168,107,2,15569,10,1896
11579,05/13/2020T09:50:00 ,139080,545,995,82,168,106,2,15572,10,1898
11580,05/13/2020T10:00:00 ,139075,549,991,82,168,106,2,15577,10,1898
11581,05/13/2020T10:10:00 ,139072,552,988,81,169,106,2,15580,10,1898
11582,05/13/2020T10:20:00 ,139070,553,987,81,169,106,2,15582,10,1898
11583,05/13/2020T10:30:00 ,139067,555,983,82,169,106,2,15586,10,1897
11584,05/13/2020T10:40:00 ,139064,558,981,82,168,106,2,15589,10,1897
11585,05/13/2020T10:50:00 ,139060,561,981,81,168,107,2,15590,10,1900
11586,05/13/2020T11:00:00 ,139056,564,975,82,167,107,2,15597,10,1897
11587,05/13/2020T11:10:00 ,139052,566,976,82,167,107,2,15598,10,1900
11588,05/13/2020T11:20:00 ,139047,570,976,82,166,107,2,15600,10,1903
11589,05/13/2020T11:30:00 ,139044,572,975,82,166,107,2,15602,10,1904
11590,05/13/2020T11:40:00 ,139039,575,976,82,166,107,2,15603,10,1908
11591,05/13/2020T11:50:00 ,139037,577,975,82,164,107,2,15606,10,1907
11592,05/13/2020T12:00:00 ,139032,582,971,80,166,107,2,15610,10,1908
11593,05/13/2020T12:10:00 ,139026,588,971,80,166,107,2,15610,10,1914
11594,05/13/2020T12:20:00 ,139023,590,970,81,166,107,2,15611,10,1916
11595,05/13/2020T12:30:00 ,139022,589,972,81,166,107,2,15611,10,1917
11596,05/13/2020T12:40:00 ,139018,593,971,81,166,107,2,15612,10,1920
11597,05/13/2020T12:50:00 ,139016,595,970,81,165,107,2,15614,10,1920
11598,05/13/2020T13:00:00 ,139016,595,968,80,166,107,2,15616,10,1918
11599,05/13/2020T13:10:00 ,139014,595,969,81,166,107,2,15616,10,1920
11600,05/13/2020T13:20:00 ,139012,595,969,81,167,107,2,15617,10,1921
11601,05/13/2020T13:30:00 ,139011,593,966,82,167,107,2,15622,10,1917
11602,05/13/2020T13:40:00 ,139009,594,965,82,167,107,2,15624,10,1917
11603,05/13/2020T13:50:00 ,139007,593,966,81,168,106,2,15627,10,1916
11604,05/13/2020T14:00:00 ,139002,597,967,79,170,106,2,15627,10,1921
11605,05/13/2020T14:10:00 ,138999,600,966,79,170,106,2,15628,10,1923
11606,05/13/2020T14:20:00 ,138997,601,966,79,169,106,2,15630,10,1923
11607,05/13/2020T14:30:00 ,138996,600,966,79,169,106,2,15632,10,1922
11608,05/13/2020T14:40:00 ,138996,597,969,79,169,106,2,15632,10,1922
11609,05/13/2020T14:50:00 ,138995,598,967,78,170,106,2,15634,10,1921
11610,05/13/2020T15:00:00 ,138991,602,966,78,168,106,2,15637,10,1922
11611,05/13/2020T15:10:00 ,138991,601,966,78,167,107,2,15638,10,1921
11612,05/13/2020T15:20:00 ,138987,604,966,77,168,107,2,15639,10,1924
11613,05/13/2020T15:30:00 ,138984,606,965,77,168,107,2,15641,10,1925
11614,05/13/2020T15:40:00 ,138982,607,964,76,169,107,2,15643,10,1925
11615,05/13/2020T15:50:00 ,138979,609,960,76,167,108,2,15649,10,1922
11616,05/13/2020T16:00:00 ,138978,607,963,75,168,108,2,15649,10,1923
11617,05/13/2020T16:10:00 ,138971,614,962,75,168,108,2,15650,10,1929
11618,05/13/2020T16:20:00 ,138968,616,962,75,167,108,2,15652,10,1930
11619,05/13/2020T16:30:00 ,138961,623,959,74,168,108,2,15655,10,1934
11620,05/13/2020T16:40:00 ,138959,623,961,74,167,108,2,15656,10,1935
11621,05/13/2020T16:50:00 ,138958,622,960,74,165,109,2,15660,10,1932
11622,05/13/2020T17:00:00 ,138956,624,958,74,165,109,2,15662,10,1932
11623,05/13/2020T17:10:00 ,138955,625,955,74,165,109,2,15665,10,1930
11624,05/13/2020T17:20:00 ,138955,624,953,74,165,109,2,15668,10,1927
11625,05/13/2020T17:30:00 ,138954,625,953,74,164,109,2,15669,10,1927
11626,05/13/2020T17:40:00 ,138953,624,952,75,164,109,2,15671,10,1926
11627,05/13/2020T17:50:00 ,138953,624,949,75,164,109,2,15674,10,1923
11628,05/13/2020T18:00:00 ,138953,623,949,74,164,109,2,15676,10,1921
11629,05/13/2020T18:10:00 ,138952,624,947,71,167,109,2,15678,10,1920
11630,05/13/2020T18:20:00 ,138951,624,948,71,167,109,2,15678,10,1921
11631,05/13/2020T18:30:00 ,138949,624,947,71,167,108,3,15681,10,1920
11632,05/13/2020T18:40:00 ,138948,625,945,71,167,108,3,15683,10,1919
11633,05/13/2020T18:50:00 ,138948,625,941,68,168,108,3,15689,10,1913
11634,05/13/2020T19:00:00 ,138948,623,943,68,167,108,3,15690,10,1912
11635,05/13/2020T19:10:00 ,138947,623,944,67,168,108,3,15690,10,1913
11636,05/13/2020T19:20:00 ,138947,622,944,67,168,108,3,15691,10,1912
11637,05/13/2020T19:30:00 ,138947,621,944,67,168,107,3,15693,10,1910
11638,05/13/2020T19:40:00 ,138947,619,945,67,168,107,3,15694,10,1909
11639,05/13/2020T19:50:00 ,138947,617,945,66,168,107,3,15697,10,1906
11640,05/13/2020T20:00:00 ,138947,615,947,66,167,108,3,15697,10,1906
11641,05/13/2020T20:10:00 ,138947,614,945,65,167,108,3,15701,10,1902
11642,05/13/2020T20:20:00 ,138947,613,944,65,167,108,3,15703,10,1900
11643,05/13/2020T20:30:00 ,138947,612,945,65,167,108,3,15703,10,1900
11644,05/13/2020T20:40:00 ,138947,611,945,65,167,108,3,15704,10,1899
11645,05/13/2020T20:50:00 ,138947,610,945,65,167,107,3,15706,10,1897
11646,05/13/2020T21:00:00 ,138947,610,943,65,167,107,3,15708,10,1895
11647,05/13/2020T21:10:00 ,138947,608,944,65,166,107,3,15710,10,1893
11648,05/13/2020T21:20:00 ,138947,608,942,65,165,107,3,15713,10,1890
11649,05/13/2020T21:30:00 ,138947,608,940,65,165,107,3,15715,10,1888
11650,05/13/2020T21:40:00 ,138947,604,943,65,165,107,3,15716,10,1887
11651,05/13/2020T21:50:00 ,138946,602,943,67,164,107,3,15718,10,1886
11652,05/13/2020T22:00:00 ,138946,597,946,68,164,107,3,15719,10,1885
11653,05/13/2020T22:10:00 ,138945,597,943,67,165,107,3,15723,10,1882
11654,05/13/2020T22:20:00 ,138945,596,943,67,164,107,3,15725,10,1880
11655,05/13/2020T22:30:00 ,138944,596,941,68,164,107,3,15727,10,1879
11656,05/13/2020T22:40:00 ,138944,595,941,68,164,107,3,15728,10,1878
11657,05/13/2020T22:50:00 ,138944,593,939,69,164,107,3,15731,10,1875
11658,05/13/2020T23:00:00 ,138944,591,938,69,162,106,4,15736,10,1870
11659,05/13/2020T23:10:00 ,138944,590,936,70,162,106,4,15738,10,1868
11660,05/13/2020T23:20:00 ,138944,589,935,70,162,106,4,15740,10,1866
11661,05/13/2020T23:30:00 ,138944,586,935,71,162,106,4,15742,10,1864
11662,05/13/2020T23:40:00 ,138944,586,931,70,162,106,4,15747,10,1859
11663,05/13/2020T23:50:00 ,138944,586,928,69,163,106,4,15750,10,1856
11664,05/14/2020T00:00:00 ,138943,587,926,68,164,106,4,15752,10,1855
11665,05/14/2020T00:10:00 ,138943,584,927,69,163,106,4,15754,10,1853
11666,05/14/2020T00:20:00 ,138942,584,926,69,162,106,4,15757,10,1851
11667,05/14/2020T00:30:00 ,138940,585,925,67,164,106,4,15759,10,1851
11668,05/14/2020T00:40:00 ,138940,584,924,67,163,106,4,15762,10,1848
11669,05/14/2020T00:50:00 ,138940,582,921,68,163,106,4,15766,10,1844
11670,05/14/2020T01:00:00 ,138940,582,920,68,163,106,4,15767,10,1843
11671,05/14/2020T01:10:00 ,138940,580,921,68,162,106,4,15769,10,1841
11672,05/14/2020T01:20:00 ,138940,578,920,67,163,106,4,15772,10,1838
11673,05/14/2020T01:30:00 ,138940,576,919,67,162,106,4,15776,10,1834
11674,05/14/2020T01:40:00 ,138940,575,920,67,162,106,4,15776,10,1834
11675,05/14/2020T01:50:00 ,138940,574,919,66,163,105,4,15779,10,1831
11676,05/14/2020T02:00:00 ,138939,575,918,66,163,105,4,15780,10,1831
11677,05/14/2020T02:10:00 ,138939,573,919,67,163,105,4,15780,10,1831
11678,05/14/2020T02:20:00 ,138939,573,919,67,163,105,4,15780,10,1831
11679,05/14/2020T02:30:00 ,138939,571,920,67,163,105,4,15781,10,1830
11680,05/14/2020T02:40:00 ,138939,568,920,67,163,105,4,15784,10,1827
11681,05/14/2020T02:50:00 ,138939,566,920,67,162,104,4,15788,10,1823
11682,05/14/2020T03:00:00 ,138939,566,919,66,163,102,4,15791,10,1820
11683,05/14/2020T03:10:00 ,138939,566,915,66,163,102,4,15795,10,1816
11684,05/14/2020T03:20:00 ,138939,565,916,66,162,102,4,15796,10,1815
11685,05/14/2020T03:30:00 ,138938,564,914,68,162,102,4,15798,10,1814
11686,05/14/2020T03:40:00 ,138937,564,914,68,162,102,4,15799,10,1814
11687,05/14/2020T03:50:00 ,138937,562,913,68,162,102,4,15802,10,1811
11688,05/14/2020T04:00:00 ,138937,558,915,69,161,102,4,15804,10,1809
11689,05/14/2020T04:10:00 ,138937,556,915,69,161,102,4,15806,10,1807
11690,05/14/2020T04:20:00 ,138937,555,914,69,162,102,4,15807,10,1806
11691,05/14/2020T04:30:00 ,138936,554,913,70,162,102,4,15809,10,1805
11692,05/14/2020T04:40:00 ,138935,555,911,70,162,102,4,15811,10,1804
11693,05/14/2020T04:50:00 ,138934,555,907,70,162,102,4,15816,10,1800
11694,05/14/2020T05:00:00 ,138934,554,907,69,163,102,4,15817,10,1799
11695,05/14/2020T05:10:00 ,138934,553,906,67,165,102,4,15819,10,1797
11696,05/14/2020T05:20:00 ,138934,552,906,67,165,102,4,15820,10,1796
11697,05/14/2020T05:30:00 ,138934,549,909,67,165,102,4,15820,10,1796
11698,05/14/2020T05:40:00 ,138934,549,909,67,165,102,4,15820,10,1796
11699,05/14/2020T05:50:00 ,138934,548,909,67,165,102,4,15821,10,1795
11700,05/14/2020T06:00:00 ,138932,545,913,68,165,102,4,15821,10,1797
11701,05/14/2020T06:10:00 ,138932,545,909,68,165,102,4,15825,10,1793
11702,05/14/2020T06:20:00 ,138932,544,907,67,166,102,4,15828,10,1790
11703,05/14/2020T06:30:00 ,138931,544,906,66,166,102,4,15831,10,1788
11704,05/14/2020T06:40:00 ,138931,541,907,66,165,103,4,15833,10,1786
11705,05/14/2020T06:50:00 ,138931,539,909,66,165,103,4,15833,10,1786
11706,05/14/2020T07:00:00 ,138931,538,909,66,165,103,4,15834,10,1785
11707,05/14/2020T07:10:00 ,138930,538,909,65,166,103,4,15835,10,1785
11708,05/14/2020T07:20:00 ,138930,538,909,65,166,103,4,15835,10,1785
11709,05/14/2020T07:30:00 ,138930,536,910,65,166,103,4,15836,10,1784
11710,05/14/2020T07:40:00 ,138930,534,911,66,166,103,4,15836,10,1784
11711,05/14/2020T07:50:00 ,138929,535,910,66,165,103,4,15838,10,1783
11712,05/14/2020T08:00:00 ,138928,535,908,66,165,103,4,15841,10,1781
11713,05/14/2020T08:10:00 ,138925,538,908,65,166,103,4,15841,10,1784
11714,05/14/2020T08:20:00 ,138922,537,906,67,165,103,4,15846,10,1782
11715,05/14/2020T08:30:00 ,138919,539,905,66,165,103,4,15849,10,1782
11716,05/14/2020T08:40:00 ,138919,537,904,66,165,103,4,15852,10,1779
11717,05/14/2020T08:50:00 ,138918,537,901,66,166,103,4,15855,10,1777
11718,05/14/2020T09:00:00 ,138916,539,900,66,165,103,4,15857,10,1777
11719,05/14/2020T09:10:00 ,138914,537,903,67,165,103,4,15857,10,1779
11720,05/14/2020T09:20:00 ,138911,538,905,67,164,103,4,15858,10,1781
11721,05/14/2020T09:30:00 ,138905,543,903,68,164,102,4,15861,10,1784
11722,05/14/2020T09:40:00 ,138905,543,903,68,164,102,4,15861,10,1784
11723,05/14/2020T09:50:00 ,138900,545,902,69,164,102,4,15864,10,1786
11724,05/14/2020T10:00:00 ,138894,551,902,69,164,102,4,15864,10,1792
11725,05/14/2020T10:10:00 ,138889,555,902,69,164,102,4,15865,10,1796
11726,05/14/2020T10:20:00 ,138886,556,903,69,165,102,4,15865,10,1799
11727,05/14/2020T10:30:00 ,138883,558,903,70,163,102,4,15867,10,1800
11728,05/14/2020T10:40:00 ,138880,557,905,68,164,103,4,15869,10,1801
11729,05/14/2020T10:50:00 ,138878,559,902,68,164,103,4,15872,10,1800
11730,05/14/2020T11:00:00 ,138874,563,901,68,163,103,4,15874,10,1802
11731,05/14/2020T11:10:00 ,138872,561,904,67,164,103,4,15875,10,1803
11732,05/14/2020T11:20:00 ,138869,564,902,67,163,103,4,15878,10,1803
11733,05/14/2020T11:30:00 ,138868,562,904,67,163,102,4,15880,10,1802
11734,05/14/2020T11:40:00 ,138865,564,903,65,165,102,4,15882,10,1803
11735,05/14/2020T11:50:00 ,138863,566,902,65,165,102,4,15883,10,1804
11736,05/14/2020T12:00:00 ,138859,570,902,65,165,101,4,15884,10,1807
11737,05/14/2020T12:10:00 ,138854,574,900,65,165,101,4,15887,10,1809
11738,05/14/2020T12:20:00 ,138850,576,901,66,164,100,5,15888,10,1812
11739,05/14/2020T12:30:00 ,138850,574,903,66,163,100,5,15889,10,1811
11740,05/14/2020T12:40:00 ,138849,574,903,66,163,100,5,15890,10,1811
11741,05/14/2020T12:50:00 ,138847,574,905,66,162,100,5,15891,10,1812
11742,05/14/2020T13:00:00 ,138845,574,907,66,162,100,5,15891,10,1814
11743,05/14/2020T13:10:00 ,138844,574,907,66,161,100,5,15893,10,1813
11744,05/14/2020T13:20:00 ,138843,574,907,66,161,100,5,15894,10,1813
11745,05/14/2020T13:30:00 ,138838,577,908,66,161,100,5,15895,10,1817
11746,05/14/2020T13:40:00 ,138835,580,906,66,161,100,5,15897,10,1818
11747,05/14/2020T13:50:00 ,138834,581,906,66,160,100,5,15898,10,1818
11748,05/14/2020T14:00:00 ,138832,579,909,67,160,100,5,15898,10,1820
11749,05/14/2020T14:10:00 ,138829,582,908,67,158,100,5,15901,10,1820
11750,05/14/2020T14:20:00 ,138825,586,906,66,159,100,5,15903,10,1822
11751,05/14/2020T14:30:00 ,138824,587,903,66,159,100,5,15906,10,1820
11752,05/14/2020T14:40:00 ,138824,586,902,66,158,100,5,15909,10,1817
11753,05/14/2020T14:50:00 ,138821,589,900,65,159,99,5,15912,10,1817
11754,05/14/2020T15:00:00 ,138816,590,902,65,158,99,5,15915,10,1819
11755,05/14/2020T15:10:00 ,138813,593,902,65,158,99,5,15915,10,1822
11756,05/14/2020T15:20:00 ,138812,593,899,66,157,99,5,15919,10,1819
11757,05/14/2020T15:30:00 ,138812,590,899,66,156,99,5,15923,10,1815
11758,05/14/2020T15:40:00 ,138810,590,898,68,156,99,5,15924,10,1816
11759,05/14/2020T15:50:00 ,138806,594,896,67,157,99,5,15926,10,1818
11760,05/14/2020T16:00:00 ,138805,594,893,68,156,99,5,15930,10,1815
11761,05/14/2020T16:10:00 ,138800,598,893,69,156,99,5,15930,10,1820
11762,05/14/2020T16:20:00 ,138800,597,893,69,156,99,5,15931,10,1819
11763,05/14/2020T16:30:00 ,138797,599,892,69,156,98,5,15934,10,1819
11764,05/14/2020T16:40:00 ,138797,596,892,70,156,98,5,15936,10,1817
11765,05/14/2020T16:50:00 ,138797,596,892,70,156,98,5,15936,10,1817
11766,05/14/2020T17:00:00 ,138795,597,891,70,155,98,5,15939,10,1816
11767,05/14/2020T17:10:00 ,138794,598,891,70,155,98,5,15939,10,1817
11768,05/14/2020T17:20:00 ,138794,594,894,70,156,98,5,15939,10,1817
11769,05/14/2020T17:30:00 ,138793,594,893,71,155,98,5,15941,10,1816
11770,05/14/2020T17:40:00 ,138793,591,894,72,154,98,5,15943,10,1814
11771,05/14/2020T17:50:00 ,138792,591,894,72,154,98,5,15944,10,1814
11772,05/14/2020T18:00:00 ,138792,590,892,73,153,98,5,15947,10,1811
11773,05/14/2020T18:10:00 ,138792,590,890,72,154,98,5,15949,10,1809
11774,05/14/2020T18:20:00 ,138792,588,892,71,153,98,5,15951,10,1807
11775,05/14/2020T18:30:00 ,138792,586,893,71,153,97,5,15953,10,1805
11776,05/14/2020T18:40:00 ,138791,586,894,70,153,97,5,15954,10,1805
11777,05/14/2020T18:50:00 ,138791,584,895,69,154,97,5,15955,10,1804
11778,05/14/2020T19:00:00 ,138791,582,894,70,154,97,5,15957,10,1802
11779,05/14/2020T19:10:00 ,138791,582,894,70,154,97,5,15957,10,1802
11780,05/14/2020T19:20:00 ,138790,581,892,70,153,97,5,15962,10,1798
11781,05/14/2020T19:30:00 ,138789,581,891,70,153,97,5,15964,10,1797
11782,05/14/2020T19:40:00 ,138789,581,891,70,152,96,5,15966,10,1795
11783,05/14/2020T19:50:00 ,138789,581,891,69,153,96,5,15966,10,1795
11784,05/14/2020T20:00:00 ,138786,579,893,70,152,96,5,15969,10,1795
11785,05/14/2020T20:10:00 ,138786,579,889,69,153,96,5,15973,10,1791
11786,05/14/2020T20:20:00 ,138786,578,887,70,153,96,5,15975,10,1789
11787,05/14/2020T20:30:00 ,138785,577,889,69,154,96,5,15975,10,1790
11788,05/14/2020T20:40:00 ,138785,575,888,69,153,96,5,15979,10,1786
11789,05/14/2020T20:50:00 ,138784,576,885,69,153,96,5,15982,10,1784
11790,05/14/2020T21:00:00 ,138783,574,888,69,153,96,5,15982,10,1785
11791,05/14/2020T21:10:00 ,138783,574,888,69,153,96,5,15982,10,1785
11792,05/14/2020T21:20:00 ,138783,574,886,68,153,96,5,15985,10,1782
11793,05/14/2020T21:30:00 ,138783,574,884,68,152,96,5,15988,10,1779
11794,05/14/2020T21:40:00 ,138783,573,884,67,153,96,5,15989,10,1778
11795,05/14/2020T21:50:00 ,138783,572,882,67,153,96,5,15992,10,1775
11796,05/14/2020T22:00:00 ,138782,569,883,67,152,96,5,15996,10,1772
11797,05/14/2020T22:10:00 ,138781,570,883,67,152,96,5,15996,10,1773
11798,05/14/2020T22:20:00 ,138781,568,883,68,152,96,5,15997,10,1772
11799,05/14/2020T22:30:00 ,138780,569,883,68,152,96,5,15997,10,1773
11800,05/14/2020T22:40:00 ,138780,569,882,68,152,96,5,15998,10,1772
11801,05/14/2020T22:50:00 ,138780,567,884,68,151,95,5,16000,10,1770
11802,05/14/2020T23:00:00 ,138780,566,883,69,151,95,5,16001,10,1769
11803,05/14/2020T23:10:00 ,138779,565,885,69,150,95,5,16002,10,1769
11804,05/14/2020T23:20:00 ,138779,564,885,69,150,95,5,16003,10,1768
11805,05/14/2020T23:30:00 ,138779,563,884,69,150,95,5,16005,10,1766
11806,05/14/2020T23:40:00 ,138779,562,883,69,150,95,5,16007,10,1764
11807,05/14/2020T23:50:00 ,138778,561,883,69,150,95,5,16009,10,1763
11808,05/15/2020T00:00:00 ,138778,560,880,70,149,95,5,16013,10,1759
11809,05/15/2020T00:10:00 ,138778,558,880,71,149,95,5,16014,10,1758
11810,05/15/2020T00:20:00 ,138778,556,881,72,149,94,5,16015,10,1757
11811,05/15/2020T00:30:00 ,138778,556,878,71,149,94,5,16019,10,1753
11812,05/15/2020T00:40:00 ,138778,556,878,71,149,94,5,16019,10,1753
11813,05/15/2020T00:50:00 ,138778,554,877,71,150,94,5,16021,10,1751
11814,05/15/2020T01:00:00 ,138778,552,876,72,149,94,5,16024,10,1748
11815,05/15/2020T01:10:00 ,138777,551,874,72,149,94,5,16028,10,1745
11816,05/15/2020T01:20:00 ,138775,552,873,72,149,94,5,16030,10,1745
11817,05/15/2020T01:30:00 ,138775,551,872,73,148,94,5,16032,10,1743
11818,05/15/2020T01:40:00 ,138775,550,871,73,148,94,5,16034,10,1741
11819,05/15/2020T01:50:00 ,138774,550,868,74,148,94,5,16037,10,1739
11820,05/15/2020T02:00:00 ,138774,548,870,74,148,94,5,16037,10,1739
11821,05/15/2020T02:10:00 ,138774,548,870,74,147,94,5,16038,10,1738
11822,05/15/2020T02:20:00 ,138774,546,868,74,147,94,5,16042,10,1734
11823,05/15/2020T02:30:00 ,138773,547,867,74,147,94,5,16043,10,1734
11824,05/15/2020T02:40:00 ,138773,546,866,74,147,94,5,16045,10,1732
11825,05/15/2020T02:50:00 ,138773,545,867,74,147,94,5,16045,10,1732
11826,05/15/2020T03:00:00 ,138772,545,863,74,146,94,5,16051,10,1727
11827,05/15/2020T03:10:00 ,138772,545,862,73,147,94,5,16052,10,1726
11828,05/15/2020T03:20:00 ,138772,545,861,73,147,94,5,16053,10,1725
11829,05/15/2020T03:30:00 ,138772,543,862,72,148,94,5,16054,10,1724
11830,05/15/2020T03:40:00 ,138772,543,861,71,149,94,5,16055,10,1723
11831,05/15/2020T03:50:00 ,138772,543,858,71,149,94,5,16058,10,1720
11832,05/15/2020T04:00:00 ,138772,543,858,71,149,93,5,16059,10,1719
11833,05/15/2020T04:10:00 ,138772,541,859,70,150,93,5,16060,10,1718
11834,05/15/2020T04:20:00 ,138771,541,858,70,150,93,5,16062,10,1717
11835,05/15/2020T04:30:00 ,138770,540,857,71,149,93,5,16065,10,1715
11836,05/15/2020T04:40:00 ,138770,539,857,71,149,93,5,16066,10,1714
11837,05/15/2020T04:50:00 ,138770,537,858,69,151,93,5,16067,10,1713
11838,05/15/2020T05:00:00 ,138769,537,856,69,151,93,5,16070,10,1711
11839,05/15/2020T05:10:00 ,138769,537,855,69,150,93,5,16072,10,1709
11840,05/15/2020T05:20:00 ,138769,533,856,70,150,93,5,16074,10,1707
11841,05/15/2020T05:30:00 ,138769,532,855,70,150,93,5,16076,10,1705
11842,05/15/2020T05:40:00 ,138769,530,857,70,150,93,5,16076,10,1705
11843,05/15/2020T05:50:00 ,138769,530,857,70,150,93,5,16076,10,1705
11844,05/15/2020T06:00:00 ,138769,530,856,70,150,93,5,16077,10,1704
11845,05/15/2020T06:10:00 ,138769,526,858,70,150,92,5,16080,10,1701
11846,05/15/2020T06:20:00 ,138769,523,860,70,150,92,5,16081,10,1700
11847,05/15/2020T06:30:00 ,138769,523,859,69,149,92,5,16084,10,1697
11848,05/15/2020T06:40:00 ,138767,523,860,69,148,92,5,16086,10,1697
11849,05/15/2020T06:50:00 ,138767,522,860,69,148,92,5,16087,10,1696
11850,05/15/2020T07:00:00 ,138767,519,861,71,148,92,5,16087,10,1696
11851,05/15/2020T07:10:00 ,138767,518,861,71,148,92,5,16088,10,1695
11852,05/15/2020T07:20:00 ,138764,520,860,71,148,92,5,16090,10,1696
11853,05/15/2020T07:30:00 ,138764,517,863,71,148,92,5,16090,10,1696
11854,05/15/2020T07:40:00 ,138764,514,866,71,148,91,5,16091,10,1695
11855,05/15/2020T07:50:00 ,138762,514,866,72,148,91,5,16092,10,1696
11856,05/15/2020T08:00:00 ,138758,517,867,72,147,91,5,16093,10,1699
11857,05/15/2020T08:10:00 ,138756,519,866,72,147,91,5,16094,10,1700
11858,05/15/2020T08:20:00 ,138754,520,864,72,147,91,5,16097,10,1699
11859,05/15/2020T08:30:00 ,138753,521,861,72,146,91,5,16101,10,1696
11860,05/15/2020T08:40:00 ,138752,521,861,72,146,91,5,16102,10,1696
11861,05/15/2020T08:50:00 ,138750,521,862,71,147,91,5,16103,10,1697
11862,05/15/2020T09:00:00 ,138748,523,862,70,147,91,5,16104,10,1698
11863,05/15/2020T09:10:00 ,138747,523,859,70,146,91,5,16109,10,1694
11864,05/15/2020T09:20:00 ,138743,525,857,71,145,91,5,16113,10,1694
11865,05/15/2020T09:30:00 ,138741,525,859,70,145,91,5,16114,10,1695
11866,05/15/2020T09:40:00 ,138740,522,862,70,146,91,5,16114,10,1696
11867,05/15/2020T09:50:00 ,138736,525,861,70,146,91,5,16116,10,1698
11868,05/15/2020T10:00:00 ,138736,524,860,71,146,91,5,16117,10,1697
11869,05/15/2020T10:10:00 ,138731,529,859,71,146,91,5,16118,10,1701
11870,05/15/2020T10:20:00 ,138729,530,859,71,145,91,5,16120,10,1701
11871,05/15/2020T10:30:00 ,138726,531,859,71,144,91,5,16123,10,1701
11872,05/15/2020T10:40:00 ,138724,529,859,72,143,91,5,16127,10,1699
11873,05/15/2020T10:50:00 ,138718,535,856,72,143,90,5,16131,10,1701
11874,05/15/2020T11:00:00 ,138717,534,854,73,142,90,5,16135,10,1698
11875,05/15/2020T11:10:00 ,138714,536,854,73,142,90,5,16136,10,1700
11876,05/15/2020T11:20:00 ,138708,542,852,73,142,90,5,16138,10,1704
11877,05/15/2020T11:30:00 ,138704,544,853,74,141,90,5,16139,10,1707
11878,05/15/2020T11:40:00 ,138702,545,853,74,140,91,5,16140,10,1708
11879,05/15/2020T11:50:00 ,138699,547,851,74,140,91,5,16143,10,1708
11880,05/15/2020T12:00:00 ,138696,548,852,73,141,91,5,16144,10,1710
11881,05/15/2020T12:10:00 ,138693,548,854,72,142,91,5,16145,10,1712
11882,05/15/2020T12:20:00 ,138692,547,855,72,141,91,5,16147,10,1711
11883,05/15/2020T12:30:00 ,138690,548,856,72,141,91,5,16147,10,1713
11884,05/15/2020T12:40:00 ,138689,548,857,72,141,91,5,16147,10,1714
11885,05/15/2020T12:50:00 ,138689,548,855,72,139,91,5,16151,10,1710
11886,05/15/2020T13:00:00 ,138683,554,854,72,139,91,5,16152,10,1715
11887,05/15/2020T13:10:00 ,138682,554,854,72,139,91,5,16153,10,1715
11888,05/15/2020T13:20:00 ,138678,557,855,72,139,90,5,16154,10,1718
11889,05/15/2020T13:30:00 ,138678,555,857,72,139,90,5,16154,10,1718
11890,05/15/2020T13:40:00 ,138677,555,857,72,139,90,5,16155,10,1718
11891,05/15/2020T13:50:00 ,138676,553,858,72,139,90,5,16157,10,1717
11892,05/15/2020T14:00:00 ,138670,558,858,73,138,90,5,16158,10,1722
11893,05/15/2020T14:10:00 ,138666,560,859,73,137,91,5,16159,10,1725
11894,05/15/2020T14:20:00 ,138665,559,858,73,137,91,5,16162,10,1723
11895,05/15/2020T14:30:00 ,138663,560,853,73,137,91,5,16168,10,1719
11896,05/15/2020T14:40:00 ,138661,561,852,73,136,91,5,16171,10,1718
11897,05/15/2020T14:50:00 ,138660,562,851,73,136,91,5,16172,10,1718
11898,05/15/2020T15:00:00 ,138656,565,850,73,134,92,5,16175,10,1719
11899,05/15/2020T15:10:00 ,138655,566,850,73,134,92,5,16175,10,1720
11900,05/15/2020T15:20:00 ,138653,567,847,73,135,92,5,16178,10,1719
11901,05/15/2020T15:30:00 ,138651,569,846,73,134,92,5,16180,10,1719
11902,05/15/2020T15:40:00 ,138650,570,845,72,134,92,5,16182,10,1718
11903,05/15/2020T15:50:00 ,138648,569,844,73,134,92,5,16185,10,1717
11904,05/15/2020T16:00:00 ,138646,571,841,73,132,92,5,16190,10,1714
11905,05/15/2020T16:10:00 ,138645,571,841,73,132,92,5,16191,10,1714
11906,05/15/2020T16:20:00 ,138644,567,842,75,130,92,5,16195,10,1711
11907,05/15/2020T16:30:00 ,138644,562,843,77,130,92,5,16197,10,1709
11908,05/15/2020T16:40:00 ,138643,561,844,77,129,92,5,16199,10,1708
11909,05/15/2020T16:50:00 ,138642,561,844,77,129,92,5,16200,10,1708
11910,05/15/2020T17:00:00 ,138639,562,843,77,129,92,5,16203,10,1708
11911,05/15/2020T17:10:00 ,138636,565,842,75,131,91,5,16205,10,1709
11912,05/15/2020T17:20:00 ,138636,564,842,74,132,91,5,16206,10,1708
11913,05/15/2020T17:30:00 ,138635,565,841,73,133,91,5,16207,10,1708
11914,05/15/2020T17:40:00 ,138634,566,839,73,132,91,5,16210,10,1706
11915,05/15/2020T17:50:00 ,138632,567,838,74,132,91,5,16211,10,1707
11916,05/15/2020T18:00:00 ,138632,567,837,74,132,91,5,16212,10,1706
11917,05/15/2020T18:10:00 ,138632,564,840,74,132,91,5,16212,10,1706
11918,05/15/2020T18:20:00 ,138632,564,840,74,132,91,5,16212,10,1706
11919,05/15/2020T18:30:00 ,138632,564,837,74,132,91,5,16215,10,1703
11920,05/15/2020T18:40:00 ,138632,563,836,75,129,91,5,16219,10,1699
11921,05/15/2020T18:50:00 ,138632,561,838,74,130,91,5,16219,10,1699
11922,05/15/2020T19:00:00 ,138632,560,837,75,128,91,5,16222,10,1696
11923,05/15/2020T19:10:00 ,138630,561,837,75,128,91,5,16223,10,1697
11924,05/15/2020T19:20:00 ,138630,560,837,75,127,91,5,16225,10,1695
11925,05/15/2020T19:30:00 ,138630,560,836,75,127,91,5,16226,10,1694
11926,05/15/2020T19:40:00 ,138629,559,836,74,128,91,5,16228,10,1693
11927,05/15/2020T19:50:00 ,138629,558,837,73,129,91,5,16228,10,1693
11928,05/15/2020T20:00:00 ,138629,556,837,73,127,91,5,16232,10,1689
11929,05/15/2020T20:10:00 ,138628,557,836,73,126,91,5,16234,10,1688
11930,05/15/2020T20:20:00 ,138628,553,835,74,127,91,5,16237,10,1685
11931,05/15/2020T20:30:00 ,138628,551,835,73,127,90,5,16241,10,1681
11932,05/15/2020T20:40:00 ,138627,551,834,74,127,90,5,16242,10,1681
11933,05/15/2020T20:50:00 ,138627,550,835,74,127,90,5,16242,10,1681
11934,05/15/2020T21:00:00 ,138626,550,833,75,127,90,5,16244,10,1680
11935,05/15/2020T21:10:00 ,138626,548,835,75,127,90,5,16244,10,1680
11936,05/15/2020T21:20:00 ,138626,548,833,75,127,90,5,16246,10,1678
11937,05/15/2020T21:30:00 ,138625,548,833,74,128,90,5,16247,10,1678
11938,05/15/2020T21:40:00 ,138625,546,831,75,128,90,5,16250,10,1675
11939,05/15/2020T21:50:00 ,138625,544,829,76,128,90,5,16253,10,1672
11940,05/15/2020T22:00:00 ,138625,543,829,76,128,90,5,16254,10,1671
11941,05/15/2020T22:10:00 ,138625,542,830,76,128,90,5,16254,10,1671
11942,05/15/2020T22:20:00 ,138625,540,832,76,128,90,5,16254,10,1671
11943,05/15/2020T22:30:00 ,138625,539,833,75,128,90,5,16255,10,1670
11944,05/15/2020T22:40:00 ,138625,537,834,75,128,90,5,16256,10,1669
11945,05/15/2020T22:50:00 ,138625,536,834,75,128,90,5,16257,10,1668
11946,05/15/2020T23:00:00 ,138625,533,834,76,127,90,5,16260,10,1665
11947,05/15/2020T23:10:00 ,138625,531,835,76,125,90,5,16263,10,1662
11948,05/15/2020T23:20:00 ,138625,530,835,75,126,90,5,16264,10,1661
11949,05/15/2020T23:30:00 ,138625,529,834,75,126,90,5,16266,10,1659
11950,05/15/2020T23:40:00 ,138625,527,832,76,126,90,5,16269,10,1656
11951,05/15/2020T23:50:00 ,138625,525,833,75,127,90,5,16270,10,1655
11952,05/16/2020T00:00:00 ,138624,524,835,75,126,90,5,16271,10,1655
11953,05/16/2020T00:10:00 ,138624,523,835,75,126,90,5,16272,10,1654
11954,05/16/2020T00:20:00 ,138624,521,835,76,126,90,5,16273,10,1653
11955,05/16/2020T00:30:00 ,138624,520,836,76,126,90,5,16273,10,1653
11956,05/16/2020T00:40:00 ,138623,519,833,78,126,90,5,16276,10,1651
11957,05/16/2020T00:50:00 ,138623,519,832,78,126,90,5,16277,10,1650
11958,05/16/2020T01:00:00 ,138623,519,832,78,126,90,5,16277,10,1650
11959,05/16/2020T01:10:00 ,138623,518,829,79,126,90,5,16280,10,1647
11960,05/16/2020T01:20:00 ,138623,517,829,79,124,91,5,16282,10,1645
11961,05/16/2020T01:30:00 ,138623,516,828,79,124,91,5,16284,10,1643
11962,05/16/2020T01:40:00 ,138623,516,826,79,123,91,5,16287,10,1640
11963,05/16/2020T01:50:00 ,138623,516,825,78,124,91,5,16288,10,1639
11964,05/16/2020T02:00:00 ,138623,514,827,77,125,91,5,16288,10,1639
11965,05/16/2020T02:10:00 ,138623,514,825,77,125,91,5,16290,10,1637
11966,05/16/2020T02:20:00 ,138621,514,826,77,124,91,5,16292,10,1637
11967,05/16/2020T02:30:00 ,138621,512,825,77,123,91,5,16296,10,1633
11968,05/16/2020T02:40:00 ,138618,515,824,77,122,91,5,16298,10,1634
11969,05/16/2020T02:50:00 ,138618,514,824,77,121,91,5,16300,10,1632
11970,05/16/2020T03:00:00 ,138618,514,822,77,121,91,5,16302,10,1630
11971,05/16/2020T03:10:00 ,138618,514,820,77,121,90,5,16305,10,1627
11972,05/16/2020T03:20:00 ,138618,512,822,77,121,90,5,16305,10,1627
11973,05/16/2020T03:30:00 ,138617,511,821,77,121,90,5,16308,10,1625
11974,05/16/2020T03:40:00 ,138617,511,819,77,121,90,5,16310,10,1623
11975,05/16/2020T03:50:00 ,138617,509,818,78,121,90,5,16312,10,1621
11976,05/16/2020T04:00:00 ,138617,507,818,80,120,90,5,16313,10,1620
11977,05/16/2020T04:10:00 ,138617,503,820,80,120,90,5,16315,10,1618
11978,05/16/2020T04:20:00 ,138616,501,822,81,120,90,5,16315,10,1619
11979,05/16/2020T04:30:00 ,138616,501,822,80,121,90,5,16315,10,1619
11980,05/16/2020T04:40:00 ,138616,500,823,80,120,89,5,16317,10,1617
11981,05/16/2020T04:50:00 ,138616,499,823,80,120,89,5,16318,10,1616
11982,05/16/2020T05:00:00 ,138616,497,824,80,120,89,5,16319,10,1615
11983,05/16/2020T05:10:00 ,138616,494,826,80,120,89,5,16320,10,1614
11984,05/16/2020T05:20:00 ,138616,492,828,78,122,89,5,16320,10,1614
11985,05/16/2020T05:30:00 ,138616,490,828,77,123,89,5,16322,10,1612
11986,05/16/2020T05:40:00 ,138616,490,826,76,122,89,5,16326,10,1608
11987,05/16/2020T05:50:00 ,138616,489,826,76,122,89,5,16327,10,1607
11988,05/16/2020T06:00:00 ,138616,487,825,75,123,89,5,16330,10,1604
11989,05/16/2020T06:10:00 ,138616,486,825,75,122,88,5,16333,10,1601
11990,05/16/2020T06:20:00 ,138616,486,824,75,122,88,5,16334,10,1600
11991,05/16/2020T06:30:00 ,138616,485,824,75,122,88,5,16335,10,1599
11992,05/16/2020T06:40:00 ,138616,485,823,74,123,87,5,16337,10,1597
11993,05/16/2020T06:50:00 ,138616,485,821,73,124,87,5,16339,10,1595
11994,05/16/2020T07:00:00 ,138616,484,820,73,124,87,5,16341,10,1593
11995,05/16/2020T07:10:00 ,138615,484,820,73,124,87,5,16342,10,1593
11996,05/16/2020T07:20:00 ,138615,484,819,71,126,87,5,16343,10,1592
11997,05/16/2020T07:30:00 ,138615,484,817,71,126,87,5,16345,10,1590
11998,05/16/2020T07:40:00 ,138614,483,818,70,127,87,5,16346,10,1590
11999,05/16/2020T07:50:00 ,138611,484,819,70,125,86,5,16350,10,1589
12000,05/16/2020T08:00:00 ,138608,483,820,73,125,86,5,16350,10,1592
12001,05/16/2020T08:10:00 ,138606,482,822,73,125,86,5,16351,10,1593
12002,05/16/2020T08:20:00 ,138606,482,821,73,125,86,5,16352,10,1592
12003,05/16/2020T08:30:00 ,138603,485,818,72,125,86,5,16356,10,1591
12004,05/16/2020T08:40:00 ,138601,486,817,72,125,86,5,16358,10,1591
12005,05/16/2020T08:50:00 ,138599,487,818,70,127,85,5,16359,10,1592
12006,05/16/2020T09:00:00 ,138597,489,818,69,128,85,5,16359,10,1594
12007,05/16/2020T09:10:00 ,138594,492,816,69,128,85,5,16361,10,1595
12008,05/16/2020T09:20:00 ,138587,496,816,68,129,85,5,16364,10,1599
12009,05/16/2020T09:30:00 ,138582,498,819,68,129,85,5,16364,10,1604
12010,05/16/2020T09:40:00 ,138580,497,822,68,129,85,5,16364,10,1606
12011,05/16/2020T09:50:00 ,138578,498,822,68,129,85,5,16365,10,1607
12012,05/16/2020T10:00:00 ,138576,500,822,68,129,85,5,16365,10,1609
12013,05/16/2020T10:10:00 ,138575,498,825,66,130,85,5,16366,10,1609
12014,05/16/2020T10:20:00 ,138570,502,822,66,131,84,5,16370,10,1610
12015,05/16/2020T10:30:00 ,138563,508,823,66,131,84,5,16370,10,1617
12016,05/16/2020T10:40:00 ,138560,511,823,66,130,84,5,16371,10,1619
12017,05/16/2020T10:50:00 ,138559,511,824,66,129,84,5,16372,10,1619
12018,05/16/2020T11:00:00 ,138556,514,823,66,129,84,5,16373,10,1621
12019,05/16/2020T11:10:00 ,138556,512,824,66,129,84,5,16374,10,1620
12020,05/16/2020T11:20:00 ,138554,513,825,66,129,84,5,16374,10,1622
12021,05/16/2020T11:30:00 ,138549,517,824,67,129,84,5,16375,10,1626
12022,05/16/2020T11:40:00 ,138546,519,825,67,129,84,5,16375,10,1629
12023,05/16/2020T11:50:00 ,138542,520,825,66,130,84,5,16378,10,1630
12024,05/16/2020T12:00:00 ,138541,521,823,66,130,84,5,16380,10,1629
12025,05/16/2020T12:10:00 ,138539,521,823,66,130,84,5,16382,10,1629
12026,05/16/2020T12:20:00 ,138535,524,823,65,131,83,5,16384,10,1631
12027,05/16/2020T12:30:00 ,138534,524,822,65,131,83,5,16386,10,1630
12028,05/16/2020T12:40:00 ,138531,525,824,65,131,83,5,16386,10,1633
12029,05/16/2020T12:50:00 ,138530,526,821,65,129,83,5,16391,10,1629
12030,05/16/2020T13:00:00 ,138530,525,818,65,130,83,5,16394,10,1626
12031,05/16/2020T13:10:00 ,138525,528,817,65,130,83,5,16397,10,1628
12032,05/16/2020T13:20:00 ,138521,531,816,65,130,83,5,16399,10,1630
12033,05/16/2020T13:30:00 ,138518,534,815,65,130,83,5,16400,10,1632
12034,05/16/2020T13:40:00 ,138516,535,815,65,129,83,5,16402,10,1632
12035,05/16/2020T13:50:00 ,138515,534,814,65,128,83,5,16406,10,1629
12036,05/16/2020T14:00:00 ,138514,534,815,65,128,83,5,16406,10,1630
12037,05/16/2020T14:10:00 ,138511,535,816,66,128,83,5,16406,10,1633
12038,05/16/2020T14:20:00 ,138510,533,818,67,127,83,5,16407,10,1633
12039,05/16/2020T14:30:00 ,138507,536,817,67,127,83,5,16408,10,1635
12040,05/16/2020T14:40:00 ,138504,538,816,67,126,83,5,16411,10,1635
12041,05/16/2020T14:50:00 ,138503,539,816,67,126,83,5,16411,10,1636
12042,05/16/2020T15:00:00 ,138499,542,813,67,126,83,5,16415,10,1636
12043,05/16/2020T15:10:00 ,138497,542,814,68,126,83,5,16415,10,1638
12044,05/16/2020T15:20:00 ,138494,544,813,68,126,83,5,16417,10,1639
12045,05/16/2020T15:30:00 ,138490,545,812,70,126,83,5,16419,10,1641
12046,05/16/2020T15:40:00 ,138487,547,813,70,125,83,5,16420,10,1643
12047,05/16/2020T15:50:00 ,138484,550,813,70,125,83,5,16420,10,1646
12048,05/16/2020T16:00:00 ,138482,552,812,70,125,83,5,16421,10,1647
12049,05/16/2020T16:10:00 ,138480,554,811,70,125,83,5,16422,10,1648
12050,05/16/2020T16:20:00 ,138478,555,810,70,125,83,5,16424,10,1648
12051,05/16/2020T16:30:00 ,138476,556,809,69,124,83,5,16428,10,1646
12052,05/16/2020T16:40:00 ,138475,557,809,69,124,83,5,16428,10,1647
12053,05/16/2020T16:50:00 ,138474,557,808,68,124,83,5,16431,10,1645
12054,05/16/2020T17:00:00 ,138472,558,809,68,124,83,5,16431,10,1647
12055,05/16/2020T17:10:00 ,138469,560,808,69,123,83,5,16433,10,1648
12056,05/16/2020T17:20:00 ,138468,560,809,69,123,83,5,16433,10,1649
12057,05/16/2020T17:30:00 ,138468,559,810,69,123,83,5,16433,10,1649
12058,05/16/2020T17:40:00 ,138467,559,809,70,123,83,5,16434,10,1649
12059,05/16/2020T17:50:00 ,138466,558,810,70,122,83,5,16436,10,1648
12060,05/16/2020T18:00:00 ,138465,558,811,70,122,83,5,16436,10,1649
12061,05/16/2020T18:10:00 ,138465,557,810,71,121,83,5,16438,10,1647
12062,05/16/2020T18:20:00 ,138465,556,809,71,121,83,5,16440,10,1645
12063,05/16/2020T18:30:00 ,138464,557,808,71,121,83,5,16441,10,1645
12064,05/16/2020T18:40:00 ,138464,556,808,71,120,83,5,16443,10,1643
12065,05/16/2020T18:50:00 ,138464,556,808,71,119,84,4,16444,10,1642
12066,05/16/2020T19:00:00 ,138463,552,808,73,119,84,4,16447,10,1640
12067,05/16/2020T19:10:00 ,138463,551,806,73,119,84,4,16450,10,1637
12068,05/16/2020T19:20:00 ,138463,548,808,73,118,84,4,16452,10,1635
12069,05/16/2020T19:30:00 ,138463,547,806,73,118,84,4,16455,10,1632
12070,05/16/2020T19:40:00 ,138462,547,805,72,119,84,4,16457,10,1631
12071,05/16/2020T19:50:00 ,138462,547,803,72,116,84,4,16462,10,1626
12072,05/16/2020T20:00:00 ,138461,546,805,72,116,84,4,16462,10,1627
12073,05/16/2020T20:10:00 ,138461,544,804,73,116,83,4,16465,10,1624
12074,05/16/2020T20:20:00 ,138461,542,804,73,116,83,4,16467,10,1622
12075,05/16/2020T20:30:00 ,138461,536,809,74,116,83,4,16467,10,1622
12076,05/16/2020T20:40:00 ,138460,536,810,74,115,83,4,16468,10,1622
12077,05/16/2020T20:50:00 ,138460,535,810,75,113,83,4,16470,10,1620
12078,05/16/2020T21:00:00 ,138460,535,809,75,113,83,4,16471,10,1619
12079,05/16/2020T21:10:00 ,138460,534,808,75,113,83,4,16473,10,1617
12080,05/16/2020T21:20:00 ,138460,534,805,74,114,83,4,16476,10,1614
12081,05/16/2020T21:30:00 ,138459,533,804,73,115,83,4,16479,10,1612
12082,05/16/2020T21:40:00 ,138459,531,803,70,117,83,4,16483,10,1608
12083,05/16/2020T21:50:00 ,138459,531,801,70,117,83,4,16485,10,1606
12084,05/16/2020T22:00:00 ,138459,531,801,70,117,83,4,16485,10,1606
12085,05/16/2020T22:10:00 ,138459,530,798,68,119,83,4,16489,10,1602
12086,05/16/2020T22:20:00 ,138459,530,797,68,119,83,4,16490,10,1601
12087,05/16/2020T22:30:00 ,138458,530,797,68,119,83,4,16491,10,1601
12088,05/16/2020T22:40:00 ,138458,528,796,69,119,83,4,16493,10,1599
12089,05/16/2020T22:50:00 ,138458,525,796,71,119,83,4,16494,10,1598
12090,05/16/2020T23:00:00 ,138458,523,796,73,119,83,4,16494,10,1598
12091,05/16/2020T23:10:00 ,138458,521,798,73,119,83,4,16494,10,1598
12092,05/16/2020T23:20:00 ,138458,519,797,74,119,83,4,16496,10,1596
12093,05/16/2020T23:30:00 ,138457,517,798,74,118,83,4,16499,10,1594
12094,05/16/2020T23:40:00 ,138457,517,798,74,118,82,4,16500,10,1593
12095,05/16/2020T23:50:00 ,138457,515,797,74,119,82,4,16502,10,1591
12096,05/17/2020T00:00:00 ,138457,513,799,74,119,82,4,16502,10,1591
12097,05/17/2020T00:10:00 ,138457,512,798,74,118,82,4,16505,10,1588
12098,05/17/2020T00:20:00 ,138457,512,797,74,118,82,4,16506,10,1587
12099,05/17/2020T00:30:00 ,138456,513,797,73,119,82,4,16506,10,1588
12100,05/17/2020T00:40:00 ,138456,512,797,73,119,82,4,16507,10,1587
12101,05/17/2020T00:50:00 ,138456,511,798,72,119,82,4,16508,10,1586
12102,05/17/2020T01:00:00 ,138456,509,795,73,117,82,4,16514,10,1580
12103,05/17/2020T01:10:00 ,138456,507,796,74,117,82,4,16514,10,1580
12104,05/17/2020T01:20:00 ,138456,506,797,74,115,83,4,16515,10,1579
12105,05/17/2020T01:30:00 ,138456,506,797,74,115,83,4,16515,10,1579
12106,05/17/2020T01:40:00 ,138455,507,793,74,115,83,4,16519,10,1576
12107,05/17/2020T01:50:00 ,138454,507,793,74,114,83,4,16521,10,1575
12108,05/17/2020T02:00:00 ,138454,506,792,73,114,83,4,16524,10,1572
12109,05/17/2020T02:10:00 ,138454,504,794,73,112,83,4,16526,10,1570
12110,05/17/2020T02:20:00 ,138454,501,795,74,111,83,4,16528,10,1568
12111,05/17/2020T02:30:00 ,138454,499,794,74,111,83,4,16531,10,1565
12112,05/17/2020T02:40:00 ,138454,499,793,74,111,83,4,16532,10,1564
12113,05/17/2020T02:50:00 ,138454,496,792,75,111,83,4,16535,10,1561
12114,05/17/2020T03:00:00 ,138454,496,792,74,111,84,4,16535,10,1561
12115,05/17/2020T03:10:00 ,138454,495,792,75,111,84,4,16535,10,1561
12116,05/17/2020T03:20:00 ,138454,491,794,76,111,84,4,16536,10,1560
12117,05/17/2020T03:30:00 ,138454,491,793,76,111,84,4,16537,10,1559
12118,05/17/2020T03:40:00 ,138454,488,794,75,111,84,4,16540,10,1556
12119,05/17/2020T03:50:00 ,138454,488,794,75,111,84,4,16540,10,1556
12120,05/17/2020T04:00:00 ,138454,487,794,75,111,84,4,16541,10,1555
12121,05/17/2020T04:10:00 ,138453,487,792,74,111,83,4,16546,10,1551
12122,05/17/2020T04:20:00 ,138452,485,792,74,110,83,4,16550,10,1548
12123,05/17/2020T04:30:00 ,138451,486,791,74,110,83,4,16551,10,1548
12124,05/17/2020T04:40:00 ,138451,481,796,74,110,83,4,16551,10,1548
12125,05/17/2020T04:50:00 ,138451,481,793,74,110,83,4,16554,10,1545
12126,05/17/2020T05:00:00 ,138451,479,792,74,110,83,4,16557,10,1542
12127,05/17/2020T05:10:00 ,138451,477,793,74,109,83,4,16559,10,1540
12128,05/17/2020T05:20:00 ,138451,473,795,75,109,83,4,16560,10,1539
12129,05/17/2020T05:30:00 ,138451,473,795,75,108,83,4,16561,10,1538
12130,05/17/2020T05:40:00 ,138451,472,795,75,108,83,4,16562,10,1537
12131,05/17/2020T05:50:00 ,138451,471,795,75,108,83,4,16563,10,1536
12132,05/17/2020T06:00:00 ,138451,470,796,75,108,83,4,16563,10,1536
12133,05/17/2020T06:10:00 ,138451,468,798,75,108,83,4,16563,10,1536
12134,05/17/2020T06:20:00 ,138451,467,799,74,109,83,4,16563,10,1536
12135,05/17/2020T06:30:00 ,138451,465,798,73,109,83,4,16567,10,1532
12136,05/17/2020T06:40:00 ,138451,463,799,73,109,82,4,16569,10,1530
12137,05/17/2020T06:50:00 ,138450,464,799,73,109,82,4,16569,10,1531
12138,05/17/2020T07:00:00 ,138449,464,799,74,109,82,4,16569,10,1532
12139,05/17/2020T07:10:00 ,138449,463,797,72,112,82,4,16571,10,1530
12140,05/17/2020T07:20:00 ,138449,461,796,72,112,82,4,16574,10,1527
12141,05/17/2020T07:30:00 ,138449,460,797,72,111,82,4,16575,10,1526
12142,05/17/2020T07:40:00 ,138449,460,796,72,111,82,4,16576,10,1525
12143,05/17/2020T07:50:00 ,138448,459,795,73,111,82,4,16578,10,1524
12144,05/17/2020T08:00:00 ,138448,458,796,72,112,82,4,16578,10,1524
12145,05/17/2020T08:10:00 ,138448,457,797,72,112,81,4,16579,10,1523
12146,05/17/2020T08:20:00 ,138447,456,797,73,111,81,4,16581,10,1522
12147,05/17/2020T08:30:00 ,138447,455,792,73,111,81,4,16587,10,1516
12148,05/17/2020T08:40:00 ,138447,453,793,74,111,81,4,16587,10,1516
12149,05/17/2020T08:50:00 ,138447,452,794,74,111,81,4,16587,10,1516
12150,05/17/2020T09:00:00 ,138447,451,793,74,112,81,4,16588,10,1515
12151,05/17/2020T09:10:00 ,138447,451,793,74,112,82,3,16588,10,1515
12152,05/17/2020T09:20:00 ,138446,450,793,73,113,82,3,16590,10,1514
12153,05/17/2020T09:30:00 ,138446,449,792,73,113,82,3,16592,10,1512
12154,05/17/2020T09:40:00 ,138446,448,791,73,113,82,3,16594,10,1510
12155,05/17/2020T09:50:00 ,138445,448,790,73,113,81,3,16597,10,1508
12156,05/17/2020T10:00:00 ,138445,447,789,73,114,80,3,16599,10,1506
12157,05/17/2020T10:10:00 ,138444,446,788,74,114,79,3,16602,10,1504
12158,05/17/2020T10:20:00 ,138444,446,788,74,114,79,3,16602,10,1504
12159,05/17/2020T10:30:00 ,138444,443,789,74,114,79,3,16604,10,1502
12160,05/17/2020T10:40:00 ,138444,441,790,75,114,79,3,16604,10,1502
12161,05/17/2020T10:50:00 ,138444,441,789,75,113,79,3,16606,10,1500
12162,05/17/2020T11:00:00 ,138444,440,788,75,113,79,3,16608,10,1498
12163,05/17/2020T11:10:00 ,138444,440,786,75,113,79,3,16610,10,1496
12164,05/17/2020T11:20:00 ,138444,440,784,75,113,79,3,16612,10,1494
12165,05/17/2020T11:30:00 ,138444,438,786,75,113,79,3,16612,10,1494
12166,05/17/2020T11:40:00 ,138442,438,785,75,113,79,3,16615,10,1493
12167,05/17/2020T11:50:00 ,138442,438,784,73,115,79,3,16616,10,1492
12168,05/17/2020T12:00:00 ,138442,437,785,73,115,79,3,16616,10,1492
12169,05/17/2020T12:10:00 ,138441,438,783,73,113,79,3,16620,10,1489
12170,05/17/2020T12:20:00 ,138440,436,785,74,113,79,3,16620,10,1490
12171,05/17/2020T12:30:00 ,138440,436,784,73,114,79,3,16621,10,1489
12172,05/17/2020T12:40:00 ,138440,436,784,73,114,79,3,16621,10,1489
12173,05/17/2020T12:50:00 ,138440,435,784,73,114,79,3,16622,10,1488
12174,05/17/2020T13:00:00 ,138438,436,783,73,115,79,3,16623,10,1489
12175,05/17/2020T13:10:00 ,138438,433,786,72,116,79,3,16623,10,1489
12176,05/17/2020T13:20:00 ,138438,430,786,72,116,79,3,16626,10,1486
12177,05/17/2020T13:30:00 ,138438,429,787,71,117,79,3,16626,10,1486
12178,05/17/2020T13:40:00 ,138438,429,786,70,118,79,3,16627,10,1485
12179,05/17/2020T13:50:00 ,138438,426,787,72,118,80,2,16627,10,1485
12180,05/17/2020T14:00:00 ,138438,426,786,72,118,80,2,16628,10,1484
12181,05/17/2020T14:10:00 ,138437,427,785,72,118,80,2,16629,10,1484
12182,05/17/2020T14:20:00 ,138437,427,784,72,118,79,2,16631,10,1482
12183,05/17/2020T14:30:00 ,138436,426,784,73,118,79,2,16632,10,1482
12184,05/17/2020T14:40:00 ,138436,426,783,73,118,79,2,16633,10,1481
12185,05/17/2020T14:50:00 ,138436,426,783,73,117,80,2,16633,10,1481
12186,05/17/2020T15:00:00 ,138436,423,784,73,118,80,2,16634,10,1480
12187,05/17/2020T15:10:00 ,138435,424,783,73,118,80,2,16635,10,1480
12188,05/17/2020T15:20:00 ,138435,421,785,73,118,80,2,16636,10,1479
12189,05/17/2020T15:30:00 ,138435,420,785,73,118,80,2,16637,10,1478
12190,05/17/2020T15:40:00 ,138432,422,786,73,118,80,2,16637,10,1481
12191,05/17/2020T15:50:00 ,138431,423,785,73,117,80,2,16639,10,1480
12192,05/17/2020T16:00:00 ,138431,423,782,73,117,80,2,16642,10,1477
12193,05/17/2020T16:10:00 ,138431,423,779,73,117,80,2,16645,10,1474
12194,05/17/2020T16:20:00 ,138431,419,782,73,117,80,2,16646,10,1473
12195,05/17/2020T16:30:00 ,138430,420,782,73,116,79,2,16648,10,1472
12196,05/17/2020T16:40:00 ,138429,420,782,74,116,79,2,16648,10,1473
12197,05/17/2020T16:50:00 ,138428,420,781,75,115,80,2,16649,10,1473
12198,05/17/2020T17:00:00 ,138428,419,781,75,113,80,2,16652,10,1470
12199,05/17/2020T17:10:00 ,138428,418,780,76,113,80,2,16653,10,1469
12200,05/17/2020T17:20:00 ,138426,417,781,77,113,80,2,16654,10,1470
12201,05/17/2020T17:30:00 ,138424,417,780,77,113,80,2,16657,10,1469
12202,05/17/2020T17:40:00 ,138424,415,780,78,112,80,2,16659,10,1467
12203,05/17/2020T17:50:00 ,138424,414,778,77,113,80,2,16662,10,1464
12204,05/17/2020T18:00:00 ,138424,414,778,77,113,80,2,16662,10,1464
12205,05/17/2020T18:10:00 ,138424,413,776,77,112,81,2,16665,10,1461
12206,05/17/2020T18:20:00 ,138423,414,775,77,112,81,2,16666,10,1461
12207,05/17/2020T18:30:00 ,138423,413,772,77,112,81,2,16670,10,1457
12208,05/17/2020T18:40:00 ,138423,412,773,77,111,81,2,16671,10,1456
12209,05/17/2020T18:50:00 ,138422,413,772,77,111,81,2,16672,10,1456
12210,05/17/2020T19:00:00 ,138422,411,773,78,110,81,2,16673,10,1455
12211,05/17/2020T19:10:00 ,138422,410,773,78,111,81,2,16673,10,1455
12212,05/17/2020T19:20:00 ,138422,407,776,77,112,81,2,16673,10,1455
12213,05/17/2020T19:30:00 ,138421,406,778,76,113,81,2,16673,10,1456
12214,05/17/2020T19:40:00 ,138421,404,779,75,114,81,2,16674,10,1455
12215,05/17/2020T19:50:00 ,138420,405,778,75,114,81,2,16675,10,1455
12216,05/17/2020T20:00:00 ,138418,407,777,75,114,81,2,16676,10,1456
12217,05/17/2020T20:10:00 ,138416,408,775,76,114,81,2,16678,10,1456
12218,05/17/2020T20:20:00 ,138416,408,773,76,114,81,2,16680,10,1454
12219,05/17/2020T20:30:00 ,138414,409,773,76,114,81,2,16681,10,1455
12220,05/17/2020T20:40:00 ,138412,411,771,76,114,80,2,16684,10,1454
12221,05/17/2020T20:50:00 ,138411,412,771,76,114,80,2,16684,10,1455
12222,05/17/2020T21:00:00 ,138409,414,771,76,114,79,2,16685,10,1456
12223,05/17/2020T21:10:00 ,138407,416,770,76,114,79,2,16686,10,1457
12224,05/17/2020T21:20:00 ,138407,416,768,75,115,79,2,16688,10,1455
12225,05/17/2020T21:30:00 ,138407,414,768,75,115,79,2,16690,10,1453
12226,05/17/2020T21:40:00 ,138406,413,770,74,115,79,2,16691,10,1453
12227,05/17/2020T21:50:00 ,138405,414,769,73,116,79,2,16692,10,1453
12228,05/17/2020T22:00:00 ,138405,413,769,73,116,79,2,16693,10,1452
12229,05/17/2020T22:10:00 ,138403,415,769,73,116,79,2,16693,10,1454
12230,05/17/2020T22:20:00 ,138402,413,770,75,116,79,2,16693,10,1455
12231,05/17/2020T22:30:00 ,138402,413,768,75,116,79,2,16695,10,1453
12232,05/17/2020T22:40:00 ,138402,412,769,74,117,79,2,16695,10,1453
12233,05/17/2020T22:50:00 ,138402,412,767,74,117,79,2,16697,10,1451
12234,05/17/2020T23:00:00 ,138402,412,767,74,116,80,2,16697,10,1451
12235,05/17/2020T23:10:00 ,138402,412,765,74,116,80,2,16699,10,1449
12236,05/17/2020T23:20:00 ,138402,409,768,74,116,80,2,16699,10,1449
12237,05/17/2020T23:30:00 ,138401,406,772,74,116,80,2,16699,10,1450
12238,05/17/2020T23:40:00 ,138401,406,772,74,116,80,2,16699,10,1450
12239,05/17/2020T23:50:00 ,138401,403,774,73,117,80,2,16700,10,1449
12240,05/18/2020T00:00:00 ,138401,402,774,73,116,80,2,16702,10,1447
12241,05/18/2020T00:10:00 ,138401,399,774,73,116,80,2,16705,10,1444
12242,05/18/2020T00:20:00 ,138401,399,772,73,116,80,2,16707,10,1442
12243,05/18/2020T00:30:00 ,138401,398,771,72,116,80,2,16710,10,1439
12244,05/18/2020T00:40:00 ,138399,399,771,72,116,80,2,16711,10,1440
12245,05/18/2020T00:50:00 ,138399,398,770,72,117,80,2,16712,10,1439
12246,05/18/2020T01:00:00 ,138399,398,770,72,117,80,2,16712,10,1439
12247,05/18/2020T01:10:00 ,138399,397,768,72,115,80,2,16717,10,1434
12248,05/18/2020T01:20:00 ,138399,397,765,72,114,80,2,16721,10,1430
12249,05/18/2020T01:30:00 ,138398,396,765,73,113,80,2,16723,10,1429
12250,05/18/2020T01:40:00 ,138398,396,763,72,114,79,2,16726,10,1426
12251,05/18/2020T01:50:00 ,138398,394,762,73,113,79,2,16729,10,1423
12252,05/18/2020T02:00:00 ,138398,394,760,73,113,79,2,16731,10,1421
12253,05/18/2020T02:10:00 ,138396,395,760,73,112,79,2,16733,10,1421
12254,05/18/2020T02:20:00 ,138396,394,761,73,111,79,2,16734,10,1420
12255,05/18/2020T02:30:00 ,138396,393,760,73,111,79,2,16736,10,1418
12256,05/18/2020T02:40:00 ,138396,391,760,73,112,79,2,16737,10,1417
12257,05/18/2020T02:50:00 ,138396,390,761,73,112,79,2,16737,10,1417
12258,05/18/2020T03:00:00 ,138395,391,759,73,110,79,2,16741,10,1414
12259,05/18/2020T03:10:00 ,138395,390,755,73,110,79,2,16746,10,1409
12260,05/18/2020T03:20:00 ,138395,390,754,73,110,79,2,16747,10,1408
12261,05/18/2020T03:30:00 ,138395,390,753,73,109,79,2,16749,10,1406
12262,05/18/2020T03:40:00 ,138395,390,752,73,109,79,2,16750,10,1405
12263,05/18/2020T03:50:00 ,138395,388,754,73,108,79,2,16751,10,1404
12264,05/18/2020T04:00:00 ,138395,386,753,74,107,79,2,16754,10,1401
12265,05/18/2020T04:10:00 ,138395,384,754,74,107,79,2,16755,10,1400
12266,05/18/2020T04:20:00 ,138395,384,751,74,107,79,2,16758,10,1397
12267,05/18/2020T04:30:00 ,138395,384,751,74,107,79,2,16758,10,1397
12268,05/18/2020T04:40:00 ,138395,382,750,73,108,79,2,16761,10,1394
12269,05/18/2020T04:50:00 ,138395,379,751,73,108,79,2,16763,10,1392
12270,05/18/2020T05:00:00 ,138395,378,749,74,108,79,2,16765,10,1390
12271,05/18/2020T05:10:00 ,138394,378,750,72,110,79,2,16765,10,1391
12272,05/18/2020T05:20:00 ,138394,378,749,72,110,79,2,16766,10,1390
12273,05/18/2020T05:30:00 ,138394,375,751,72,110,79,2,16767,10,1389
12274,05/18/2020T05:40:00 ,138393,373,751,72,110,79,2,16770,10,1387
12275,05/18/2020T05:50:00 ,138393,373,751,72,110,79,2,16770,10,1387
12276,05/18/2020T06:00:00 ,138393,371,749,72,110,79,2,16774,10,1383
12277,05/18/2020T06:10:00 ,138393,370,750,72,110,79,2,16774,10,1383
12278,05/18/2020T06:20:00 ,138393,367,753,72,109,79,2,16775,10,1382
12279,05/18/2020T06:30:00 ,138392,368,752,72,109,79,2,16776,10,1382
12280,05/18/2020T06:40:00 ,138390,369,753,71,110,79,2,16776,10,1384
12281,05/18/2020T06:50:00 ,138390,369,752,71,110,79,2,16777,10,1383
12282,05/18/2020T07:00:00 ,138390,368,753,71,109,79,2,16778,10,1382
12283,05/18/2020T07:10:00 ,138390,368,751,71,108,79,2,16781,10,1379
12284,05/18/2020T07:20:00 ,138390,365,751,72,109,79,2,16782,10,1378
12285,05/18/2020T07:30:00 ,138390,365,751,72,109,79,2,16782,10,1378
12286,05/18/2020T07:40:00 ,138389,364,752,71,110,79,2,16783,10,1378
12287,05/18/2020T07:50:00 ,138388,365,749,70,111,79,2,16786,10,1376
12288,05/18/2020T08:00:00 ,138388,365,748,70,111,79,2,16787,10,1375
12289,05/18/2020T08:10:00 ,138388,364,748,71,111,79,2,16787,10,1375
12290,05/18/2020T08:20:00 ,138388,362,749,71,111,79,2,16788,10,1374
12291,05/18/2020T08:30:00 ,138388,359,750,71,111,79,2,16790,10,1372
12292,05/18/2020T08:40:00 ,138388,358,750,72,111,79,2,16790,10,1372
12293,05/18/2020T08:50:00 ,138387,358,750,72,111,79,2,16791,10,1372
12294,05/18/2020T09:00:00 ,138387,353,755,72,111,79,2,16791,10,1372
12295,05/18/2020T09:10:00 ,138387,352,755,72,111,79,2,16792,10,1371
12296,05/18/2020T09:20:00 ,138387,352,755,72,111,79,2,16792,10,1371
12297,05/18/2020T09:30:00 ,138385,353,756,72,111,79,2,16792,10,1373
12298,05/18/2020T09:40:00 ,138385,351,757,71,112,79,2,16793,10,1372
12299,05/18/2020T09:50:00 ,138385,350,757,71,111,79,2,16795,10,1370
12300,05/18/2020T10:00:00 ,138385,347,760,70,111,79,2,16796,10,1369
12301,05/18/2020T10:10:00 ,138385,344,762,69,112,79,2,16797,10,1368
12302,05/18/2020T10:20:00 ,138385,344,762,69,112,79,2,16797,10,1368
12303,05/18/2020T10:30:00 ,138385,342,761,69,112,79,2,16800,10,1365
12304,05/18/2020T10:40:00 ,138385,339,763,69,112,79,2,16801,10,1364
12305,05/18/2020T10:50:00 ,138385,338,763,69,111,79,2,16803,10,1362
12306,05/18/2020T11:00:00 ,138385,338,762,69,111,79,2,16804,10,1361
12307,05/18/2020T11:10:00 ,138385,337,763,69,110,79,2,16805,10,1360
12308,05/18/2020T11:20:00 ,138382,339,763,69,110,79,2,16806,10,1362
12309,05/18/2020T11:30:00 ,138381,338,763,70,110,79,2,16807,10,1362
12310,05/18/2020T11:40:00 ,138380,338,764,69,111,79,2,16807,10,1363
12311,05/18/2020T11:50:00 ,138380,337,765,69,111,79,2,16807,10,1363
12312,05/18/2020T12:00:00 ,138379,336,766,70,111,79,2,16807,10,1364
12313,05/18/2020T12:10:00 ,138379,335,765,69,112,79,2,16809,10,1362
12314,05/18/2020T12:20:00 ,138378,336,763,69,112,79,2,16811,10,1361
12315,05/18/2020T12:30:00 ,138377,335,764,69,112,79,2,16812,10,1361
12316,05/18/2020T12:40:00 ,138377,335,763,69,112,79,2,16813,10,1360
12317,05/18/2020T12:50:00 ,138377,335,762,69,112,79,2,16814,10,1359
12318,05/18/2020T13:00:00 ,138377,334,760,69,112,78,2,16818,10,1355
12319,05/18/2020T13:10:00 ,138377,332,761,69,111,78,2,16820,10,1353
12320,05/18/2020T13:20:00 ,138376,331,760,69,111,77,2,16824,10,1350
12321,05/18/2020T13:30:00 ,138375,330,759,70,111,77,2,16826,10,1349
12322,05/18/2020T13:40:00 ,138375,329,757,70,111,77,2,16829,10,1346
12323,05/18/2020T13:50:00 ,138375,329,756,70,111,77,2,16830,10,1345
12324,05/18/2020T14:00:00 ,138375,328,757,69,112,77,2,16830,10,1345
12325,05/18/2020T14:10:00 ,138375,325,758,68,113,77,2,16832,10,1343
12326,05/18/2020T14:20:00 ,138375,323,760,66,114,78,2,16832,10,1343
12327,05/18/2020T14:30:00 ,138375,322,757,67,114,77,3,16835,10,1340
12328,05/18/2020T14:40:00 ,138375,320,758,67,114,77,3,16836,10,1339
12329,05/18/2020T14:50:00 ,138375,319,758,68,114,77,3,16836,10,1339
12330,05/18/2020T15:00:00 ,138373,321,758,68,112,77,3,16838,10,1339
12331,05/18/2020T15:10:00 ,138373,321,757,68,112,76,3,16840,10,1337
12332,05/18/2020T15:20:00 ,138373,320,756,68,112,76,3,16842,10,1335
12333,05/18/2020T15:30:00 ,138372,321,755,68,111,77,3,16843,10,1335
12334,05/18/2020T15:40:00 ,138371,321,754,69,111,77,3,16844,10,1335
12335,05/18/2020T15:50:00 ,138369,323,753,69,111,77,3,16845,10,1336
12336,05/18/2020T16:00:00 ,138369,321,754,69,111,77,3,16846,10,1335
12337,05/18/2020T16:10:00 ,138368,321,752,69,111,77,3,16849,10,1333
12338,05/18/2020T16:20:00 ,138368,321,750,69,111,77,3,16851,10,1331
12339,05/18/2020T16:30:00 ,138368,319,751,69,110,77,3,16853,10,1329
12340,05/18/2020T16:40:00 ,138367,317,752,68,111,77,3,16855,10,1328
12341,05/18/2020T16:50:00 ,138365,316,754,68,112,77,3,16855,10,1330
12342,05/18/2020T17:00:00 ,138365,313,757,67,113,77,3,16855,10,1330
12343,05/18/2020T17:10:00 ,138365,313,755,67,113,77,3,16857,10,1328
12344,05/18/2020T17:20:00 ,138365,311,756,68,113,77,3,16857,10,1328
12345,05/18/2020T17:30:00 ,138365,311,753,68,113,77,3,16860,10,1325
12346,05/18/2020T17:40:00 ,138365,309,755,68,113,77,3,16860,10,1325
12347,05/18/2020T17:50:00 ,138365,308,755,69,113,77,3,16860,10,1325
12348,05/18/2020T18:00:00 ,138365,307,756,69,113,77,3,16860,10,1325
12349,05/18/2020T18:10:00 ,138365,307,755,69,113,77,3,16861,10,1324
12350,05/18/2020T18:20:00 ,138364,307,756,69,113,77,3,16861,10,1325
12351,05/18/2020T18:30:00 ,138363,307,757,68,113,78,3,16861,10,1326
12352,05/18/2020T18:40:00 ,138362,306,758,68,113,78,3,16862,10,1326
12353,05/18/2020T18:50:00 ,138362,304,759,68,113,78,3,16863,10,1325
12354,05/18/2020T19:00:00 ,138361,305,756,68,113,78,3,16866,10,1323
12355,05/18/2020T19:10:00 ,138360,306,755,68,113,77,3,16868,10,1322
12356,05/18/2020T19:20:00 ,138359,305,753,70,113,77,3,16870,10,1321
12357,05/18/2020T19:30:00 ,138359,302,750,70,114,77,3,16875,10,1316
12358,05/18/2020T19:40:00 ,138359,302,750,70,113,77,3,16876,10,1315
12359,05/18/2020T19:50:00 ,138359,302,750,69,114,77,3,16876,10,1315
12360,05/18/2020T20:00:00 ,138359,300,751,69,113,77,3,16878,10,1313
12361,05/18/2020T20:10:00 ,138358,301,749,69,113,77,3,16880,10,1312
12362,05/18/2020T20:20:00 ,138355,304,749,69,113,77,3,16880,10,1315
12363,05/18/2020T20:30:00 ,138354,305,749,69,113,77,3,16880,10,1316
12364,05/18/2020T20:40:00 ,138352,306,749,69,113,77,3,16881,10,1317
12365,05/18/2020T20:50:00 ,138352,305,750,68,114,77,3,16881,10,1317
12366,05/18/2020T21:00:00 ,138351,306,749,68,114,77,3,16882,10,1317
12367,05/18/2020T21:10:00 ,138350,305,750,68,114,77,3,16883,10,1317
12368,05/18/2020T21:20:00 ,138350,303,749,69,114,77,3,16885,10,1315
12369,05/18/2020T21:30:00 ,138350,301,750,69,114,77,3,16886,10,1314
12370,05/18/2020T21:40:00 ,138350,300,750,68,114,76,3,16889,10,1311
12371,05/18/2020T21:50:00 ,138348,302,748,67,115,76,3,16891,10,1311
12372,05/18/2020T22:00:00 ,138347,302,749,67,114,76,3,16892,10,1311
12373,05/18/2020T22:10:00 ,138347,301,749,68,114,76,3,16892,10,1311
12374,05/18/2020T22:20:00 ,138346,301,747,67,115,76,3,16895,10,1309
12375,05/18/2020T22:30:00 ,138346,301,747,67,113,76,3,16897,10,1307
12376,05/18/2020T22:40:00 ,138346,300,748,67,113,76,3,16897,10,1307
12377,05/18/2020T22:50:00 ,138346,299,749,67,113,76,3,16897,10,1307
12378,05/18/2020T23:00:00 ,138346,299,747,67,113,76,3,16899,10,1305
12379,05/18/2020T23:10:00 ,138346,297,746,69,113,75,3,16901,10,1303
12380,05/18/2020T23:20:00 ,138346,294,748,69,114,75,3,16901,10,1303
12381,05/18/2020T23:30:00 ,138346,291,751,69,113,75,3,16902,10,1302
12382,05/18/2020T23:40:00 ,138345,291,748,70,112,75,3,16906,10,1299
12383,05/18/2020T23:50:00 ,138345,290,746,71,112,75,3,16908,10,1297
12384,05/19/2020T00:00:00 ,138344,291,745,71,112,74,3,16910,10,1296
12385,05/19/2020T00:10:00 ,138344,291,745,71,112,74,3,16910,10,1296
12386,05/19/2020T00:20:00 ,138344,291,744,71,111,74,3,16912,10,1294
12387,05/19/2020T00:30:00 ,138344,291,742,71,111,74,3,16914,10,1292
12388,05/19/2020T00:40:00 ,138344,289,742,71,112,74,3,16915,10,1291
12389,05/19/2020T00:50:00 ,138344,288,742,71,112,74,3,16916,10,1290
12390,05/19/2020T01:00:00 ,138344,287,742,71,112,74,3,16917,10,1289
12391,05/19/2020T01:10:00 ,138344,286,743,71,112,74,3,16917,10,1289
12392,05/19/2020T01:20:00 ,138344,286,741,70,112,74,3,16920,10,1286
12393,05/19/2020T01:30:00 ,138344,285,742,70,112,73,3,16921,10,1285
12394,05/19/2020T01:40:00 ,138344,283,741,70,112,73,3,16924,10,1282
12395,05/19/2020T01:50:00 ,138344,281,740,71,112,73,3,16926,10,1280
12396,05/19/2020T02:00:00 ,138344,281,740,71,112,73,3,16926,10,1280
12397,05/19/2020T02:10:00 ,138343,282,740,71,112,73,3,16926,10,1281
12398,05/19/2020T02:20:00 ,138343,282,738,71,112,73,3,16928,10,1279
12399,05/19/2020T02:30:00 ,138343,282,737,71,112,73,3,16929,10,1278
12400,05/19/2020T02:40:00 ,138343,282,736,70,113,73,3,16930,10,1277
12401,05/19/2020T02:50:00 ,138343,282,735,69,114,73,3,16931,10,1276
12402,05/19/2020T03:00:00 ,138343,281,734,69,114,73,3,16933,10,1274
12403,05/19/2020T03:10:00 ,138343,279,736,67,116,73,3,16933,10,1274
12404,05/19/2020T03:20:00 ,138343,279,734,67,116,73,3,16935,10,1272
12405,05/19/2020T03:30:00 ,138343,279,734,67,116,73,3,16935,10,1272
12406,05/19/2020T03:40:00 ,138343,278,732,67,117,73,3,16937,10,1270
12407,05/19/2020T03:50:00 ,138343,277,731,68,116,73,3,16939,10,1268
12408,05/19/2020T04:00:00 ,138343,277,730,68,116,73,3,16940,10,1267
12409,05/19/2020T04:10:00 ,138342,278,729,68,116,73,3,16941,10,1267
12410,05/19/2020T04:20:00 ,138342,278,725,68,115,73,3,16946,10,1262
12411,05/19/2020T04:30:00 ,138342,277,726,68,114,73,3,16947,10,1261
12412,05/19/2020T04:40:00 ,138342,274,728,67,115,72,3,16949,10,1259
12413,05/19/2020T04:50:00 ,138342,274,727,67,115,72,3,16950,10,1258
12414,05/19/2020T05:00:00 ,138342,274,727,66,116,72,3,16950,10,1258
12415,05/19/2020T05:10:00 ,138341,275,725,66,116,71,3,16953,10,1256
12416,05/19/2020T05:20:00 ,138341,274,723,66,117,71,3,16955,10,1254
12417,05/19/2020T05:30:00 ,138339,276,722,65,118,71,3,16956,10,1255
12418,05/19/2020T05:40:00 ,138338,277,721,65,118,71,3,16957,10,1255
12419,05/19/2020T05:50:00 ,138337,277,722,65,117,71,3,16958,10,1255
12420,05/19/2020T06:00:00 ,138337,277,721,65,117,71,3,16959,10,1254
12421,05/19/2020T06:10:00 ,138337,276,717,65,116,71,3,16965,10,1248
12422,05/19/2020T06:20:00 ,138337,276,716,65,116,71,3,16966,10,1247
12423,05/19/2020T06:30:00 ,138337,273,717,66,116,71,3,16967,10,1246
12424,05/19/2020T06:40:00 ,138337,271,717,67,115,71,3,16969,10,1244
12425,05/19/2020T06:50:00 ,138337,271,716,67,115,71,3,16970,10,1243
12426,05/19/2020T07:00:00 ,138336,269,718,66,116,71,3,16971,10,1243
12427,05/19/2020T07:10:00 ,138336,268,717,66,116,70,3,16974,10,1240
12428,05/19/2020T07:20:00 ,138336,267,717,67,114,70,3,16976,10,1238
12429,05/19/2020T07:30:00 ,138336,265,717,66,114,70,3,16979,10,1235
12430,05/19/2020T07:40:00 ,138335,264,717,66,114,69,3,16982,10,1233
12431,05/19/2020T07:50:00 ,138335,262,719,65,115,69,3,16982,10,1233
12432,05/19/2020T08:00:00 ,138334,262,718,63,117,69,3,16984,10,1232
12433,05/19/2020T08:10:00 ,138334,262,716,62,117,69,3,16987,10,1229
12434,05/19/2020T08:20:00 ,138330,266,716,62,117,69,3,16987,10,1233
12435,05/19/2020T08:30:00 ,138328,268,715,61,118,69,3,16988,10,1234
12436,05/19/2020T08:40:00 ,138327,267,716,61,118,69,3,16989,10,1234
12437,05/19/2020T08:50:00 ,138325,268,717,61,118,69,3,16989,10,1236
12438,05/19/2020T09:00:00 ,138324,269,716,61,118,69,3,16990,10,1236
12439,05/19/2020T09:10:00 ,138319,274,714,61,118,69,3,16992,10,1239
12440,05/19/2020T09:20:00 ,138318,275,714,61,118,69,3,16992,10,1240
12441,05/19/2020T09:30:00 ,138316,277,711,61,117,69,3,16996,10,1238
12442,05/19/2020T09:40:00 ,138312,281,711,61,117,69,3,16996,10,1242
12443,05/19/2020T09:50:00 ,138309,283,711,61,117,69,3,16997,10,1244
12444,05/19/2020T10:00:00 ,138306,285,712,61,117,69,3,16997,10,1247
12445,05/19/2020T10:10:00 ,138303,287,712,61,117,69,3,16998,10,1249
12446,05/19/2020T10:20:00 ,138298,291,712,61,116,69,3,17000,10,1252
12447,05/19/2020T10:30:00 ,138293,293,711,62,116,69,3,17003,10,1254
12448,05/19/2020T10:40:00 ,138291,294,712,62,116,69,3,17003,10,1256
12449,05/19/2020T10:50:00 ,138290,294,711,62,116,69,3,17005,10,1255
12450,05/19/2020T11:00:00 ,138288,295,710,62,116,69,3,17007,10,1255
12451,05/19/2020T11:10:00 ,138286,295,712,62,116,69,3,17007,10,1257
12452,05/19/2020T11:20:00 ,138282,296,715,62,116,69,3,17007,10,1261
12453,05/19/2020T11:30:00 ,138279,298,716,62,116,69,3,17007,10,1264
12454,05/19/2020T11:40:00 ,138277,298,713,63,116,69,3,17011,10,1262
12455,05/19/2020T11:50:00 ,138276,299,713,61,118,69,3,17011,10,1263
12456,05/19/2020T12:00:00 ,138274,301,710,61,117,69,4,17014,10,1262
12457,05/19/2020T12:10:00 ,138270,305,709,61,116,69,4,17016,10,1264
12458,05/19/2020T12:20:00 ,138266,308,709,61,115,70,4,17017,10,1267
12459,05/19/2020T12:30:00 ,138265,308,709,62,115,70,4,17017,10,1268
12460,05/19/2020T12:40:00 ,138262,308,710,63,115,70,4,17018,10,1270
12461,05/19/2020T12:50:00 ,138260,309,711,63,114,70,4,17019,10,1271
12462,05/19/2020T13:00:00 ,138260,307,711,64,114,70,4,17020,10,1270
12463,05/19/2020T13:10:00 ,138258,308,712,64,114,70,4,17020,10,1272
12464,05/19/2020T13:20:00 ,138254,311,712,64,114,70,4,17021,10,1275
12465,05/19/2020T13:30:00 ,138252,313,712,64,114,70,4,17021,10,1277
12466,05/19/2020T13:40:00 ,138251,314,711,64,113,70,4,17023,10,1276
12467,05/19/2020T13:50:00 ,138247,317,709,65,113,70,4,17025,10,1278
12468,05/19/2020T14:00:00 ,138244,319,708,65,114,70,4,17026,10,1280
12469,05/19/2020T14:10:00 ,138243,320,708,64,114,70,4,17027,10,1280
12470,05/19/2020T14:20:00 ,138242,321,706,63,115,70,4,17029,10,1279
12471,05/19/2020T14:30:00 ,138239,324,706,63,115,70,4,17029,10,1282
12472,05/19/2020T14:40:00 ,138231,329,707,64,114,70,4,17031,10,1288
12473,05/19/2020T14:50:00 ,138229,330,708,64,114,70,4,17031,10,1290
12474,05/19/2020T15:00:00 ,138228,330,708,63,115,70,4,17032,10,1290
12475,05/19/2020T15:10:00 ,138224,334,708,62,116,70,4,17032,10,1294
12476,05/19/2020T15:20:00 ,138216,341,708,62,116,70,4,17033,10,1301
12477,05/19/2020T15:30:00 ,138215,342,707,62,114,70,4,17036,10,1299
12478,05/19/2020T15:40:00 ,138212,342,708,62,114,70,4,17038,10,1300
12479,05/19/2020T15:50:00 ,138210,344,707,62,114,70,4,17039,10,1301
12480,05/19/2020T16:00:00 ,138209,344,704,62,115,70,4,17042,10,1299
12481,05/19/2020T16:10:00 ,138206,347,703,62,115,70,4,17043,10,1301
12482,05/19/2020T16:20:00 ,138205,347,701,62,115,70,4,17046,10,1299
12483,05/19/2020T16:30:00 ,138205,346,702,62,114,71,4,17046,10,1299
12484,05/19/2020T16:40:00 ,138203,348,701,62,113,71,4,17048,10,1299
12485,05/19/2020T16:50:00 ,138203,347,701,63,113,71,4,17048,10,1299
12486,05/19/2020T17:00:00 ,138201,349,699,63,113,71,4,17050,10,1299
12487,05/19/2020T17:10:00 ,138197,353,698,63,113,71,4,17051,10,1302
12488,05/19/2020T17:20:00 ,138196,354,696,63,113,70,4,17054,10,1300
12489,05/19/2020T17:30:00 ,138196,354,696,63,112,70,4,17055,10,1299
12490,05/19/2020T17:40:00 ,138196,354,695,63,112,70,4,17056,10,1298
12491,05/19/2020T17:50:00 ,138196,354,695,62,113,70,4,17056,10,1298
12492,05/19/2020T18:00:00 ,138196,354,695,62,113,70,4,17056,10,1298
12493,05/19/2020T18:10:00 ,138196,352,693,62,111,70,4,17062,10,1292
12494,05/19/2020T18:20:00 ,138195,351,695,61,112,70,4,17062,10,1293
12495,05/19/2020T18:30:00 ,138195,350,695,61,112,70,4,17063,10,1292
12496,05/19/2020T18:40:00 ,138195,350,695,61,112,70,4,17063,10,1292
12497,05/19/2020T18:50:00 ,138195,347,697,61,112,70,4,17064,10,1291
12498,05/19/2020T19:00:00 ,138195,347,697,61,111,70,4,17065,10,1290
12499,05/19/2020T19:10:00 ,138195,347,696,59,112,70,4,17067,10,1288
12500,05/19/2020T19:20:00 ,138195,346,694,60,111,70,4,17070,10,1285
12501,05/19/2020T19:30:00 ,138194,344,694,61,111,70,4,17072,10,1284
12502,05/19/2020T19:40:00 ,138194,344,694,60,110,70,4,17074,10,1282
12503,05/19/2020T19:50:00 ,138194,344,694,60,110,70,4,17074,10,1282
12504,05/19/2020T20:00:00 ,138194,343,694,61,110,70,4,17074,10,1282
12505,05/19/2020T20:10:00 ,138194,342,695,61,109,70,4,17075,10,1281
12506,05/19/2020T20:20:00 ,138194,342,695,59,110,70,4,17076,10,1280
12507,05/19/2020T20:30:00 ,138194,342,695,58,111,70,4,17076,10,1280
12508,05/19/2020T20:40:00 ,138194,342,692,58,111,70,4,17079,10,1277
12509,05/19/2020T20:50:00 ,138194,341,693,58,110,70,4,17080,10,1276
12510,05/19/2020T21:00:00 ,138194,341,693,58,110,70,4,17080,10,1276
12511,05/19/2020T21:10:00 ,138193,341,692,58,109,70,4,17083,10,1274
12512,05/19/2020T21:20:00 ,138192,342,692,58,108,70,4,17084,10,1274
12513,05/19/2020T21:30:00 ,138192,339,691,59,108,70,4,17087,10,1271
12514,05/19/2020T21:40:00 ,138192,338,690,59,109,70,4,17088,10,1270
12515,05/19/2020T21:50:00 ,138192,338,689,59,109,70,4,17089,10,1269
12516,05/19/2020T22:00:00 ,138192,337,689,60,109,70,4,17089,10,1269
12517,05/19/2020T22:10:00 ,138192,337,687,60,109,70,4,17091,10,1267
12518,05/19/2020T22:20:00 ,138192,336,687,59,110,70,4,17092,10,1266
12519,05/19/2020T22:30:00 ,138191,337,687,59,110,70,4,17092,10,1267
12520,05/19/2020T22:40:00 ,138191,337,685,59,109,70,4,17095,10,1264
12521,05/19/2020T22:50:00 ,138191,337,683,59,109,70,4,17097,10,1262
12522,05/19/2020T23:00:00 ,138191,337,683,59,109,70,4,17097,10,1262
12523,05/19/2020T23:10:00 ,138191,337,683,59,109,70,4,17097,10,1262
12524,05/19/2020T23:20:00 ,138191,335,685,59,108,70,4,17098,10,1261
12525,05/19/2020T23:30:00 ,138190,336,684,59,107,70,4,17100,10,1260
12526,05/19/2020T23:40:00 ,138190,336,683,57,109,70,4,17101,10,1259
12527,05/19/2020T23:50:00 ,138190,335,684,57,108,70,4,17102,10,1258
12528,05/20/2020T00:00:00 ,138190,334,682,57,108,70,4,17105,10,1255
12529,05/20/2020T00:10:00 ,138190,334,682,57,108,70,4,17105,10,1255
12530,05/20/2020T00:20:00 ,138190,332,682,57,109,70,4,17106,10,1254
12531,05/20/2020T00:30:00 ,138190,332,681,57,109,70,4,17107,10,1253
12532,05/20/2020T00:40:00 ,138190,332,679,57,109,70,4,17109,10,1251
12533,05/20/2020T00:50:00 ,138190,331,679,57,108,70,4,17111,10,1249
12534,05/20/2020T01:00:00 ,138190,331,678,57,108,70,4,17112,10,1248
12535,05/20/2020T01:10:00 ,138190,331,676,57,108,70,4,17114,10,1246
12536,05/20/2020T01:20:00 ,138190,330,676,57,108,70,4,17115,10,1245
12537,05/20/2020T01:30:00 ,138190,330,675,57,108,70,4,17116,10,1244
12538,05/20/2020T01:40:00 ,138190,330,675,57,108,70,4,17116,10,1244
12539,05/20/2020T01:50:00 ,138190,330,673,57,108,70,4,17118,10,1242
12540,05/20/2020T02:00:00 ,138189,330,672,57,109,70,4,17119,10,1242
12541,05/20/2020T02:10:00 ,138188,331,671,57,109,69,4,17121,10,1241
12542,05/20/2020T02:20:00 ,138188,331,670,57,108,69,4,17123,10,1239
12543,05/20/2020T02:30:00 ,138188,331,670,57,108,69,4,17123,10,1239
12544,05/20/2020T02:40:00 ,138187,332,669,57,108,69,4,17124,10,1239
12545,05/20/2020T02:50:00 ,138186,333,668,57,107,69,4,17126,10,1238
12546,05/20/2020T03:00:00 ,138185,333,667,58,107,69,4,17127,10,1238
12547,05/20/2020T03:10:00 ,138184,333,668,58,107,69,4,17127,10,1239
12548,05/20/2020T03:20:00 ,138183,332,669,59,107,69,4,17127,10,1240
12549,05/20/2020T03:30:00 ,138183,332,667,59,106,68,4,17131,10,1236
12550,05/20/2020T03:40:00 ,138183,332,664,59,106,68,4,17134,10,1233
12551,05/20/2020T03:50:00 ,138183,332,663,59,106,68,4,17135,10,1232
12552,05/20/2020T04:00:00 ,138183,332,662,59,106,68,4,17136,10,1231
12553,05/20/2020T04:10:00 ,138183,331,663,59,106,68,4,17136,10,1231
12554,05/20/2020T04:20:00 ,138183,330,662,59,106,68,4,17138,10,1229
12555,05/20/2020T04:30:00 ,138183,328,663,59,106,68,4,17139,10,1228
12556,05/20/2020T04:40:00 ,138182,329,662,59,105,68,4,17141,10,1227
12557,05/20/2020T04:50:00 ,138182,327,661,61,105,68,4,17142,10,1226
12558,05/20/2020T05:00:00 ,138182,327,659,61,105,68,4,17144,10,1224
12559,05/20/2020T05:10:00 ,138182,327,657,61,105,68,4,17146,10,1222
12560,05/20/2020T05:20:00 ,138182,327,657,61,105,68,4,17146,10,1222
12561,05/20/2020T05:30:00 ,138182,327,656,61,105,68,4,17147,10,1221
12562,05/20/2020T05:40:00 ,138182,326,657,61,104,68,4,17148,10,1220
12563,05/20/2020T05:50:00 ,138182,326,655,61,104,68,4,17150,10,1218
12564,05/20/2020T06:00:00 ,138181,326,655,61,104,68,4,17151,10,1218
12565,05/20/2020T06:10:00 ,138181,325,656,60,105,68,4,17151,10,1218
12566,05/20/2020T06:20:00 ,138181,325,654,60,105,67,4,17154,10,1215
12567,05/20/2020T06:30:00 ,138180,326,654,60,105,67,4,17154,10,1216
12568,05/20/2020T06:40:00 ,138179,326,655,60,105,67,4,17154,10,1217
12569,05/20/2020T06:50:00 ,138179,324,656,60,105,67,4,17155,10,1216
12570,05/20/2020T07:00:00 ,138178,323,656,60,105,67,4,17157,10,1215
12571,05/20/2020T07:10:00 ,138178,323,652,60,104,67,4,17162,10,1210
12572,05/20/2020T07:20:00 ,138178,323,652,59,105,67,4,17162,10,1210
12573,05/20/2020T07:30:00 ,138177,322,654,59,105,67,4,17162,10,1211
12574,05/20/2020T07:40:00 ,138176,319,657,60,105,67,4,17162,10,1212
12575,05/20/2020T07:50:00 ,138176,319,655,60,105,67,4,17164,10,1210
12576,05/20/2020T08:00:00 ,138175,319,652,61,104,66,4,17169,10,1206
12577,05/20/2020T08:10:00 ,138175,319,651,61,103,66,4,17171,10,1204
12578,05/20/2020T08:20:00 ,138174,320,651,61,103,66,4,17171,10,1205
12579,05/20/2020T08:30:00 ,138173,319,651,62,103,66,4,17172,10,1205
12580,05/20/2020T08:40:00 ,138173,319,647,62,103,66,4,17176,10,1201
12581,05/20/2020T08:50:00 ,138169,323,647,62,103,66,4,17176,10,1205
12582,05/20/2020T09:00:00 ,138168,323,648,62,103,66,4,17176,10,1206
12583,05/20/2020T09:10:00 ,138168,323,648,62,102,67,4,17176,10,1206
12584,05/20/2020T09:20:00 ,138167,323,648,63,101,67,4,17177,10,1206
12585,05/20/2020T09:30:00 ,138163,327,648,63,101,67,4,17177,10,1210
12586,05/20/2020T09:40:00 ,138162,327,647,63,99,67,4,17181,10,1207
12587,05/20/2020T09:50:00 ,138160,329,644,63,99,67,4,17184,10,1206
12588,05/20/2020T10:00:00 ,138159,330,644,61,100,67,4,17185,10,1206
12589,05/20/2020T10:10:00 ,138156,333,644,61,100,67,4,17185,10,1209
12590,05/20/2020T10:20:00 ,138156,333,641,61,100,67,4,17188,10,1206
12591,05/20/2020T10:30:00 ,138152,336,642,61,99,67,4,17189,10,1209
12592,05/20/2020T10:40:00 ,138149,339,641,61,99,67,4,17190,10,1211
12593,05/20/2020T10:50:00 ,138147,341,641,61,99,67,4,17190,10,1213
12594,05/20/2020T11:00:00 ,138141,346,640,61,100,67,4,17191,10,1218
12595,05/20/2020T11:10:00 ,138137,350,638,61,99,67,4,17194,10,1219
12596,05/20/2020T11:20:00 ,138136,351,638,60,100,67,4,17194,10,1220
12597,05/20/2020T11:30:00 ,138132,353,639,61,100,67,4,17194,10,1224
12598,05/20/2020T11:40:00 ,138129,354,637,61,100,67,4,17198,10,1223
12599,05/20/2020T11:50:00 ,138127,356,637,61,100,67,4,17198,10,1225
12600,05/20/2020T12:00:00 ,138124,357,637,62,100,67,4,17199,10,1227
12601,05/20/2020T12:10:00 ,138122,359,635,62,100,66,4,17202,10,1226
12602,05/20/2020T12:20:00 ,138120,360,634,62,100,66,4,17204,10,1226
12603,05/20/2020T12:30:00 ,138120,359,633,62,100,66,4,17206,10,1224
12604,05/20/2020T12:40:00 ,138118,360,634,62,100,66,4,17206,10,1226
12605,05/20/2020T12:50:00 ,138116,360,635,62,100,66,4,17207,10,1227
12606,05/20/2020T13:00:00 ,138115,361,634,61,101,66,4,17208,10,1227
12607,05/20/2020T13:10:00 ,138111,364,632,61,100,66,4,17212,10,1227
12608,05/20/2020T13:20:00 ,138109,366,628,61,100,66,4,17216,10,1225
12609,05/20/2020T13:30:00 ,138108,366,628,61,100,66,4,17217,10,1225
12610,05/20/2020T13:40:00 ,138104,370,625,61,100,66,4,17220,10,1226
12611,05/20/2020T13:50:00 ,138101,372,625,61,100,66,4,17221,10,1228
12612,05/20/2020T14:00:00 ,138100,373,624,61,100,66,4,17222,10,1228
12613,05/20/2020T14:10:00 ,138096,376,624,60,101,65,4,17224,10,1230
12614,05/20/2020T14:20:00 ,138094,377,625,60,101,65,4,17224,10,1232
12615,05/20/2020T14:30:00 ,138093,377,625,60,101,65,4,17225,10,1232
12616,05/20/2020T14:40:00 ,138091,378,626,60,101,65,4,17225,10,1234
12617,05/20/2020T14:50:00 ,138087,381,626,60,101,64,4,17227,10,1236
12618,05/20/2020T15:00:00 ,138083,384,627,60,99,64,4,17229,10,1238
12619,05/20/2020T15:10:00 ,138082,383,629,59,100,64,4,17229,10,1239
12620,05/20/2020T15:20:00 ,138082,382,630,58,101,64,4,17229,10,1239
12621,05/20/2020T15:30:00 ,138081,383,628,58,101,64,4,17231,10,1238
12622,05/20/2020T15:40:00 ,138079,385,626,57,102,64,4,17233,10,1238
12623,05/20/2020T15:50:00 ,138078,386,626,57,102,64,4,17233,10,1239
12624,05/20/2020T16:00:00 ,138075,388,626,56,103,64,4,17234,10,1241
12625,05/20/2020T16:10:00 ,138071,392,624,56,103,64,4,17236,10,1243
12626,05/20/2020T16:20:00 ,138070,393,624,56,103,64,4,17236,10,1244
12627,05/20/2020T16:30:00 ,138070,393,624,56,102,64,4,17237,10,1243
12628,05/20/2020T16:40:00 ,138066,396,623,56,102,64,4,17239,10,1245
12629,05/20/2020T16:50:00 ,138066,395,622,55,102,64,4,17242,10,1242
12630,05/20/2020T17:00:00 ,138064,394,625,53,104,64,4,17242,10,1244
12631,05/20/2020T17:10:00 ,138064,394,624,53,103,64,4,17244,10,1242
12632,05/20/2020T17:20:00 ,138063,395,624,53,103,64,4,17244,10,1243
12633,05/20/2020T17:30:00 ,138063,395,624,51,105,64,4,17244,10,1243
12634,05/20/2020T17:40:00 ,138063,395,623,51,105,64,4,17245,10,1242
12635,05/20/2020T17:50:00 ,138063,394,622,51,105,64,4,17247,10,1240
12636,05/20/2020T18:00:00 ,138063,394,622,51,105,64,4,17247,10,1240
12637,05/20/2020T18:10:00 ,138062,394,621,52,105,64,4,17248,10,1240
12638,05/20/2020T18:20:00 ,138061,392,622,53,104,63,4,17251,10,1238
12639,05/20/2020T18:30:00 ,138061,392,620,53,104,63,4,17253,10,1236
12640,05/20/2020T18:40:00 ,138061,392,617,53,104,63,4,17256,10,1233
12641,05/20/2020T18:50:00 ,138061,391,616,54,104,63,4,17257,10,1232
12642,05/20/2020T19:00:00 ,138061,391,613,54,104,63,4,17260,10,1229
12643,05/20/2020T19:10:00 ,138061,391,611,54,104,63,4,17262,10,1227
12644,05/20/2020T19:20:00 ,138060,391,611,53,105,63,4,17263,10,1227
12645,05/20/2020T19:30:00 ,138060,391,611,52,106,63,4,17263,10,1227
12646,05/20/2020T19:40:00 ,138060,390,612,52,104,63,4,17265,10,1225
12647,05/20/2020T19:50:00 ,138060,388,614,52,104,63,4,17265,10,1225
12648,05/20/2020T20:00:00 ,138060,387,615,52,104,63,4,17265,10,1225
12649,05/20/2020T20:10:00 ,138060,387,614,52,104,63,4,17266,10,1224
12650,05/20/2020T20:20:00 ,138060,386,614,53,104,63,4,17266,10,1224
12651,05/20/2020T20:30:00 ,138060,386,614,53,104,63,4,17266,10,1224
12652,05/20/2020T20:40:00 ,138060,385,613,53,104,63,4,17268,10,1222
12653,05/20/2020T20:50:00 ,138059,384,614,52,105,63,4,17269,10,1222
12654,05/20/2020T21:00:00 ,138059,383,614,52,105,63,4,17270,10,1221
12655,05/20/2020T21:10:00 ,138059,382,614,51,106,63,4,17271,10,1220
12656,05/20/2020T21:20:00 ,138058,383,613,51,106,63,4,17272,10,1220
12657,05/20/2020T21:30:00 ,138058,383,613,51,106,63,4,17272,10,1220
12658,05/20/2020T21:40:00 ,138057,384,613,50,107,63,4,17272,10,1221
12659,05/20/2020T21:50:00 ,138057,382,615,50,107,63,4,17272,10,1221
12660,05/20/2020T22:00:00 ,138057,381,615,51,106,63,4,17273,10,1220
12661,05/20/2020T22:10:00 ,138057,381,614,51,106,63,4,17274,10,1219
12662,05/20/2020T22:20:00 ,138057,381,612,51,106,63,4,17276,10,1217
12663,05/20/2020T22:30:00 ,138057,381,610,51,106,63,4,17278,10,1215
12664,05/20/2020T22:40:00 ,138057,379,609,51,106,63,4,17281,10,1212
12665,05/20/2020T22:50:00 ,138057,378,608,49,107,63,4,17284,10,1209
12666,05/20/2020T23:00:00 ,138057,378,606,49,107,63,4,17286,10,1207
12667,05/20/2020T23:10:00 ,138056,377,607,49,107,63,4,17287,10,1207
12668,05/20/2020T23:20:00 ,138056,376,608,49,106,64,3,17288,10,1206
12669,05/20/2020T23:30:00 ,138056,374,609,49,106,64,3,17289,10,1205
12670,05/20/2020T23:40:00 ,138056,373,608,49,106,64,3,17291,10,1203
12671,05/20/2020T23:50:00 ,138056,371,610,48,107,64,3,17291,10,1203
12672,05/21/2020T00:00:00 ,138056,371,609,48,106,64,3,17293,10,1201
12673,05/21/2020T00:10:00 ,138056,371,609,48,106,64,3,17293,10,1201
12674,05/21/2020T00:20:00 ,138056,371,609,48,106,64,3,17293,10,1201
12675,05/21/2020T00:30:00 ,138056,370,610,48,106,63,3,17294,10,1200
12676,05/21/2020T00:40:00 ,138055,371,609,48,106,63,3,17295,10,1200
12677,05/21/2020T00:50:00 ,138055,371,608,47,107,63,3,17296,10,1199
12678,05/21/2020T01:00:00 ,138055,370,609,47,106,63,3,17297,10,1198
12679,05/21/2020T01:10:00 ,138054,370,609,47,105,63,3,17299,10,1197
12680,05/21/2020T01:20:00 ,138054,370,609,47,105,63,3,17299,10,1197
12681,05/21/2020T01:30:00 ,138054,370,607,47,105,63,3,17301,10,1195
12682,05/21/2020T01:40:00 ,138054,370,605,47,104,62,4,17304,10,1192
12683,05/21/2020T01:50:00 ,138054,368,606,48,102,62,4,17306,10,1190
12684,05/21/2020T02:00:00 ,138054,368,606,47,103,62,4,17306,10,1190
12685,05/21/2020T02:10:00 ,138054,368,604,47,103,62,4,17308,10,1188
12686,05/21/2020T02:20:00 ,138054,368,604,46,104,62,4,17308,10,1188
12687,05/21/2020T02:30:00 ,138054,367,603,45,105,62,4,17310,10,1186
12688,05/21/2020T02:40:00 ,138054,367,602,45,105,61,4,17312,10,1184
12689,05/21/2020T02:50:00 ,138053,368,602,45,105,61,4,17312,10,1185
12690,05/21/2020T03:00:00 ,138053,367,603,45,105,61,4,17312,10,1185
12691,05/21/2020T03:10:00 ,138053,367,602,44,105,61,4,17314,10,1183
12692,05/21/2020T03:20:00 ,138053,366,601,44,104,61,4,17317,10,1180
12693,05/21/2020T03:30:00 ,138053,365,600,45,104,61,4,17318,10,1179
12694,05/21/2020T03:40:00 ,138053,365,600,45,104,61,4,17318,10,1179
12695,05/21/2020T03:50:00 ,138053,364,601,45,104,61,4,17318,10,1179
12696,05/21/2020T04:00:00 ,138053,363,600,45,104,61,4,17320,10,1177
12697,05/21/2020T04:10:00 ,138053,362,600,45,103,61,4,17322,10,1175
12698,05/21/2020T04:20:00 ,138051,362,602,45,103,60,4,17323,10,1176
12699,05/21/2020T04:30:00 ,138051,360,602,45,104,60,4,17324,10,1175
12700,05/21/2020T04:40:00 ,138051,359,602,46,104,60,4,17324,10,1175
12701,05/21/2020T04:50:00 ,138051,358,602,46,104,60,4,17325,10,1174
12702,05/21/2020T05:00:00 ,138051,357,600,47,104,60,4,17327,10,1172
12703,05/21/2020T05:10:00 ,138051,357,599,47,104,60,4,17328,10,1171
12704,05/21/2020T05:20:00 ,138051,357,595,47,104,60,4,17332,10,1167
12705,05/21/2020T05:30:00 ,138050,356,594,47,104,60,4,17335,10,1165
12706,05/21/2020T05:40:00 ,138050,356,593,47,103,60,4,17337,10,1163
12707,05/21/2020T05:50:00 ,138050,356,590,47,103,60,4,17340,10,1160
12708,05/21/2020T06:00:00 ,138050,356,589,47,103,60,4,17341,10,1159
12709,05/21/2020T06:10:00 ,138050,354,586,47,103,60,4,17346,10,1154
12710,05/21/2020T06:20:00 ,138050,354,584,47,103,60,4,17348,10,1152
12711,05/21/2020T06:30:00 ,138050,354,584,47,103,60,4,17348,10,1152
12712,05/21/2020T06:40:00 ,138050,352,584,48,103,60,4,17349,10,1151
12713,05/21/2020T06:50:00 ,138050,352,584,47,104,60,4,17349,10,1151
12714,05/21/2020T07:00:00 ,138050,351,584,47,104,60,4,17350,10,1150
12715,05/21/2020T07:10:00 ,138050,351,580,47,104,60,4,17354,10,1146
12716,05/21/2020T07:20:00 ,138049,351,581,47,103,60,4,17355,10,1146
12717,05/21/2020T07:30:00 ,138049,350,581,48,103,60,4,17355,10,1146
12718,05/21/2020T07:40:00 ,138049,350,580,48,103,60,4,17356,10,1145
12719,05/21/2020T07:50:00 ,138048,350,580,48,103,60,4,17357,10,1145
12720,05/21/2020T08:00:00 ,138047,350,580,48,103,59,4,17359,10,1144
12721,05/21/2020T08:10:00 ,138047,350,579,47,104,59,4,17360,10,1143
12722,05/21/2020T08:20:00 ,138044,353,578,47,104,59,4,17361,10,1145
12723,05/21/2020T08:30:00 ,138040,356,579,47,103,59,4,17362,10,1148
12724,05/21/2020T08:40:00 ,138038,358,579,47,103,59,4,17362,10,1150
12725,05/21/2020T08:50:00 ,138037,358,578,47,104,59,4,17363,10,1150
12726,05/21/2020T09:00:00 ,138037,358,578,46,105,59,4,17363,10,1150
12727,05/21/2020T09:10:00 ,138036,358,577,47,105,59,4,17364,10,1150
12728,05/21/2020T09:20:00 ,138033,359,577,48,104,59,4,17366,10,1151
12729,05/21/2020T09:30:00 ,138029,362,576,48,104,59,4,17368,10,1153
12730,05/21/2020T09:40:00 ,138027,364,576,47,105,59,4,17368,10,1155
12731,05/21/2020T09:50:00 ,138025,365,577,47,105,59,4,17368,10,1157
12732,05/21/2020T10:00:00 ,138022,365,579,46,105,59,4,17370,10,1158
12733,05/21/2020T10:10:00 ,138018,365,581,46,106,59,4,17371,10,1161
12734,05/21/2020T10:20:00 ,138017,365,581,46,106,59,4,17372,10,1161
12735,05/21/2020T10:30:00 ,138014,366,580,47,106,59,4,17374,10,1162
12736,05/21/2020T10:40:00 ,138011,367,582,47,106,59,4,17374,10,1165
12737,05/21/2020T10:50:00 ,138009,369,581,47,106,59,4,17375,10,1166
12738,05/21/2020T11:00:00 ,138009,369,580,47,106,59,4,17376,10,1165
12739,05/21/2020T11:10:00 ,138007,371,580,46,107,58,4,17377,10,1166
12740,05/21/2020T11:20:00 ,138006,370,581,46,106,57,4,17380,10,1164
12741,05/21/2020T11:30:00 ,137999,377,580,46,105,58,4,17381,10,1170
12742,05/21/2020T11:40:00 ,137998,377,581,46,105,58,4,17381,10,1171
12743,05/21/2020T11:50:00 ,137997,377,579,46,104,58,4,17385,10,1168
12744,05/21/2020T12:00:00 ,137993,378,580,46,105,58,4,17386,10,1171
12745,05/21/2020T12:10:00 ,137991,379,580,46,105,58,4,17387,10,1172
12746,05/21/2020T12:20:00 ,137989,380,579,45,106,58,4,17389,10,1172
12747,05/21/2020T12:30:00 ,137988,378,581,45,106,58,4,17390,10,1172
12748,05/21/2020T12:40:00 ,137988,376,583,45,106,58,4,17390,10,1172
12749,05/21/2020T12:50:00 ,137987,377,583,45,105,58,4,17391,10,1172
12750,05/21/2020T13:00:00 ,137985,377,582,46,105,58,4,17393,10,1172
12751,05/21/2020T13:10:00 ,137984,377,583,46,105,58,4,17393,10,1173
12752,05/21/2020T13:20:00 ,137980,381,583,46,105,58,4,17393,10,1177
12753,05/21/2020T13:30:00 ,137978,381,585,46,105,58,4,17393,10,1179
12754,05/21/2020T13:40:00 ,137976,381,586,46,104,58,4,17395,10,1179
12755,05/21/2020T13:50:00 ,137976,379,587,46,104,58,4,17396,10,1178
12756,05/21/2020T14:00:00 ,137975,379,586,45,105,58,4,17398,10,1177
12757,05/21/2020T14:10:00 ,137973,380,587,44,106,58,4,17398,10,1179
12758,05/21/2020T14:20:00 ,137972,381,586,44,106,58,4,17399,10,1179
12759,05/21/2020T14:30:00 ,137970,382,587,44,106,58,4,17399,10,1181
12760,05/21/2020T14:40:00 ,137967,384,588,44,105,59,4,17399,10,1184
12761,05/21/2020T14:50:00 ,137964,387,585,44,105,59,4,17402,10,1184
12762,05/21/2020T15:00:00 ,137962,389,585,44,105,59,4,17402,10,1186
12763,05/21/2020T15:10:00 ,137959,391,586,44,105,58,5,17402,10,1189
12764,05/21/2020T15:20:00 ,137956,393,587,44,105,58,5,17402,10,1192
12765,05/21/2020T15:30:00 ,137956,391,588,44,105,58,5,17403,10,1191
12766,05/21/2020T15:40:00 ,137956,391,587,44,105,58,5,17404,10,1190
12767,05/21/2020T15:50:00 ,137953,394,587,43,104,57,6,17406,10,1191
12768,05/21/2020T16:00:00 ,137952,394,587,44,104,57,6,17406,10,1192
12769,05/21/2020T16:10:00 ,137950,395,585,44,104,57,6,17409,10,1191
12770,05/21/2020T16:20:00 ,137949,396,585,44,104,57,6,17409,10,1192
12771,05/21/2020T16:30:00 ,137949,396,581,44,104,57,6,17413,10,1188
12772,05/21/2020T16:40:00 ,137947,397,578,44,105,57,6,17416,10,1187
12773,05/21/2020T16:50:00 ,137946,397,576,45,105,57,6,17418,10,1186
12774,05/21/2020T17:00:00 ,137946,397,576,45,104,57,6,17419,10,1185
12775,05/21/2020T17:10:00 ,137945,395,578,45,104,56,6,17421,10,1184
12776,05/21/2020T17:20:00 ,137945,395,578,45,104,56,6,17421,10,1184
12777,05/21/2020T17:30:00 ,137943,396,579,45,104,56,6,17421,10,1186
12778,05/21/2020T17:40:00 ,137943,396,577,45,104,56,6,17423,10,1184
12779,05/21/2020T17:50:00 ,137943,394,577,47,104,56,6,17423,10,1184
12780,05/21/2020T18:00:00 ,137943,394,576,47,104,56,6,17424,10,1183
12781,05/21/2020T18:10:00 ,137942,393,577,47,104,56,6,17425,10,1183
12782,05/21/2020T18:20:00 ,137942,390,580,47,104,56,6,17425,10,1183
12783,05/21/2020T18:30:00 ,137942,389,580,47,104,55,6,17427,10,1181
12784,05/21/2020T18:40:00 ,137942,388,581,47,103,54,6,17429,10,1179
12785,05/21/2020T18:50:00 ,137941,388,579,47,103,54,6,17432,10,1177
12786,05/21/2020T19:00:00 ,137941,388,579,47,103,54,6,17432,10,1177
12787,05/21/2020T19:10:00 ,137940,388,579,47,102,54,6,17434,10,1176
12788,05/21/2020T19:20:00 ,137939,389,578,47,102,53,6,17436,10,1175
12789,05/21/2020T19:30:00 ,137939,389,577,47,102,53,6,17437,10,1174
12790,05/21/2020T19:40:00 ,137939,389,576,47,102,53,6,17438,10,1173
12791,05/21/2020T19:50:00 ,137939,389,575,47,102,53,6,17439,10,1172
12792,05/21/2020T20:00:00 ,137938,389,575,47,102,53,6,17440,10,1172
12793,05/21/2020T20:10:00 ,137938,387,577,45,104,53,6,17440,10,1172
12794,05/21/2020T20:20:00 ,137938,387,575,45,104,53,6,17442,10,1170
12795,05/21/2020T20:30:00 ,137938,387,574,45,104,53,6,17443,10,1169
12796,05/21/2020T20:40:00 ,137938,387,571,45,104,53,6,17446,10,1166
12797,05/21/2020T20:50:00 ,137938,387,569,45,104,53,6,17448,10,1164
12798,05/21/2020T21:00:00 ,137938,386,568,46,104,53,6,17449,10,1163
12799,05/21/2020T21:10:00 ,137938,383,570,46,104,53,6,17450,10,1162
12800,05/21/2020T21:20:00 ,137937,384,569,46,104,53,6,17451,10,1162
12801,05/21/2020T21:30:00 ,137936,383,571,45,105,53,6,17451,10,1163
12802,05/21/2020T21:40:00 ,137936,383,570,45,104,53,6,17453,10,1161
12803,05/21/2020T21:50:00 ,137936,382,570,45,104,53,6,17454,10,1160
12804,05/21/2020T22:00:00 ,137935,383,569,45,104,52,6,17456,10,1159
12805,05/21/2020T22:10:00 ,137935,382,569,45,104,52,6,17457,10,1158
12806,05/21/2020T22:20:00 ,137935,382,565,45,103,52,6,17462,10,1153
12807,05/21/2020T22:30:00 ,137934,382,563,45,103,52,6,17465,10,1151
12808,05/21/2020T22:40:00 ,137934,381,563,44,104,52,6,17466,10,1150
12809,05/21/2020T22:50:00 ,137934,381,562,44,104,52,6,17467,10,1149
12810,05/21/2020T23:00:00 ,137934,378,563,43,105,52,6,17469,10,1147
12811,05/21/2020T23:10:00 ,137934,376,564,44,105,52,6,17469,10,1147
12812,05/21/2020T23:20:00 ,137933,377,562,44,105,52,6,17471,10,1146
12813,05/21/2020T23:30:00 ,137932,378,560,44,105,52,6,17473,10,1145
12814,05/21/2020T23:40:00 ,137932,377,560,43,106,52,6,17474,10,1144
12815,05/21/2020T23:50:00 ,137932,376,561,43,105,52,6,17475,10,1143
12816,05/22/2020T00:00:00 ,137932,375,561,44,105,52,6,17475,10,1143
12817,05/22/2020T00:10:00 ,137932,375,560,42,107,52,6,17476,10,1142
12818,05/22/2020T00:20:00 ,137932,374,559,42,106,52,6,17479,10,1139
12819,05/22/2020T00:30:00 ,137932,373,556,42,106,52,6,17483,10,1135
12820,05/22/2020T00:40:00 ,137932,371,558,42,106,52,6,17483,10,1135
12821,05/22/2020T00:50:00 ,137931,370,559,43,106,52,6,17483,10,1136
12822,05/22/2020T01:00:00 ,137931,369,559,43,106,52,6,17484,10,1135
12823,05/22/2020T01:10:00 ,137931,369,557,43,106,52,6,17486,10,1133
12824,05/22/2020T01:20:00 ,137931,369,554,43,106,52,6,17489,10,1130
12825,05/22/2020T01:30:00 ,137930,370,552,43,106,52,6,17491,10,1129
12826,05/22/2020T01:40:00 ,137930,368,552,43,106,52,6,17493,10,1127
12827,05/22/2020T01:50:00 ,137930,368,551,42,107,51,6,17495,10,1125
12828,05/22/2020T02:00:00 ,137930,365,554,42,107,51,6,17495,10,1125
12829,05/22/2020T02:10:00 ,137930,364,554,42,107,51,6,17496,10,1124
12830,05/22/2020T02:20:00 ,137929,363,556,42,107,51,6,17496,10,1125
12831,05/22/2020T02:30:00 ,137929,360,557,42,107,51,6,17498,10,1123
12832,05/22/2020T02:40:00 ,137929,355,560,43,107,51,6,17499,10,1122
12833,05/22/2020T02:50:00 ,137929,355,559,42,108,51,6,17500,10,1121
12834,05/22/2020T03:00:00 ,137929,352,560,43,108,51,6,17501,10,1120
12835,05/22/2020T03:10:00 ,137929,352,560,43,107,51,6,17502,10,1119
12836,05/22/2020T03:20:00 ,137929,352,558,43,107,51,6,17504,10,1117
12837,05/22/2020T03:30:00 ,137929,350,560,43,106,51,6,17505,10,1116
12838,05/22/2020T03:40:00 ,137929,350,559,43,105,51,6,17507,10,1114
12839,05/22/2020T03:50:00 ,137929,350,557,43,105,51,6,17509,10,1112
12840,05/22/2020T04:00:00 ,137929,350,557,43,105,51,6,17509,10,1112
12841,05/22/2020T04:10:00 ,137929,349,558,43,105,51,6,17509,10,1112
12842,05/22/2020T04:20:00 ,137928,349,558,43,105,51,6,17510,10,1112
12843,05/22/2020T04:30:00 ,137928,348,558,43,104,51,6,17512,10,1110
12844,05/22/2020T04:40:00 ,137928,346,559,43,104,51,6,17513,10,1109
12845,05/22/2020T04:50:00 ,137928,345,560,42,105,51,6,17513,10,1109
12846,05/22/2020T05:00:00 ,137928,342,560,43,105,51,6,17515,10,1107
12847,05/22/2020T05:10:00 ,137928,342,560,43,104,51,6,17516,10,1106
12848,05/22/2020T05:20:00 ,137927,342,560,43,104,51,6,17517,10,1106
12849,05/22/2020T05:30:00 ,137927,342,560,43,104,51,6,17517,10,1106
12850,05/22/2020T05:40:00 ,137927,342,558,42,105,51,6,17519,10,1104
12851,05/22/2020T05:50:00 ,137927,342,558,42,105,51,6,17519,10,1104
12852,05/22/2020T06:00:00 ,137927,341,558,42,105,51,6,17520,10,1103
12853,05/22/2020T06:10:00 ,137926,340,560,42,105,51,6,17520,10,1104
12854,05/22/2020T06:20:00 ,137925,341,559,42,105,51,6,17521,10,1104
12855,05/22/2020T06:30:00 ,137924,341,557,43,105,51,6,17523,10,1103
12856,05/22/2020T06:40:00 ,137924,341,557,43,105,51,6,17523,10,1103
12857,05/22/2020T06:50:00 ,137924,341,555,43,105,51,6,17525,10,1101
12858,05/22/2020T07:00:00 ,137924,340,556,43,104,51,6,17526,10,1100
12859,05/22/2020T07:10:00 ,137923,341,554,43,104,51,6,17528,10,1099
12860,05/22/2020T07:20:00 ,137922,342,554,43,104,51,6,17528,10,1100
12861,05/22/2020T07:30:00 ,137922,342,553,43,103,50,6,17531,10,1097
12862,05/22/2020T07:40:00 ,137921,342,554,43,100,51,6,17533,10,1096
12863,05/22/2020T07:50:00 ,137920,343,552,43,100,51,6,17535,10,1095
12864,05/22/2020T08:00:00 ,137919,344,551,43,100,51,6,17536,10,1095
12865,05/22/2020T08:10:00 ,137917,346,551,43,100,51,6,17536,10,1097
12866,05/22/2020T08:20:00 ,137917,346,551,43,100,51,6,17536,10,1097
12867,05/22/2020T08:30:00 ,137916,345,552,43,100,51,6,17537,10,1097
12868,05/22/2020T08:40:00 ,137912,347,552,44,100,51,6,17538,10,1100
12869,05/22/2020T08:50:00 ,137911,348,551,44,100,51,6,17539,10,1100
12870,05/22/2020T09:00:00 ,137911,348,551,44,100,51,6,17539,10,1100
12871,05/22/2020T09:10:00 ,137908,350,551,43,101,51,6,17540,10,1102
12872,05/22/2020T09:20:00 ,137906,352,551,43,101,51,6,17540,10,1104
12873,05/22/2020T09:30:00 ,137905,353,551,43,101,51,6,17540,10,1105
12874,05/22/2020T09:40:00 ,137903,355,549,43,101,51,6,17542,10,1105
12875,05/22/2020T09:50:00 ,137901,356,549,43,101,51,6,17543,10,1106
12876,05/22/2020T10:00:00 ,137901,355,549,43,101,51,6,17544,10,1105
12877,05/22/2020T10:10:00 ,137899,356,549,43,101,51,6,17545,10,1106
12878,05/22/2020T10:20:00 ,137898,357,549,43,101,51,6,17545,10,1107
12879,05/22/2020T10:30:00 ,137896,359,549,42,101,51,6,17546,10,1108
12880,05/22/2020T10:40:00 ,137895,358,549,43,101,51,6,17547,10,1108
12881,05/22/2020T10:50:00 ,137893,359,550,43,101,51,6,17547,10,1110
12882,05/22/2020T11:00:00 ,137890,362,549,43,101,51,6,17548,10,1112
12883,05/22/2020T11:10:00 ,137889,363,548,42,102,51,6,17549,10,1112
12884,05/22/2020T11:20:00 ,137888,363,546,43,102,50,6,17552,10,1110
12885,05/22/2020T11:30:00 ,137884,367,545,43,102,50,6,17553,10,1113
12886,05/22/2020T11:40:00 ,137882,368,544,44,102,50,6,17554,10,1114
12887,05/22/2020T11:50:00 ,137882,368,544,44,102,50,6,17554,10,1114
12888,05/22/2020T12:00:00 ,137878,372,543,44,102,50,6,17555,10,1117
12889,05/22/2020T12:10:00 ,137877,373,543,44,102,50,6,17555,10,1118
12890,05/22/2020T12:20:00 ,137873,377,543,43,103,50,6,17555,10,1122
12891,05/22/2020T12:30:00 ,137871,379,543,42,104,50,6,17555,10,1124
12892,05/22/2020T12:40:00 ,137871,378,543,43,104,50,6,17555,10,1124
12893,05/22/2020T12:50:00 ,137870,377,542,44,104,50,6,17557,10,1123
12894,05/22/2020T13:00:00 ,137870,375,543,44,104,49,6,17559,10,1121
12895,05/22/2020T13:10:00 ,137870,374,543,44,104,49,6,17560,10,1120
12896,05/22/2020T13:20:00 ,137867,375,543,44,104,49,6,17562,10,1121
12897,05/22/2020T13:30:00 ,137863,377,542,45,104,49,6,17564,10,1123
12898,05/22/2020T13:40:00 ,137862,376,544,45,104,49,6,17564,10,1124
12899,05/22/2020T13:50:00 ,137858,378,545,45,103,49,6,17566,10,1126
12900,05/22/2020T14:00:00 ,137856,380,545,45,102,49,6,17567,10,1127
12901,05/22/2020T14:10:00 ,137854,380,546,44,103,49,6,17568,10,1128
12902,05/22/2020T14:20:00 ,137851,382,545,45,101,49,6,17571,10,1128
12903,05/22/2020T14:30:00 ,137850,383,545,45,101,49,6,17571,10,1129
12904,05/22/2020T14:40:00 ,137847,385,543,45,100,49,6,17575,10,1128
12905,05/22/2020T14:50:00 ,137847,384,543,45,100,49,6,17576,10,1127
12906,05/22/2020T15:00:00 ,137847,384,543,45,100,49,6,17576,10,1127
12907,05/22/2020T15:10:00 ,137844,387,540,45,100,49,6,17579,10,1127
12908,05/22/2020T15:20:00 ,137843,385,542,46,100,49,6,17579,10,1128
12909,05/22/2020T15:30:00 ,137842,386,541,46,100,49,6,17580,10,1128
12910,05/22/2020T15:40:00 ,137841,384,541,47,100,49,6,17582,10,1127
12911,05/22/2020T15:50:00 ,137838,387,540,47,100,49,6,17583,10,1129
12912,05/22/2020T16:00:00 ,137838,385,542,47,99,49,6,17584,10,1128
12913,05/22/2020T16:10:00 ,137835,386,542,46,99,49,6,17587,10,1128
12914,05/22/2020T16:20:00 ,137835,385,543,46,99,49,6,17587,10,1128
12915,05/22/2020T16:30:00 ,137833,384,544,45,100,49,6,17589,10,1128
12916,05/22/2020T16:40:00 ,137833,382,545,46,100,49,6,17589,10,1128
12917,05/22/2020T16:50:00 ,137830,384,544,46,100,49,6,17591,10,1129
12918,05/22/2020T17:00:00 ,137829,383,544,46,100,49,6,17593,10,1128
12919,05/22/2020T17:10:00 ,137829,379,545,47,100,49,6,17595,10,1126
12920,05/22/2020T17:20:00 ,137828,378,547,47,100,49,6,17595,10,1127
12921,05/22/2020T17:30:00 ,137827,378,545,47,100,50,6,17597,10,1126
12922,05/22/2020T17:40:00 ,137827,378,545,47,100,50,6,17597,10,1126
12923,05/22/2020T17:50:00 ,137827,376,547,47,100,50,6,17597,10,1126
12924,05/22/2020T18:00:00 ,137827,376,547,47,100,50,6,17597,10,1126
12925,05/22/2020T18:10:00 ,137826,376,548,47,100,50,6,17597,10,1127
12926,05/22/2020T18:20:00 ,137826,375,546,47,100,50,6,17600,10,1124
12927,05/22/2020T18:30:00 ,137826,374,545,47,101,50,6,17601,10,1123
12928,05/22/2020T18:40:00 ,137826,373,545,48,101,50,6,17601,10,1123
12929,05/22/2020T18:50:00 ,137825,371,545,49,101,50,6,17603,10,1122
12930,05/22/2020T19:00:00 ,137825,370,546,49,101,50,6,17603,10,1122
12931,05/22/2020T19:10:00 ,137825,370,545,49,101,50,6,17604,10,1121
12932,05/22/2020T19:20:00 ,137825,369,545,50,100,50,6,17605,10,1120
12933,05/22/2020T19:30:00 ,137824,369,545,50,100,50,6,17606,10,1120
12934,05/22/2020T19:40:00 ,137824,365,549,50,100,50,6,17606,10,1120
12935,05/22/2020T19:50:00 ,137824,365,549,50,100,50,6,17606,10,1120
12936,05/22/2020T20:00:00 ,137824,362,549,52,100,50,6,17607,10,1119
12937,05/22/2020T20:10:00 ,137823,362,547,52,99,50,6,17611,10,1116
12938,05/22/2020T20:20:00 ,137823,361,546,52,99,50,6,17613,10,1114
12939,05/22/2020T20:30:00 ,137823,360,546,52,99,49,6,17615,10,1112
12940,05/22/2020T20:40:00 ,137823,359,547,51,100,49,6,17615,10,1112
12941,05/22/2020T20:50:00 ,137823,358,546,51,99,49,6,17618,10,1109
12942,05/22/2020T21:00:00 ,137823,358,546,51,98,49,6,17619,10,1108
12943,05/22/2020T21:10:00 ,137823,356,546,51,98,49,6,17621,10,1106
12944,05/22/2020T21:20:00 ,137823,356,545,51,98,48,6,17623,10,1104
12945,05/22/2020T21:30:00 ,137823,356,545,50,99,48,6,17623,10,1104
12946,05/22/2020T21:40:00 ,137823,356,544,50,99,48,6,17624,10,1103
12947,05/22/2020T21:50:00 ,137823,354,546,50,99,48,6,17624,10,1103
12948,05/22/2020T22:00:00 ,137823,353,545,50,99,48,6,17626,10,1101
12949,05/22/2020T22:10:00 ,137822,353,546,50,99,48,6,17626,10,1102
12950,05/22/2020T22:20:00 ,137821,352,546,50,100,48,6,17627,10,1102
12951,05/22/2020T22:30:00 ,137821,352,544,50,100,48,6,17629,10,1100
12952,05/22/2020T22:40:00 ,137821,352,544,50,100,48,6,17629,10,1100
12953,05/22/2020T22:50:00 ,137821,351,544,50,100,48,6,17630,10,1099
12954,05/22/2020T23:00:00 ,137821,351,544,50,100,48,6,17630,10,1099
12955,05/22/2020T23:10:00 ,137821,350,544,50,99,48,6,17632,10,1097
12956,05/22/2020T23:20:00 ,137821,349,545,50,99,48,6,17632,10,1097
12957,05/22/2020T23:30:00 ,137821,347,545,51,99,48,6,17633,10,1096
12958,05/22/2020T23:40:00 ,137821,345,546,51,99,48,6,17634,10,1095
12959,05/22/2020T23:50:00 ,137821,344,547,51,99,48,6,17634,10,1095
12960,05/23/2020T00:00:00 ,137821,341,548,51,99,48,6,17636,10,1093
12961,05/23/2020T00:10:00 ,137820,339,549,52,99,48,6,17637,10,1093
12962,05/23/2020T00:20:00 ,137820,339,549,52,99,48,6,17637,10,1093
12963,05/23/2020T00:30:00 ,137820,339,546,52,97,48,6,17642,10,1088
12964,05/23/2020T00:40:00 ,137820,339,546,52,97,48,6,17642,10,1088
12965,05/23/2020T00:50:00 ,137820,338,544,52,97,48,6,17645,10,1085
12966,05/23/2020T01:00:00 ,137819,338,545,52,97,48,6,17645,10,1086
12967,05/23/2020T01:10:00 ,137818,339,545,52,97,48,6,17645,10,1087
12968,05/23/2020T01:20:00 ,137818,339,544,52,97,48,6,17646,10,1086
12969,05/23/2020T01:30:00 ,137818,339,544,52,97,48,6,17646,10,1086
12970,05/23/2020T01:40:00 ,137818,339,544,52,97,48,6,17646,10,1086
12971,05/23/2020T01:50:00 ,137818,339,543,52,96,48,6,17648,10,1084
12972,05/23/2020T02:00:00 ,137818,339,539,52,96,48,6,17652,10,1080
12973,05/23/2020T02:10:00 ,137818,338,537,52,96,48,6,17655,10,1077
12974,05/23/2020T02:20:00 ,137818,337,538,52,96,48,6,17655,10,1077
12975,05/23/2020T02:30:00 ,137816,338,535,52,97,48,6,17658,10,1076
12976,05/23/2020T02:40:00 ,137815,338,536,52,97,48,6,17658,10,1077
12977,05/23/2020T02:50:00 ,137814,338,537,52,96,48,6,17659,10,1077
12978,05/23/2020T03:00:00 ,137814,338,536,52,95,48,6,17661,10,1075
12979,05/23/2020T03:10:00 ,137814,338,535,52,95,48,6,17662,10,1074
12980,05/23/2020T03:20:00 ,137814,337,534,53,95,48,6,17663,10,1073
12981,05/23/2020T03:30:00 ,137814,337,534,53,94,48,6,17664,10,1072
12982,05/23/2020T03:40:00 ,137814,337,533,53,94,48,6,17665,10,1071
12983,05/23/2020T03:50:00 ,137814,337,533,52,95,48,6,17665,10,1071
12984,05/23/2020T04:00:00 ,137814,335,532,53,96,48,6,17666,10,1070
12985,05/23/2020T04:10:00 ,137814,334,532,53,96,48,6,17667,10,1069
12986,05/23/2020T04:20:00 ,137813,334,533,53,96,48,6,17667,10,1070
12987,05/23/2020T04:30:00 ,137813,331,534,54,95,48,6,17669,10,1068
12988,05/23/2020T04:40:00 ,137812,332,534,54,95,48,6,17669,10,1069
12989,05/23/2020T04:50:00 ,137812,332,534,54,95,48,6,17669,10,1069
12990,05/23/2020T05:00:00 ,137811,333,534,54,95,48,6,17669,10,1070
12991,05/23/2020T05:10:00 ,137810,334,534,54,95,48,6,17669,10,1071
12992,05/23/2020T05:20:00 ,137810,334,532,54,94,48,6,17672,10,1068
12993,05/23/2020T05:30:00 ,137810,332,532,54,93,48,6,17675,10,1065
12994,05/23/2020T05:40:00 ,137810,330,530,54,93,48,6,17679,10,1061
12995,05/23/2020T05:50:00 ,137809,330,531,54,92,48,6,17680,10,1061
12996,05/23/2020T06:00:00 ,137809,329,530,55,92,48,6,17681,10,1060
12997,05/23/2020T06:10:00 ,137809,328,531,54,93,48,6,17681,10,1060
12998,05/23/2020T06:20:00 ,137809,328,530,54,93,48,6,17682,10,1059
12999,05/23/2020T06:30:00 ,137809,327,531,54,92,48,6,17683,10,1058
13000,05/23/2020T06:40:00 ,137808,328,530,54,92,48,6,17684,10,1058
13001,05/23/2020T06:50:00 ,137808,328,529,54,92,48,6,17685,10,1057
13002,05/23/2020T07:00:00 ,137808,327,530,54,92,48,6,17685,10,1057
13003,05/23/2020T07:10:00 ,137807,324,533,54,92,48,6,17686,10,1057
13004,05/23/2020T07:20:00 ,137807,323,533,55,92,48,6,17686,10,1057
13005,05/23/2020T07:30:00 ,137806,324,532,55,92,48,6,17687,10,1057
13006,05/23/2020T07:40:00 ,137802,328,532,55,92,48,6,17687,10,1061
13007,05/23/2020T07:50:00 ,137802,327,530,55,92,48,6,17690,10,1058
13008,05/23/2020T08:00:00 ,137800,328,529,55,92,48,6,17692,10,1058
13009,05/23/2020T08:10:00 ,137798,330,528,55,92,48,6,17693,10,1059
13010,05/23/2020T08:20:00 ,137795,332,528,55,92,48,6,17694,10,1061
13011,05/23/2020T08:30:00 ,137795,332,527,55,92,48,6,17695,10,1060
13012,05/23/2020T08:40:00 ,137793,334,526,55,92,48,6,17696,10,1061
13013,05/23/2020T08:50:00 ,137790,337,525,55,92,48,6,17697,10,1063
13014,05/23/2020T09:00:00 ,137789,338,525,55,92,48,6,17697,10,1064
13015,05/23/2020T09:10:00 ,137789,338,524,55,91,48,6,17699,10,1062
13016,05/23/2020T09:20:00 ,137787,340,524,54,92,48,6,17699,10,1064
13017,05/23/2020T09:30:00 ,137784,343,522,54,92,48,6,17701,10,1065
13018,05/23/2020T09:40:00 ,137781,345,523,53,93,47,6,17702,10,1067
13019,05/23/2020T09:50:00 ,137781,343,525,53,93,47,6,17702,10,1067
13020,05/23/2020T10:00:00 ,137778,345,522,53,91,46,6,17709,10,1063
13021,05/23/2020T10:10:00 ,137778,345,522,53,91,46,6,17709,10,1063
13022,05/23/2020T10:20:00 ,137778,345,521,52,92,46,6,17710,10,1062
13023,05/23/2020T10:30:00 ,137773,350,521,52,92,46,6,17710,10,1067
13024,05/23/2020T10:40:00 ,137771,351,522,52,92,46,6,17710,10,1069
13025,05/23/2020T10:50:00 ,137771,350,520,52,92,46,6,17713,10,1066
13026,05/23/2020T11:00:00 ,137768,353,517,52,92,46,6,17716,10,1066
13027,05/23/2020T11:10:00 ,137767,352,518,51,93,46,6,17717,10,1066
13028,05/23/2020T11:20:00 ,137763,355,519,51,93,46,6,17717,10,1070
13029,05/23/2020T11:30:00 ,137761,356,520,51,93,46,6,17717,10,1072
13030,05/23/2020T11:40:00 ,137758,359,518,51,93,46,6,17719,10,1073
13031,05/23/2020T11:50:00 ,137758,356,518,53,94,46,6,17719,10,1073
13032,05/23/2020T12:00:00 ,137757,357,518,53,94,46,6,17719,10,1074
13033,05/23/2020T12:10:00 ,137752,362,518,53,92,47,6,17720,10,1078
13034,05/23/2020T12:20:00 ,137750,363,519,52,93,47,6,17720,10,1080
13035,05/23/2020T12:30:00 ,137750,362,516,53,93,47,6,17723,10,1077
13036,05/23/2020T12:40:00 ,137749,360,518,53,93,48,5,17724,10,1077
13037,05/23/2020T12:50:00 ,137748,360,519,53,93,48,5,17724,10,1078
13038,05/23/2020T13:00:00 ,137747,361,519,53,93,48,5,17724,10,1079
13039,05/23/2020T13:10:00 ,137745,360,521,51,94,48,5,17726,10,1079
13040,05/23/2020T13:20:00 ,137743,362,520,50,95,48,5,17727,10,1080
13041,05/23/2020T13:30:00 ,137743,362,519,50,95,48,5,17728,10,1079
13042,05/23/2020T13:40:00 ,137742,361,520,51,95,48,5,17728,10,1080
13043,05/23/2020T13:50:00 ,137738,365,520,51,95,48,5,17728,10,1084
13044,05/23/2020T14:00:00 ,137735,368,518,51,94,48,5,17731,10,1084
13045,05/23/2020T14:10:00 ,137733,369,519,51,93,48,5,17732,10,1085
13046,05/23/2020T14:20:00 ,137729,369,522,51,94,48,5,17732,10,1089
13047,05/23/2020T14:30:00 ,137726,371,521,52,94,47,5,17734,10,1090
13048,05/23/2020T14:40:00 ,137724,372,520,52,94,47,5,17736,10,1090
13049,05/23/2020T14:50:00 ,137715,380,520,52,93,47,5,17738,10,1097
13050,05/23/2020T15:00:00 ,137713,382,518,52,92,47,5,17741,10,1096
13051,05/23/2020T15:10:00 ,137709,385,518,52,92,47,5,17742,10,1099
13052,05/23/2020T15:20:00 ,137708,385,519,52,92,47,5,17742,10,1100
13053,05/23/2020T15:30:00 ,137707,384,521,52,92,47,5,17742,10,1101
13054,05/23/2020T15:40:00 ,137705,385,521,52,92,47,5,17743,10,1102
13055,05/23/2020T15:50:00 ,137703,387,521,52,91,47,5,17744,10,1103
13056,05/23/2020T16:00:00 ,137703,387,520,52,90,47,5,17746,10,1101
13057,05/23/2020T16:10:00 ,137701,387,520,52,90,47,5,17748,10,1101
13058,05/23/2020T16:20:00 ,137697,391,520,50,92,47,5,17748,10,1105
13059,05/23/2020T16:30:00 ,137696,392,518,50,91,47,5,17751,10,1103
13060,05/23/2020T16:40:00 ,137695,393,517,50,91,47,5,17752,10,1103
13061,05/23/2020T16:50:00 ,137693,394,516,51,91,47,5,17753,10,1104
13062,05/23/2020T17:00:00 ,137692,395,516,51,91,47,5,17753,10,1105
13063,05/23/2020T17:10:00 ,137691,396,515,51,90,47,5,17755,10,1104
13064,05/23/2020T17:20:00 ,137691,396,515,51,89,47,5,17756,10,1103
13065,05/23/2020T17:30:00 ,137691,395,515,50,90,47,5,17757,10,1102
13066,05/23/2020T17:40:00 ,137691,395,514,50,89,47,5,17759,10,1100
13067,05/23/2020T17:50:00 ,137691,393,516,50,89,47,5,17759,10,1100
13068,05/23/2020T18:00:00 ,137691,392,517,50,89,47,5,17759,10,1100
13069,05/23/2020T18:10:00 ,137691,391,518,50,89,47,5,17759,10,1100
13070,05/23/2020T18:20:00 ,137691,390,519,50,89,47,5,17759,10,1100
13071,05/23/2020T18:30:00 ,137691,388,520,51,88,47,5,17760,10,1099
13072,05/23/2020T18:40:00 ,137690,389,520,51,88,47,5,17760,10,1100
13073,05/23/2020T18:50:00 ,137689,388,520,52,87,47,5,17762,10,1099
13074,05/23/2020T19:00:00 ,137689,387,521,52,85,47,5,17764,10,1097
13075,05/23/2020T19:10:00 ,137688,387,521,51,86,47,5,17765,10,1097
13076,05/23/2020T19:20:00 ,137688,386,521,51,86,47,5,17766,10,1096
13077,05/23/2020T19:30:00 ,137688,383,524,50,87,47,5,17766,10,1096
13078,05/23/2020T19:40:00 ,137688,383,524,50,87,47,5,17766,10,1096
13079,05/23/2020T19:50:00 ,137687,384,524,50,87,47,5,17766,10,1097
13080,05/23/2020T20:00:00 ,137686,385,524,50,87,47,5,17766,10,1098
13081,05/23/2020T20:10:00 ,137686,385,524,49,88,47,5,17766,10,1098
13082,05/23/2020T20:20:00 ,137686,383,524,50,88,47,5,17767,10,1097
13083,05/23/2020T20:30:00 ,137685,383,523,51,88,47,5,17768,10,1097
13084,05/23/2020T20:40:00 ,137685,383,523,51,88,47,5,17768,10,1097
13085,05/23/2020T20:50:00 ,137685,383,522,50,89,47,5,17769,10,1096
13086,05/23/2020T21:00:00 ,137685,383,521,50,89,47,5,17770,10,1095
13087,05/23/2020T21:10:00 ,137684,384,519,50,89,47,5,17772,10,1094
13088,05/23/2020T21:20:00 ,137684,382,518,51,89,47,5,17774,10,1092
13089,05/23/2020T21:30:00 ,137684,381,519,51,89,47,5,17774,10,1092
13090,05/23/2020T21:40:00 ,137683,382,518,51,89,47,5,17775,10,1092
13091,05/23/2020T21:50:00 ,137683,381,518,52,89,47,5,17775,10,1092
13092,05/23/2020T22:00:00 ,137683,381,517,52,88,47,5,17777,10,1090
13093,05/23/2020T22:10:00 ,137682,381,517,52,87,48,5,17778,10,1090
13094,05/23/2020T22:20:00 ,137682,381,517,52,87,48,5,17778,10,1090
13095,05/23/2020T22:30:00 ,137682,381,515,51,88,48,5,17780,10,1088
13096,05/23/2020T22:40:00 ,137681,381,515,51,88,48,5,17781,10,1088
13097,05/23/2020T22:50:00 ,137680,381,515,51,88,48,5,17782,10,1088
13098,05/23/2020T23:00:00 ,137680,380,516,51,87,49,5,17782,10,1088
13099,05/23/2020T23:10:00 ,137680,379,517,51,86,49,5,17783,10,1087
13100,05/23/2020T23:20:00 ,137679,380,515,51,86,49,5,17785,10,1086
13101,05/23/2020T23:30:00 ,137679,378,513,53,86,49,5,17787,10,1084
13102,05/23/2020T23:40:00 ,137679,378,512,53,86,48,5,17789,10,1082
13103,05/23/2020T23:50:00 ,137679,378,509,53,86,48,5,17792,10,1079
13104,05/24/2020T00:00:00 ,137679,378,509,53,85,48,5,17793,10,1078
13105,05/24/2020T00:10:00 ,137679,378,506,53,84,47,5,17798,10,1073
13106,05/24/2020T00:20:00 ,137679,376,508,53,84,47,5,17798,10,1073
13107,05/24/2020T00:30:00 ,137679,375,509,53,84,47,5,17798,10,1073
13108,05/24/2020T00:40:00 ,137679,375,509,53,84,47,5,17798,10,1073
13109,05/24/2020T00:50:00 ,137678,376,509,53,84,47,5,17798,10,1074
13110,05/24/2020T01:00:00 ,137678,374,508,54,84,47,5,17800,10,1072
13111,05/24/2020T01:10:00 ,137678,373,508,54,83,47,5,17802,10,1070
13112,05/24/2020T01:20:00 ,137678,371,508,55,82,47,5,17804,10,1068
13113,05/24/2020T01:30:00 ,137678,368,511,55,82,47,5,17804,10,1068
13114,05/24/2020T01:40:00 ,137678,367,512,55,81,46,5,17806,10,1066
13115,05/24/2020T01:50:00 ,137678,366,511,56,81,46,5,17807,10,1065
13116,05/24/2020T02:00:00 ,137678,366,511,56,81,46,5,17807,10,1065
13117,05/24/2020T02:10:00 ,137677,366,512,56,81,46,5,17807,10,1066
13118,05/24/2020T02:20:00 ,137677,363,515,56,81,46,5,17807,10,1066
13119,05/24/2020T02:30:00 ,137677,361,515,57,80,46,5,17809,10,1064
13120,05/24/2020T02:40:00 ,137676,362,515,56,81,46,5,17809,10,1065
13121,05/24/2020T02:50:00 ,137676,362,513,56,81,46,5,17811,10,1063
13122,05/24/2020T03:00:00 ,137676,362,512,53,84,46,5,17812,10,1062
13123,05/24/2020T03:10:00 ,137676,362,512,53,84,46,5,17812,10,1062
13124,05/24/2020T03:20:00 ,137676,362,512,53,84,46,5,17812,10,1062
13125,05/24/2020T03:30:00 ,137676,359,514,53,84,46,5,17813,10,1061
13126,05/24/2020T03:40:00 ,137676,358,514,53,84,46,5,17814,10,1060
13127,05/24/2020T03:50:00 ,137675,357,516,53,84,46,5,17814,10,1061
13128,05/24/2020T04:00:00 ,137675,357,515,53,84,46,5,17815,10,1060
13129,05/24/2020T04:10:00 ,137675,357,514,53,84,46,5,17816,10,1059
13130,05/24/2020T04:20:00 ,137675,357,512,53,84,45,5,17819,10,1056
13131,05/24/2020T04:30:00 ,137675,356,511,53,84,45,5,17821,10,1054
13132,05/24/2020T04:40:00 ,137675,355,511,54,83,45,5,17822,10,1053
13133,05/24/2020T04:50:00 ,137675,355,510,53,84,45,5,17823,10,1052
13134,05/24/2020T05:00:00 ,137675,354,510,53,84,45,5,17824,10,1051
13135,05/24/2020T05:10:00 ,137674,353,512,51,86,45,5,17824,10,1052
13136,05/24/2020T05:20:00 ,137673,352,513,52,86,45,5,17824,10,1053
13137,05/24/2020T05:30:00 ,137673,350,513,52,86,45,5,17826,10,1051
13138,05/24/2020T05:40:00 ,137673,349,513,52,86,45,5,17827,10,1050
13139,05/24/2020T05:50:00 ,137673,348,514,52,86,45,5,17827,10,1050
13140,05/24/2020T06:00:00 ,137673,348,514,52,85,45,5,17828,10,1049
13141,05/24/2020T06:10:00 ,137673,348,514,52,85,45,5,17828,10,1049
13142,05/24/2020T06:20:00 ,137673,348,513,52,85,45,5,17829,10,1048
13143,05/24/2020T06:30:00 ,137673,348,512,52,85,45,5,17830,10,1047
13144,05/24/2020T06:40:00 ,137673,347,512,52,85,45,5,17831,10,1046
13145,05/24/2020T06:50:00 ,137672,348,512,52,85,45,5,17831,10,1047
13146,05/24/2020T07:00:00 ,137672,348,512,52,85,45,5,17831,10,1047
13147,05/24/2020T07:10:00 ,137672,348,511,52,85,44,5,17833,10,1045
13148,05/24/2020T07:20:00 ,137671,348,511,52,84,44,5,17835,10,1044
13149,05/24/2020T07:30:00 ,137671,346,513,52,84,44,5,17835,10,1044
13150,05/24/2020T07:40:00 ,137671,346,513,52,84,44,5,17835,10,1044
13151,05/24/2020T07:50:00 ,137671,346,511,52,84,44,5,17837,10,1042
13152,05/24/2020T08:00:00 ,137671,346,510,52,84,44,5,17838,10,1041
13153,05/24/2020T08:10:00 ,137671,346,507,52,84,44,5,17841,10,1038
13154,05/24/2020T08:20:00 ,137671,345,507,52,83,45,5,17842,10,1037
13155,05/24/2020T08:30:00 ,137671,344,507,52,84,44,5,17843,10,1036
13156,05/24/2020T08:40:00 ,137671,344,507,52,83,44,5,17844,10,1035
13157,05/24/2020T08:50:00 ,137671,343,508,52,82,44,5,17845,10,1034
13158,05/24/2020T09:00:00 ,137671,341,508,52,82,44,5,17847,10,1032
13159,05/24/2020T09:10:00 ,137671,341,507,52,81,45,5,17848,10,1031
13160,05/24/2020T09:20:00 ,137671,339,506,53,81,45,5,17850,10,1029
13161,05/24/2020T09:30:00 ,137671,336,508,53,82,45,5,17850,10,1029
13162,05/24/2020T09:40:00 ,137671,335,507,53,82,45,5,17852,10,1027
13163,05/24/2020T09:50:00 ,137671,335,505,53,82,45,5,17854,10,1025
13164,05/24/2020T10:00:00 ,137670,335,505,53,82,45,5,17855,10,1025
13165,05/24/2020T10:10:00 ,137670,333,505,54,82,45,5,17856,10,1024
13166,05/24/2020T10:20:00 ,137670,333,503,54,82,45,5,17858,10,1022
13167,05/24/2020T10:30:00 ,137670,333,500,54,82,45,5,17861,10,1019
13168,05/24/2020T10:40:00 ,137670,332,500,55,80,45,5,17863,10,1017
13169,05/24/2020T10:50:00 ,137670,332,498,55,80,45,5,17865,10,1015
13170,05/24/2020T11:00:00 ,137669,332,499,54,81,45,5,17865,10,1016
13171,05/24/2020T11:10:00 ,137668,333,499,54,81,45,5,17865,10,1017
13172,05/24/2020T11:20:00 ,137668,332,499,55,81,45,5,17865,10,1017
13173,05/24/2020T11:30:00 ,137668,331,498,55,81,45,5,17867,10,1015
13174,05/24/2020T11:40:00 ,137668,331,498,55,81,45,5,17867,10,1015
13175,05/24/2020T11:50:00 ,137668,329,500,55,81,45,5,17867,10,1015
13176,05/24/2020T12:00:00 ,137668,329,500,55,81,45,5,17867,10,1015
13177,05/24/2020T12:10:00 ,137668,328,500,55,81,45,5,17868,10,1014
13178,05/24/2020T12:20:00 ,137667,329,498,55,81,45,5,17870,10,1013
13179,05/24/2020T12:30:00 ,137667,327,498,55,81,45,5,17872,10,1011
13180,05/24/2020T12:40:00 ,137667,327,498,55,81,45,5,17872,10,1011
13181,05/24/2020T12:50:00 ,137666,327,499,55,80,45,5,17873,10,1011
13182,05/24/2020T13:00:00 ,137663,329,499,55,80,45,5,17874,10,1013
13183,05/24/2020T13:10:00 ,137663,329,498,55,80,45,5,17875,10,1012
13184,05/24/2020T13:20:00 ,137663,328,499,55,80,45,5,17875,10,1012
13185,05/24/2020T13:30:00 ,137663,328,498,55,80,45,5,17876,10,1011
13186,05/24/2020T13:40:00 ,137663,326,498,56,79,45,5,17878,10,1009
13187,05/24/2020T13:50:00 ,137663,326,497,56,79,45,5,17879,10,1008
13188,05/24/2020T14:00:00 ,137663,325,496,57,79,45,5,17880,10,1007
13189,05/24/2020T14:10:00 ,137663,325,495,57,79,45,5,17881,10,1006
13190,05/24/2020T14:20:00 ,137661,326,496,57,78,45,5,17882,10,1007
13191,05/24/2020T14:30:00 ,137661,325,497,56,79,45,5,17882,10,1007
13192,05/24/2020T14:40:00 ,137661,325,495,56,79,45,5,17884,10,1005
13193,05/24/2020T14:50:00 ,137661,324,496,56,78,45,5,17885,10,1004
13194,05/24/2020T15:00:00 ,137660,323,497,55,79,44,6,17886,10,1004
13195,05/24/2020T15:10:00 ,137660,323,496,55,79,44,6,17887,10,1003
13196,05/24/2020T15:20:00 ,137660,321,496,55,79,44,6,17889,10,1001
13197,05/24/2020T15:30:00 ,137660,320,496,55,79,44,6,17890,10,1000
13198,05/24/2020T15:40:00 ,137660,319,497,55,79,44,6,17890,10,1000
13199,05/24/2020T15:50:00 ,137660,319,496,55,79,44,6,17891,10,999
13200,05/24/2020T16:00:00 ,137660,319,495,54,80,44,6,17892,10,998
13201,05/24/2020T16:10:00 ,137660,319,494,54,80,44,6,17893,10,997
13202,05/24/2020T16:20:00 ,137660,317,495,54,80,44,6,17894,10,996
13203,05/24/2020T16:30:00 ,137660,316,494,55,80,44,6,17895,10,995
13204,05/24/2020T16:40:00 ,137659,316,495,55,80,44,6,17895,10,996
13205,05/24/2020T16:50:00 ,137659,315,496,55,80,44,6,17895,10,996
13206,05/24/2020T17:00:00 ,137659,315,494,55,80,44,6,17897,10,994
13207,05/24/2020T17:10:00 ,137659,314,495,54,81,44,6,17897,10,994
13208,05/24/2020T17:20:00 ,137659,313,496,54,81,44,6,17897,10,994
13209,05/24/2020T17:30:00 ,137659,311,498,53,82,44,6,17897,10,994
13210,05/24/2020T17:40:00 ,137659,310,499,53,81,44,6,17898,10,993
13211,05/24/2020T17:50:00 ,137659,310,498,53,81,44,6,17899,10,992
13212,05/24/2020T18:00:00 ,137658,311,498,53,81,44,6,17899,10,993
13213,05/24/2020T18:10:00 ,137658,311,495,52,82,44,6,17902,10,990
13214,05/24/2020T18:20:00 ,137658,311,493,52,81,44,6,17905,10,987
13215,05/24/2020T18:30:00 ,137658,310,493,52,81,44,6,17906,10,986
13216,05/24/2020T18:40:00 ,137658,307,496,51,82,44,6,17906,10,986
13217,05/24/2020T18:50:00 ,137658,307,496,51,82,44,6,17906,10,986
13218,05/24/2020T19:00:00 ,137658,307,496,51,82,44,6,17906,10,986
13219,05/24/2020T19:10:00 ,137658,305,496,52,82,43,6,17908,10,984
13220,05/24/2020T19:20:00 ,137658,305,495,52,81,43,6,17910,10,982
13221,05/24/2020T19:30:00 ,137658,304,493,53,81,43,6,17912,10,980
13222,05/24/2020T19:40:00 ,137658,303,494,53,81,43,6,17912,10,980
13223,05/24/2020T19:50:00 ,137658,300,496,53,81,43,6,17913,10,979
13224,05/24/2020T20:00:00 ,137658,300,496,52,81,44,6,17913,10,979
13225,05/24/2020T20:10:00 ,137658,300,496,50,82,44,6,17914,10,978
13226,05/24/2020T20:20:00 ,137658,300,494,50,82,44,6,17916,10,976
13227,05/24/2020T20:30:00 ,137657,300,495,50,81,44,6,17917,10,976
13228,05/24/2020T20:40:00 ,137657,299,494,51,80,45,6,17918,10,975
13229,05/24/2020T20:50:00 ,137657,298,494,52,80,45,6,17918,10,975
13230,05/24/2020T21:00:00 ,137657,298,491,52,80,45,6,17921,10,972
13231,05/24/2020T21:10:00 ,137656,298,490,52,80,45,6,17923,10,971
13232,05/24/2020T21:20:00 ,137655,296,493,52,80,45,6,17923,10,972
13233,05/24/2020T21:30:00 ,137655,295,492,52,80,45,6,17925,10,970
13234,05/24/2020T21:40:00 ,137655,295,492,52,80,45,6,17925,10,970
13235,05/24/2020T21:50:00 ,137655,295,492,52,80,45,6,17925,10,970
13236,05/24/2020T22:00:00 ,137655,295,492,51,81,45,6,17925,10,970
13237,05/24/2020T22:10:00 ,137655,294,492,51,81,45,6,17926,10,969
13238,05/24/2020T22:20:00 ,137655,294,490,51,81,45,6,17928,10,967
13239,05/24/2020T22:30:00 ,137653,295,490,51,81,45,6,17929,10,968
13240,05/24/2020T22:40:00 ,137652,293,493,50,82,45,6,17929,10,969
13241,05/24/2020T22:50:00 ,137651,294,493,50,82,45,6,17929,10,970
13242,05/24/2020T23:00:00 ,137651,294,492,50,81,45,6,17931,10,968
13243,05/24/2020T23:10:00 ,137651,292,494,50,80,45,6,17932,10,967
13244,05/24/2020T23:20:00 ,137651,291,495,50,80,45,6,17932,10,967
13245,05/24/2020T23:30:00 ,137651,291,495,49,81,45,6,17932,10,967
13246,05/24/2020T23:40:00 ,137651,288,498,49,81,45,6,17932,10,967
13247,05/24/2020T23:50:00 ,137650,288,498,49,81,45,6,17933,10,967
13248,05/25/2020T00:00:00 ,137650,288,498,49,81,45,6,17933,10,967
13249,05/25/2020T00:10:00 ,137649,289,498,49,81,45,6,17933,10,968
13250,05/25/2020T00:20:00 ,137649,288,496,49,81,45,6,17936,10,965
13251,05/25/2020T00:30:00 ,137649,287,495,49,81,45,6,17938,10,963
13252,05/25/2020T00:40:00 ,137648,288,494,49,81,45,6,17939,10,963
13253,05/25/2020T00:50:00 ,137647,289,494,49,81,45,6,17939,10,964
13254,05/25/2020T01:00:00 ,137646,289,494,49,81,45,6,17940,10,964
13255,05/25/2020T01:10:00 ,137646,286,497,49,81,45,6,17940,10,964
13256,05/25/2020T01:20:00 ,137646,286,497,49,81,45,6,17940,10,964
13257,05/25/2020T01:30:00 ,137645,285,499,49,81,45,6,17940,10,965
13258,05/25/2020T01:40:00 ,137645,284,498,50,79,45,6,17943,10,962
13259,05/25/2020T01:50:00 ,137645,283,499,50,79,45,6,17943,10,962
13260,05/25/2020T02:00:00 ,137645,282,499,50,79,45,6,17944,10,961
13261,05/25/2020T02:10:00 ,137644,282,500,50,79,45,6,17944,10,962
13262,05/25/2020T02:20:00 ,137643,282,499,50,79,45,6,17946,10,961
13263,05/25/2020T02:30:00 ,137643,282,498,50,79,45,6,17947,10,960
13264,05/25/2020T02:40:00 ,137643,282,498,50,79,45,6,17947,10,960
13265,05/25/2020T02:50:00 ,137643,282,498,50,79,45,6,17947,10,960
13266,05/25/2020T03:00:00 ,137643,281,498,50,78,45,6,17949,10,958
13267,05/25/2020T03:10:00 ,137643,281,498,50,77,45,6,17950,10,957
13268,05/25/2020T03:20:00 ,137642,281,498,51,77,45,6,17950,10,958
13269,05/25/2020T03:30:00 ,137642,280,497,51,78,45,6,17951,10,957
13270,05/25/2020T03:40:00 ,137641,279,496,52,78,45,6,17953,10,956
13271,05/25/2020T03:50:00 ,137639,280,495,53,78,45,6,17954,10,957
13272,05/25/2020T04:00:00 ,137638,279,497,53,77,46,6,17954,10,958
13273,05/25/2020T04:10:00 ,137637,278,499,53,77,46,6,17954,10,959
13274,05/25/2020T04:20:00 ,137637,278,499,53,77,46,6,17954,10,959
13275,05/25/2020T04:30:00 ,137637,276,499,52,77,46,6,17957,10,956
13276,05/25/2020T04:40:00 ,137637,275,499,52,77,46,6,17958,10,955
13277,05/25/2020T04:50:00 ,137637,275,497,52,77,46,6,17960,10,953
13278,05/25/2020T05:00:00 ,137637,275,497,52,77,46,6,17960,10,953
13279,05/25/2020T05:10:00 ,137637,275,497,52,77,46,6,17960,10,953
13280,05/25/2020T05:20:00 ,137637,275,497,52,77,46,6,17960,10,953
13281,05/25/2020T05:30:00 ,137637,275,497,51,78,46,6,17960,10,953
13282,05/25/2020T05:40:00 ,137637,275,497,51,78,46,6,17960,10,953
13283,05/25/2020T05:50:00 ,137637,275,497,51,78,46,6,17960,10,953
13284,05/25/2020T06:00:00 ,137637,274,498,51,78,46,6,17960,10,953
13285,05/25/2020T06:10:00 ,137637,273,499,50,78,46,6,17961,10,952
13286,05/25/2020T06:20:00 ,137636,274,498,50,78,46,6,17962,10,952
13287,05/25/2020T06:30:00 ,137636,274,496,50,78,46,6,17964,10,950
13288,05/25/2020T06:40:00 ,137636,273,495,50,78,46,6,17966,10,948
13289,05/25/2020T06:50:00 ,137636,272,495,50,78,46,6,17967,10,947
13290,05/25/2020T07:00:00 ,137635,273,494,50,78,46,6,17968,10,947
13291,05/25/2020T07:10:00 ,137635,271,495,50,78,46,6,17969,10,946
13292,05/25/2020T07:20:00 ,137635,271,495,50,78,46,6,17969,10,946
13293,05/25/2020T07:30:00 ,137635,270,496,50,77,47,6,17969,10,946
13294,05/25/2020T07:40:00 ,137635,270,494,50,77,47,6,17971,10,944
13295,05/25/2020T07:50:00 ,137635,269,495,50,77,47,6,17971,10,944
13296,05/25/2020T08:00:00 ,137635,268,495,51,77,46,7,17971,10,944
13297,05/25/2020T08:10:00 ,137635,265,498,51,77,46,7,17971,10,944
13298,05/25/2020T08:20:00 ,137635,264,499,51,77,46,7,17971,10,944
13299,05/25/2020T08:30:00 ,137635,264,499,51,77,45,7,17972,10,943
13300,05/25/2020T08:40:00 ,137635,264,499,50,78,45,7,17972,10,943
13301,05/25/2020T08:50:00 ,137635,264,499,49,79,45,7,17972,10,943
13302,05/25/2020T09:00:00 ,137635,263,499,49,79,45,7,17973,10,942
13303,05/25/2020T09:10:00 ,137635,263,496,49,78,45,7,17977,10,938
13304,05/25/2020T09:20:00 ,137635,263,494,49,78,45,7,17979,10,936
13305,05/25/2020T09:30:00 ,137635,263,493,49,78,45,7,17980,10,935
13306,05/25/2020T09:40:00 ,137635,263,493,49,78,45,7,17980,10,935
13307,05/25/2020T09:50:00 ,137634,264,491,49,78,45,7,17982,10,934
13308,05/25/2020T10:00:00 ,137634,264,490,48,79,45,7,17983,10,933
13309,05/25/2020T10:10:00 ,137634,264,489,47,80,45,7,17984,10,932
13310,05/25/2020T10:20:00 ,137634,262,489,48,80,45,7,17985,10,931
13311,05/25/2020T10:30:00 ,137634,262,488,48,80,45,7,17986,10,930
13312,05/25/2020T10:40:00 ,137634,261,487,48,80,45,7,17988,10,928
13313,05/25/2020T10:50:00 ,137634,261,487,48,80,45,7,17988,10,928
13314,05/25/2020T11:00:00 ,137633,261,487,49,80,45,7,17988,10,929
13315,05/25/2020T11:10:00 ,137633,261,486,49,80,45,7,17989,10,928
13316,05/25/2020T11:20:00 ,137633,261,485,49,80,45,7,17990,10,927
13317,05/25/2020T11:30:00 ,137633,258,486,51,80,45,7,17990,10,927
13318,05/25/2020T11:40:00 ,137633,258,485,51,80,45,7,17991,10,926
13319,05/25/2020T11:50:00 ,137633,258,483,51,80,45,7,17993,10,924
13320,05/25/2020T12:00:00 ,137633,257,483,51,80,45,7,17994,10,923
13321,05/25/2020T12:10:00 ,137633,257,483,51,80,45,7,17994,10,923
13322,05/25/2020T12:20:00 ,137633,256,484,51,80,45,7,17994,10,923
13323,05/25/2020T12:30:00 ,137633,256,484,51,79,45,7,17995,10,922
13324,05/25/2020T12:40:00 ,137633,255,485,50,80,44,7,17996,10,921
13325,05/25/2020T12:50:00 ,137633,254,485,51,80,44,7,17996,10,921
13326,05/25/2020T13:00:00 ,137633,254,485,51,80,43,7,17997,10,920
13327,05/25/2020T13:10:00 ,137633,254,483,51,80,43,7,17999,10,918
13328,05/25/2020T13:20:00 ,137633,254,483,50,81,43,7,17999,10,918
13329,05/25/2020T13:30:00 ,137633,252,485,50,81,43,7,17999,10,918
13330,05/25/2020T13:40:00 ,137632,253,485,50,81,43,7,17999,10,919
13331,05/25/2020T13:50:00 ,137632,251,486,51,79,43,7,18001,10,917
13332,05/25/2020T14:00:00 ,137632,250,487,51,79,43,7,18001,10,917
13333,05/25/2020T14:10:00 ,137632,249,488,51,79,43,7,18001,10,917
13334,05/25/2020T14:20:00 ,137632,249,488,51,79,43,7,18001,10,917
13335,05/25/2020T14:30:00 ,137631,249,488,52,78,44,7,18001,10,918
13336,05/25/2020T14:40:00 ,137631,248,489,52,78,44,7,18001,10,918
13337,05/25/2020T14:50:00 ,137631,247,490,52,78,44,7,18001,10,918
13338,05/25/2020T15:00:00 ,137631,247,489,52,78,44,7,18002,10,917
13339,05/25/2020T15:10:00 ,137629,246,490,52,78,44,7,18004,10,917
13340,05/25/2020T15:20:00 ,137629,242,493,52,77,44,7,18006,10,915
13341,05/25/2020T15:30:00 ,137629,240,493,53,77,44,7,18007,10,914
13342,05/25/2020T15:40:00 ,137629,239,494,53,77,44,7,18007,10,914
13343,05/25/2020T15:50:00 ,137629,239,493,53,77,44,7,18008,10,913
13344,05/25/2020T16:00:00 ,137629,236,496,53,77,44,7,18008,10,913
13345,05/25/2020T16:10:00 ,137629,236,496,53,77,45,6,18008,10,913
13346,05/25/2020T16:20:00 ,137629,234,497,53,76,45,6,18010,10,911
13347,05/25/2020T16:30:00 ,137629,233,496,53,77,45,6,18011,10,910
13348,05/25/2020T16:40:00 ,137628,233,496,53,78,45,6,18011,10,911
13349,05/25/2020T16:50:00 ,137627,233,496,53,78,45,6,18012,10,911
13350,05/25/2020T17:00:00 ,137627,233,496,53,78,45,6,18012,10,911
13351,05/25/2020T17:10:00 ,137627,233,495,52,79,45,6,18013,10,910
13352,05/25/2020T17:20:00 ,137627,232,495,52,78,45,6,18015,10,908
13353,05/25/2020T17:30:00 ,137626,231,496,52,78,45,6,18016,10,908
13354,05/25/2020T17:40:00 ,137626,229,498,51,78,45,6,18017,10,907
13355,05/25/2020T17:50:00 ,137626,228,498,51,78,45,6,18018,10,906
13356,05/25/2020T18:00:00 ,137623,231,498,51,78,45,6,18018,10,909
13357,05/25/2020T18:10:00 ,137622,231,496,52,78,45,6,18020,10,908
13358,05/25/2020T18:20:00 ,137622,231,495,52,78,45,6,18021,10,907
13359,05/25/2020T18:30:00 ,137622,230,493,53,78,45,6,18023,10,905
13360,05/25/2020T18:40:00 ,137622,229,492,53,78,45,6,18025,10,903
13361,05/25/2020T18:50:00 ,137622,229,491,53,77,45,6,18027,10,901
13362,05/25/2020T19:00:00 ,137621,228,493,53,77,45,6,18027,10,902
13363,05/25/2020T19:10:00 ,137621,226,494,54,77,45,6,18027,10,902
13364,05/25/2020T19:20:00 ,137620,226,494,54,78,45,6,18027,10,903
13365,05/25/2020T19:30:00 ,137620,225,494,55,78,45,6,18027,10,903
13366,05/25/2020T19:40:00 ,137620,224,495,55,78,45,6,18027,10,903
13367,05/25/2020T19:50:00 ,137620,224,495,55,78,45,6,18027,10,903
13368,05/25/2020T20:00:00 ,137620,222,496,55,78,45,6,18028,10,902
13369,05/25/2020T20:10:00 ,137618,224,494,55,78,45,6,18030,10,902
13370,05/25/2020T20:20:00 ,137618,224,491,55,78,45,6,18033,10,899
13371,05/25/2020T20:30:00 ,137618,224,490,54,79,45,6,18034,10,898
13372,05/25/2020T20:40:00 ,137618,223,490,55,79,45,6,18034,10,898
13373,05/25/2020T20:50:00 ,137618,223,488,55,79,45,6,18036,10,896
13374,05/25/2020T21:00:00 ,137618,222,488,55,79,45,6,18037,10,895
13375,05/25/2020T21:10:00 ,137618,222,488,52,81,46,6,18037,10,895
13376,05/25/2020T21:20:00 ,137617,223,486,52,80,46,6,18040,10,893
13377,05/25/2020T21:30:00 ,137617,223,485,52,80,46,6,18041,10,892
13378,05/25/2020T21:40:00 ,137617,223,482,52,80,46,6,18044,10,889
13379,05/25/2020T21:50:00 ,137617,222,480,53,79,46,6,18047,10,886
13380,05/25/2020T22:00:00 ,137617,222,480,53,79,46,6,18047,10,886
13381,05/25/2020T22:10:00 ,137617,221,477,52,80,46,6,18051,10,882
13382,05/25/2020T22:20:00 ,137617,221,477,52,80,46,6,18051,10,882
13383,05/25/2020T22:30:00 ,137617,221,477,52,80,46,6,18051,10,882
13384,05/25/2020T22:40:00 ,137617,220,478,52,80,46,6,18051,10,882
13385,05/25/2020T22:50:00 ,137617,220,477,52,80,46,6,18052,10,881
13386,05/25/2020T23:00:00 ,137617,219,478,52,80,46,6,18052,10,881
13387,05/25/2020T23:10:00 ,137617,216,479,52,81,46,6,18053,10,880
13388,05/25/2020T23:20:00 ,137617,216,479,51,82,46,6,18053,10,880
13389,05/25/2020T23:30:00 ,137617,214,480,50,83,46,6,18054,10,879
13390,05/25/2020T23:40:00 ,137617,213,479,50,83,46,6,18056,10,877
13391,05/25/2020T23:50:00 ,137617,213,478,50,83,46,6,18057,10,876
13392,05/26/2020T00:00:00 ,137617,213,477,50,83,46,6,18058,10,875
13393,05/26/2020T00:10:00 ,137617,212,478,50,83,46,6,18058,10,875
13394,05/26/2020T00:20:00 ,137617,210,480,50,83,46,6,18058,10,875
13395,05/26/2020T00:30:00 ,137617,210,480,49,84,46,6,18058,10,875
13396,05/26/2020T00:40:00 ,137617,210,478,49,84,46,6,18060,10,873
13397,05/26/2020T00:50:00 ,137617,210,478,49,84,46,6,18060,10,873
13398,05/26/2020T01:00:00 ,137617,209,479,49,83,46,6,18061,10,872
13399,05/26/2020T01:10:00 ,137617,208,479,48,84,46,6,18062,10,871
13400,05/26/2020T01:20:00 ,137617,207,479,48,84,46,6,18063,10,870
13401,05/26/2020T01:30:00 ,137617,207,478,48,84,46,6,18064,10,869
13402,05/26/2020T01:40:00 ,137617,206,479,48,84,46,6,18064,10,869
13403,05/26/2020T01:50:00 ,137617,206,479,48,82,46,6,18066,10,867
13404,05/26/2020T02:00:00 ,137617,205,480,48,82,46,6,18066,10,867
13405,05/26/2020T02:10:00 ,137617,204,480,48,82,46,6,18067,10,866
13406,05/26/2020T02:20:00 ,137617,204,479,48,82,46,6,18068,10,865
13407,05/26/2020T02:30:00 ,137617,203,480,48,81,46,6,18069,10,864
13408,05/26/2020T02:40:00 ,137617,203,480,48,80,46,6,18070,10,863
13409,05/26/2020T02:50:00 ,137617,203,480,48,80,46,6,18070,10,863
13410,05/26/2020T03:00:00 ,137617,203,480,48,80,46,6,18070,10,863
13411,05/26/2020T03:10:00 ,137616,202,480,48,80,46,6,18072,10,862
13412,05/26/2020T03:20:00 ,137616,202,479,48,80,46,6,18073,10,861
13413,05/26/2020T03:30:00 ,137616,202,478,48,80,46,6,18074,10,860
13414,05/26/2020T03:40:00 ,137616,201,478,48,80,46,6,18075,10,859
13415,05/26/2020T03:50:00 ,137616,201,477,47,81,46,6,18076,10,858
13416,05/26/2020T04:00:00 ,137616,201,475,47,81,45,6,18079,10,855
13417,05/26/2020T04:10:00 ,137616,201,475,47,81,45,6,18079,10,855
13418,05/26/2020T04:20:00 ,137616,201,474,45,83,45,6,18080,10,854
13419,05/26/2020T04:30:00 ,137616,201,474,45,83,45,6,18080,10,854
13420,05/26/2020T04:40:00 ,137616,200,475,45,83,45,6,18080,10,854
13421,05/26/2020T04:50:00 ,137616,200,474,45,83,45,6,18081,10,853
13422,05/26/2020T05:00:00 ,137616,200,474,44,83,45,6,18082,10,852
13423,05/26/2020T05:10:00 ,137616,200,474,44,82,45,6,18083,10,851
13424,05/26/2020T05:20:00 ,137616,200,473,44,82,45,6,18084,10,850
13425,05/26/2020T05:30:00 ,137616,200,473,44,81,45,6,18085,10,849
13426,05/26/2020T05:40:00 ,137616,199,474,44,81,45,6,18085,10,849
13427,05/26/2020T05:50:00 ,137616,198,473,44,80,45,6,18088,10,846
13428,05/26/2020T06:00:00 ,137616,198,473,43,81,45,6,18088,10,846
13429,05/26/2020T06:10:00 ,137616,197,473,43,81,45,6,18089,10,845
13430,05/26/2020T06:20:00 ,137616,196,474,42,82,45,6,18089,10,845
13431,05/26/2020T06:30:00 ,137616,196,473,42,82,45,6,18090,10,844
13432,05/26/2020T06:40:00 ,137615,196,474,42,81,45,6,18091,10,844
13433,05/26/2020T06:50:00 ,137615,196,474,42,81,45,6,18091,10,844
13434,05/26/2020T07:00:00 ,137615,196,471,42,81,45,6,18094,10,841
13435,05/26/2020T07:10:00 ,137615,196,468,42,81,45,6,18097,10,838
13436,05/26/2020T07:20:00 ,137615,196,467,42,81,45,6,18098,10,837
13437,05/26/2020T07:30:00 ,137614,197,466,42,81,45,6,18099,10,837
13438,05/26/2020T07:40:00 ,137614,195,468,42,81,45,6,18099,10,837
13439,05/26/2020T07:50:00 ,137614,193,469,42,81,45,6,18100,10,836
13440,05/26/2020T08:00:00 ,137612,195,469,42,81,45,6,18100,10,838
13441,05/26/2020T08:10:00 ,137611,196,468,42,81,45,6,18101,10,838
13442,05/26/2020T08:20:00 ,137610,197,468,41,82,45,6,18101,10,839
13443,05/26/2020T08:30:00 ,137609,198,468,41,82,45,6,18101,10,840
13444,05/26/2020T08:40:00 ,137605,202,468,41,82,45,6,18101,10,844
13445,05/26/2020T08:50:00 ,137605,202,467,41,82,45,6,18102,10,843
13446,05/26/2020T09:00:00 ,137604,202,468,41,82,45,6,18102,10,844
13447,05/26/2020T09:10:00 ,137602,203,468,41,82,45,6,18103,10,845
13448,05/26/2020T09:20:00 ,137601,203,466,42,81,44,6,18107,10,842
13449,05/26/2020T09:30:00 ,137599,205,466,42,81,44,6,18107,10,844
13450,05/26/2020T09:40:00 ,137594,210,465,41,81,44,6,18109,10,847
13451,05/26/2020T09:50:00 ,137593,210,466,40,82,44,6,18109,10,848
13452,05/26/2020T10:00:00 ,137589,214,466,40,82,44,6,18109,10,852
13453,05/26/2020T10:10:00 ,137584,219,465,40,82,44,6,18110,10,856
13454,05/26/2020T10:20:00 ,137582,219,466,40,82,44,6,18111,10,857
13455,05/26/2020T10:30:00 ,137580,220,467,40,82,44,6,18111,10,859
13456,05/26/2020T10:40:00 ,137579,220,468,40,82,44,6,18111,10,860
13457,05/26/2020T10:50:00 ,137577,221,469,40,82,44,6,18111,10,862
13458,05/26/2020T11:00:00 ,137575,222,470,40,80,44,6,18113,10,862
13459,05/26/2020T11:10:00 ,137575,222,469,40,80,44,6,18114,10,861
13460,05/26/2020T11:20:00 ,137573,224,469,40,80,44,6,18114,10,863
13461,05/26/2020T11:30:00 ,137571,226,469,40,80,44,6,18114,10,865
13462,05/26/2020T11:40:00 ,137566,231,469,39,81,44,6,18114,10,870
13463,05/26/2020T11:50:00 ,137566,230,470,39,80,44,6,18115,10,869
13464,05/26/2020T12:00:00 ,137564,231,470,39,80,44,6,18116,10,870
13465,05/26/2020T12:10:00 ,137563,232,470,39,80,44,6,18116,10,871
13466,05/26/2020T12:20:00 ,137562,231,471,38,80,44,6,18118,10,870
13467,05/26/2020T12:30:00 ,137561,232,469,38,79,44,6,18121,10,868
13468,05/26/2020T12:40:00 ,137560,231,470,38,78,44,6,18123,10,867
13469,05/26/2020T12:50:00 ,137558,232,470,38,78,44,6,18124,10,868
13470,05/26/2020T13:00:00 ,137557,232,469,38,78,44,6,18126,10,867
13471,05/26/2020T13:10:00 ,137556,233,469,38,78,44,6,18126,10,868
13472,05/26/2020T13:20:00 ,137556,233,469,38,78,44,6,18126,10,868
13473,05/26/2020T13:30:00 ,137556,232,470,38,78,43,6,18127,10,867
13474,05/26/2020T13:40:00 ,137554,234,468,38,78,43,6,18129,10,867
13475,05/26/2020T13:50:00 ,137554,234,468,37,79,43,6,18129,10,867
13476,05/26/2020T14:00:00 ,137553,234,468,38,79,43,6,18129,10,868
13477,05/26/2020T14:10:00 ,137549,237,468,38,79,43,6,18130,10,871
13478,05/26/2020T14:20:00 ,137546,238,469,38,78,44,6,18131,10,873
13479,05/26/2020T14:30:00 ,137545,238,469,37,78,44,6,18133,10,872
13480,05/26/2020T14:40:00 ,137544,239,469,37,77,45,6,18133,10,873
13481,05/26/2020T14:50:00 ,137541,240,469,38,77,45,6,18134,10,875
13482,05/26/2020T15:00:00 ,137541,239,469,38,76,45,6,18136,10,873
13483,05/26/2020T15:10:00 ,137541,239,468,38,76,45,6,18137,10,872
13484,05/26/2020T15:20:00 ,137540,239,469,38,76,44,6,18138,10,872
13485,05/26/2020T15:30:00 ,137538,241,467,38,75,44,6,18141,10,871
13486,05/26/2020T15:40:00 ,137537,242,465,38,75,44,6,18143,10,870
13487,05/26/2020T15:50:00 ,137535,244,464,38,75,44,6,18144,10,871
13488,05/26/2020T16:00:00 ,137534,244,464,38,75,44,6,18145,10,871
13489,05/26/2020T16:10:00 ,137533,244,463,39,74,44,6,18147,10,870
13490,05/26/2020T16:20:00 ,137531,245,464,39,73,44,6,18148,10,871
13491,05/26/2020T16:30:00 ,137531,245,464,39,73,44,6,18148,10,871
13492,05/26/2020T16:40:00 ,137527,247,464,39,73,44,6,18150,10,873
13493,05/26/2020T16:50:00 ,137526,248,462,39,72,44,6,18153,10,871
13494,05/26/2020T17:00:00 ,137524,249,463,39,72,44,6,18153,10,873
13495,05/26/2020T17:10:00 ,137524,248,463,39,72,44,6,18154,10,872
13496,05/26/2020T17:20:00 ,137524,248,461,39,72,44,6,18156,10,870
13497,05/26/2020T17:30:00 ,137524,247,462,39,71,44,6,18157,10,869
13498,05/26/2020T17:40:00 ,137523,248,462,39,71,44,6,18157,10,870
13499,05/26/2020T17:50:00 ,137523,248,462,39,70,44,6,18158,10,869
13500,05/26/2020T18:00:00 ,137523,248,462,39,69,44,6,18159,10,868
13501,05/26/2020T18:10:00 ,137523,248,461,39,69,44,6,18160,10,867
13502,05/26/2020T18:20:00 ,137523,248,461,38,70,44,6,18160,10,867
13503,05/26/2020T18:30:00 ,137523,248,460,38,70,44,6,18161,10,866
13504,05/26/2020T18:40:00 ,137522,248,460,38,70,44,6,18162,10,866
13505,05/26/2020T18:50:00 ,137522,248,459,38,70,44,6,18163,10,865
13506,05/26/2020T19:00:00 ,137522,247,459,39,70,44,6,18163,10,865
13507,05/26/2020T19:10:00 ,137522,246,459,39,70,44,6,18164,10,864
13508,05/26/2020T19:20:00 ,137522,243,462,39,70,44,6,18164,10,864
13509,05/26/2020T19:30:00 ,137522,243,461,39,70,44,6,18165,10,863
13510,05/26/2020T19:40:00 ,137522,243,460,39,70,44,6,18166,10,862
13511,05/26/2020T19:50:00 ,137522,242,461,39,70,44,6,18166,10,862
13512,05/26/2020T20:00:00 ,137522,239,463,40,70,44,6,18166,10,862
13513,05/26/2020T20:10:00 ,137521,240,462,40,70,44,6,18167,10,862
13514,05/26/2020T20:20:00 ,137521,239,461,41,70,44,6,18168,10,861
13515,05/26/2020T20:30:00 ,137521,238,460,41,70,44,6,18170,10,859
13516,05/26/2020T20:40:00 ,137520,238,460,41,70,44,6,18171,10,859
13517,05/26/2020T20:50:00 ,137520,236,462,41,70,44,6,18171,10,859
13518,05/26/2020T21:00:00 ,137520,235,463,41,70,44,6,18171,10,859
13519,05/26/2020T21:10:00 ,137520,235,462,41,70,44,6,18172,10,858
13520,05/26/2020T21:20:00 ,137520,234,463,41,69,44,6,18173,10,857
13521,05/26/2020T21:30:00 ,137519,234,463,41,68,44,6,18175,10,856
13522,05/26/2020T21:40:00 ,137519,234,463,41,68,44,6,18175,10,856
13523,05/26/2020T21:50:00 ,137519,233,463,42,68,44,6,18175,10,856
13524,05/26/2020T22:00:00 ,137519,232,461,42,68,44,6,18178,10,853
13525,05/26/2020T22:10:00 ,137519,231,460,42,68,44,6,18180,10,851
13526,05/26/2020T22:20:00 ,137519,231,458,41,69,44,6,18182,10,849
13527,05/26/2020T22:30:00 ,137519,229,460,41,69,44,6,18182,10,849
13528,05/26/2020T22:40:00 ,137518,229,461,41,69,44,6,18182,10,850
13529,05/26/2020T22:50:00 ,137518,229,461,41,68,44,6,18183,10,849
13530,05/26/2020T23:00:00 ,137516,230,461,41,68,44,6,18184,10,850
13531,05/26/2020T23:10:00 ,137516,229,460,41,67,44,6,18187,10,847
13532,05/26/2020T23:20:00 ,137516,228,461,41,67,44,6,18187,10,847
13533,05/26/2020T23:30:00 ,137515,227,461,41,67,44,6,18189,10,846
13534,05/26/2020T23:40:00 ,137515,226,461,42,67,44,6,18189,10,846
13535,05/26/2020T23:50:00 ,137515,226,461,42,67,44,6,18189,10,846
13536,05/27/2020T00:00:00 ,137515,226,461,42,66,44,6,18190,10,845
13537,05/27/2020T00:10:00 ,137515,226,461,42,66,44,6,18190,10,845
13538,05/27/2020T00:20:00 ,137515,226,461,42,66,44,6,18190,10,845
13539,05/27/2020T00:30:00 ,137515,226,461,42,66,44,6,18190,10,845
13540,05/27/2020T00:40:00 ,137515,226,461,41,66,44,6,18191,10,844
13541,05/27/2020T00:50:00 ,137514,226,462,41,66,43,6,18192,10,844
13542,05/27/2020T01:00:00 ,137513,227,459,41,66,43,6,18195,10,842
13543,05/27/2020T01:10:00 ,137513,227,456,41,66,43,6,18198,10,839
13544,05/27/2020T01:20:00 ,137513,227,456,41,66,43,6,18198,10,839
13545,05/27/2020T01:30:00 ,137513,227,453,41,66,43,6,18201,10,836
13546,05/27/2020T01:40:00 ,137513,226,450,41,66,43,6,18205,10,832
13547,05/27/2020T01:50:00 ,137513,226,448,41,66,43,6,18207,10,830
13548,05/27/2020T02:00:00 ,137513,225,449,41,66,43,6,18207,10,830
13549,05/27/2020T02:10:00 ,137513,225,448,41,65,43,6,18209,10,828
13550,05/27/2020T02:20:00 ,137513,225,447,41,65,43,6,18210,10,827
13551,05/27/2020T02:30:00 ,137513,224,446,42,65,43,6,18211,10,826
13552,05/27/2020T02:40:00 ,137513,223,446,43,65,43,6,18211,10,826
13553,05/27/2020T02:50:00 ,137512,224,445,43,64,43,6,18213,10,825
13554,05/27/2020T03:00:00 ,137512,224,445,43,64,43,6,18213,10,825
13555,05/27/2020T03:10:00 ,137512,224,445,43,64,43,6,18213,10,825
13556,05/27/2020T03:20:00 ,137512,224,445,43,64,43,6,18213,10,825
13557,05/27/2020T03:30:00 ,137512,222,446,44,64,43,6,18213,10,825
13558,05/27/2020T03:40:00 ,137512,220,447,45,64,43,6,18213,10,825
13559,05/27/2020T03:50:00 ,137512,219,448,45,64,43,6,18213,10,825
13560,05/27/2020T04:00:00 ,137512,219,448,45,64,43,6,18213,10,825
13561,05/27/2020T04:10:00 ,137511,220,448,45,64,43,6,18213,10,826
13562,05/27/2020T04:20:00 ,137511,218,449,46,64,43,6,18213,10,826
13563,05/27/2020T04:30:00 ,137511,218,447,46,64,43,6,18215,10,824
13564,05/27/2020T04:40:00 ,137511,217,445,47,64,43,6,18217,10,822
13565,05/27/2020T04:50:00 ,137511,217,444,46,64,43,6,18219,10,820
13566,05/27/2020T05:00:00 ,137511,217,444,46,64,43,6,18219,10,820
13567,05/27/2020T05:10:00 ,137511,217,444,46,63,43,6,18220,10,819
13568,05/27/2020T05:20:00 ,137510,218,444,46,62,43,6,18221,10,819
13569,05/27/2020T05:30:00 ,137510,217,445,46,62,43,6,18221,10,819
13570,05/27/2020T05:40:00 ,137510,217,445,46,61,44,6,18221,10,819
13571,05/27/2020T05:50:00 ,137510,216,445,47,61,44,6,18221,10,819
13572,05/27/2020T06:00:00 ,137510,215,445,47,61,44,6,18222,10,818
13573,05/27/2020T06:10:00 ,137509,215,446,47,61,44,6,18222,10,819
13574,05/27/2020T06:20:00 ,137508,216,446,47,61,44,6,18222,10,820
13575,05/27/2020T06:30:00 ,137508,216,446,46,62,44,6,18222,10,820
13576,05/27/2020T06:40:00 ,137508,216,445,46,62,44,6,18223,10,819
13577,05/27/2020T06:50:00 ,137508,216,444,46,62,44,6,18224,10,818
13578,05/27/2020T07:00:00 ,137508,214,444,45,63,44,6,18226,10,816
13579,05/27/2020T07:10:00 ,137508,214,444,45,63,44,6,18226,10,816
13580,05/27/2020T07:20:00 ,137508,213,442,45,63,44,6,18229,10,813
13581,05/27/2020T07:30:00 ,137508,213,442,44,64,44,6,18229,10,813
13582,05/27/2020T07:40:00 ,137507,213,443,44,64,44,6,18229,10,814
13583,05/27/2020T07:50:00 ,137505,215,443,44,64,44,6,18229,10,816
13584,05/27/2020T08:00:00 ,137504,216,443,44,64,44,6,18229,10,817
13585,05/27/2020T08:10:00 ,137503,215,445,44,64,44,6,18229,10,818
13586,05/27/2020T08:20:00 ,137502,216,442,42,66,44,6,18232,10,816
13587,05/27/2020T08:30:00 ,137499,218,442,42,66,44,6,18233,10,818
13588,05/27/2020T08:40:00 ,137499,217,443,42,66,44,6,18233,10,818
13589,05/27/2020T08:50:00 ,137497,218,441,43,66,44,6,18235,10,818
13590,05/27/2020T09:00:00 ,137497,216,441,44,66,44,6,18236,10,817
13591,05/27/2020T09:10:00 ,137497,216,441,44,66,44,6,18236,10,817
13592,05/27/2020T09:20:00 ,137495,218,441,43,67,44,6,18236,10,819
13593,05/27/2020T09:30:00 ,137493,220,441,43,67,44,6,18236,10,821
13594,05/27/2020T09:40:00 ,137491,222,441,43,67,44,6,18236,10,823
13595,05/27/2020T09:50:00 ,137489,224,440,43,67,44,6,18237,10,824
13596,05/27/2020T10:00:00 ,137487,226,439,43,66,44,6,18239,10,824
13597,05/27/2020T10:10:00 ,137486,226,439,43,66,44,6,18240,10,824
13598,05/27/2020T10:20:00 ,137485,226,439,43,66,44,6,18241,10,824
13599,05/27/2020T10:30:00 ,137482,227,437,43,66,44,6,18245,10,823
13600,05/27/2020T10:40:00 ,137481,228,437,43,66,44,6,18245,10,824
13601,05/27/2020T10:50:00 ,137478,231,437,43,66,44,6,18245,10,827
13602,05/27/2020T11:00:00 ,137476,232,436,43,66,44,6,18247,10,827
13603,05/27/2020T11:10:00 ,137476,231,435,43,67,44,6,18248,10,826
13604,05/27/2020T11:20:00 ,137475,230,435,44,65,45,6,18250,10,825
13605,05/27/2020T11:30:00 ,137473,232,433,44,65,45,6,18252,10,825
13606,05/27/2020T11:40:00 ,137472,233,433,44,64,45,6,18253,10,825
13607,05/27/2020T11:50:00 ,137467,236,434,44,64,44,6,18255,10,828
13608,05/27/2020T12:00:00 ,137467,236,433,44,64,44,6,18256,10,827
13609,05/27/2020T12:10:00 ,137466,237,432,43,65,44,6,18257,10,827
13610,05/27/2020T12:20:00 ,137465,238,431,43,65,44,6,18258,10,827
13611,05/27/2020T12:30:00 ,137465,237,432,43,65,43,7,18258,10,827
13612,05/27/2020T12:40:00 ,137465,237,431,43,65,43,7,18259,10,826
13613,05/27/2020T12:50:00 ,137463,239,431,43,65,43,7,18259,10,828
13614,05/27/2020T13:00:00 ,137460,240,433,43,64,43,7,18260,10,830
13615,05/27/2020T13:10:00 ,137460,239,434,43,64,43,7,18260,10,830
13616,05/27/2020T13:20:00 ,137460,239,432,43,64,43,7,18262,10,828
13617,05/27/2020T13:30:00 ,137458,240,433,43,64,43,7,18262,10,830
13618,05/27/2020T13:40:00 ,137456,242,430,43,64,43,7,18265,10,829
13619,05/27/2020T13:50:00 ,137456,240,430,43,65,43,7,18266,10,828
13620,05/27/2020T14:00:00 ,137455,240,431,42,66,43,7,18266,10,829
13621,05/27/2020T14:10:00 ,137454,241,429,42,66,43,7,18268,10,828
13622,05/27/2020T14:20:00 ,137454,240,429,42,66,43,7,18269,10,827
13623,05/27/2020T14:30:00 ,137454,240,429,42,66,43,7,18269,10,827
13624,05/27/2020T14:40:00 ,137454,240,429,42,66,43,7,18269,10,827
13625,05/27/2020T14:50:00 ,137451,242,429,42,66,43,7,18270,10,829
13626,05/27/2020T15:00:00 ,137449,244,429,42,66,43,7,18270,10,831
13627,05/27/2020T15:10:00 ,137448,244,428,42,66,43,7,18272,10,830
13628,05/27/2020T15:20:00 ,137447,245,428,42,66,43,7,18272,10,831
13629,05/27/2020T15:30:00 ,137447,245,426,42,66,43,7,18274,10,829
13630,05/27/2020T15:40:00 ,137445,247,426,42,66,43,7,18274,10,831
13631,05/27/2020T15:50:00 ,137444,247,426,42,65,43,7,18276,10,830
13632,05/27/2020T16:00:00 ,137441,250,426,41,65,44,7,18276,10,833
13633,05/27/2020T16:10:00 ,137438,253,425,41,65,43,7,18278,10,834
13634,05/27/2020T16:20:00 ,137435,255,425,41,64,43,7,18280,10,835
13635,05/27/2020T16:30:00 ,137433,257,424,41,63,42,7,18283,10,834
13636,05/27/2020T16:40:00 ,137431,257,426,41,63,42,7,18283,10,836
13637,05/27/2020T16:50:00 ,137430,257,425,41,63,42,7,18285,10,835
13638,05/27/2020T17:00:00 ,137430,256,425,41,63,42,7,18286,10,834
13639,05/27/2020T17:10:00 ,137430,255,426,41,62,42,7,18287,10,833
13640,05/27/2020T17:20:00 ,137430,255,424,41,62,42,7,18289,10,831
13641,05/27/2020T17:30:00 ,137430,255,423,41,62,42,7,18290,10,830
13642,05/27/2020T17:40:00 ,137430,255,422,41,61,42,7,18292,10,828
13643,05/27/2020T17:50:00 ,137430,255,421,41,61,42,7,18293,10,827
13644,05/27/2020T18:00:00 ,137430,255,419,41,59,42,7,18297,10,823
13645,05/27/2020T18:10:00 ,137429,256,418,41,59,42,7,18298,10,823
13646,05/27/2020T18:20:00 ,137429,255,419,41,59,42,7,18298,10,823
13647,05/27/2020T18:30:00 ,137429,255,418,40,59,40,7,18302,10,819
13648,05/27/2020T18:40:00 ,137429,255,417,40,59,40,7,18303,10,818
13649,05/27/2020T18:50:00 ,137428,255,415,41,59,40,7,18305,10,817
13650,05/27/2020T19:00:00 ,137427,256,413,41,59,40,7,18307,10,816
13651,05/27/2020T19:10:00 ,137426,256,411,40,59,40,7,18311,10,813
13652,05/27/2020T19:20:00 ,137426,256,411,40,58,40,7,18312,10,812
13653,05/27/2020T19:30:00 ,137426,254,413,40,58,40,7,18312,10,812
13654,05/27/2020T19:40:00 ,137426,254,413,40,57,41,7,18312,10,812
13655,05/27/2020T19:50:00 ,137426,254,412,40,57,41,7,18313,10,811
13656,05/27/2020T20:00:00 ,137425,255,410,40,57,41,7,18315,10,810
13657,05/27/2020T20:10:00 ,137425,255,410,40,57,41,7,18315,10,810
13658,05/27/2020T20:20:00 ,137424,256,409,40,57,41,7,18316,10,810
13659,05/27/2020T20:30:00 ,137424,256,408,40,57,41,7,18317,10,809
13660,05/27/2020T20:40:00 ,137424,255,409,40,57,40,7,18318,10,808
13661,05/27/2020T20:50:00 ,137424,255,409,40,57,40,7,18318,10,808
13662,05/27/2020T21:00:00 ,137424,255,409,40,57,40,7,18318,10,808
13663,05/27/2020T21:10:00 ,137424,253,408,41,56,40,7,18321,10,805
13664,05/27/2020T21:20:00 ,137424,251,410,41,56,40,7,18321,10,805
13665,05/27/2020T21:30:00 ,137424,251,410,40,57,40,7,18321,10,805
13666,05/27/2020T21:40:00 ,137424,251,410,40,57,40,7,18321,10,805
13667,05/27/2020T21:50:00 ,137424,250,410,41,57,40,7,18321,10,805
13668,05/27/2020T22:00:00 ,137424,250,410,41,57,40,7,18321,10,805
13669,05/27/2020T22:10:00 ,137424,249,411,41,57,40,7,18321,10,805
13670,05/27/2020T22:20:00 ,137424,249,411,41,57,40,7,18321,10,805
13671,05/27/2020T22:30:00 ,137424,245,414,42,57,40,7,18321,10,805
13672,05/27/2020T22:40:00 ,137424,245,414,42,57,40,7,18321,10,805
13673,05/27/2020T22:50:00 ,137424,244,413,42,57,40,7,18323,10,803
13674,05/27/2020T23:00:00 ,137424,244,411,42,57,40,7,18325,10,801
13675,05/27/2020T23:10:00 ,137423,244,411,42,56,40,7,18327,10,800
13676,05/27/2020T23:20:00 ,137423,244,410,42,56,40,7,18328,10,799
13677,05/27/2020T23:30:00 ,137423,243,410,41,57,40,7,18329,10,798
13678,05/27/2020T23:40:00 ,137423,243,409,41,56,40,7,18331,10,796
13679,05/27/2020T23:50:00 ,137423,240,412,41,56,40,7,18331,10,796
13680,05/28/2020T00:00:00 ,137423,240,412,41,56,40,7,18331,10,796
13681,05/28/2020T00:10:00 ,137423,239,410,41,56,40,7,18334,10,793
13682,05/28/2020T00:20:00 ,137423,238,410,42,56,40,7,18334,10,793
13683,05/28/2020T00:30:00 ,137423,237,411,42,56,40,7,18334,10,793
13684,05/28/2020T00:40:00 ,137423,237,410,42,56,40,7,18335,10,792
13685,05/28/2020T00:50:00 ,137423,235,411,42,57,40,7,18335,10,792
13686,05/28/2020T01:00:00 ,137423,235,409,42,57,40,7,18337,10,790
13687,05/28/2020T01:10:00 ,137423,234,410,41,58,40,7,18337,10,790
13688,05/28/2020T01:20:00 ,137423,232,412,41,58,40,7,18337,10,790
13689,05/28/2020T01:30:00 ,137423,232,411,41,58,40,7,18338,10,789
13690,05/28/2020T01:40:00 ,137423,232,410,40,59,40,7,18339,10,788
13691,05/28/2020T01:50:00 ,137423,231,409,40,59,40,7,18341,10,786
13692,05/28/2020T02:00:00 ,137423,231,408,40,59,40,7,18342,10,785
13693,05/28/2020T02:10:00 ,137423,230,409,40,59,40,7,18342,10,785
13694,05/28/2020T02:20:00 ,137423,230,409,40,59,40,7,18342,10,785
13695,05/28/2020T02:30:00 ,137423,229,409,40,59,40,7,18343,10,784
13696,05/28/2020T02:40:00 ,137423,227,410,41,59,40,7,18343,10,784
13697,05/28/2020T02:50:00 ,137423,227,410,41,59,40,7,18343,10,784
13698,05/28/2020T03:00:00 ,137423,227,410,41,59,40,7,18343,10,784
13699,05/28/2020T03:10:00 ,137423,227,408,41,59,40,7,18345,10,782
13700,05/28/2020T03:20:00 ,137423,227,408,41,59,40,7,18345,10,782
13701,05/28/2020T03:30:00 ,137423,227,408,40,60,40,7,18345,10,782
13702,05/28/2020T03:40:00 ,137423,226,407,40,59,40,7,18348,10,779
13703,05/28/2020T03:50:00 ,137423,226,407,40,59,40,7,18348,10,779
13704,05/28/2020T04:00:00 ,137423,226,406,40,59,40,7,18349,10,778
13705,05/28/2020T04:10:00 ,137423,226,405,40,59,40,7,18350,10,777
13706,05/28/2020T04:20:00 ,137423,225,405,41,59,40,7,18350,10,777
13707,05/28/2020T04:30:00 ,137423,225,404,41,59,40,7,18351,10,776
13708,05/28/2020T04:40:00 ,137423,225,403,41,59,40,7,18352,10,775
13709,05/28/2020T04:50:00 ,137423,225,402,41,59,40,7,18353,10,774
13710,05/28/2020T05:00:00 ,137423,225,401,41,58,40,7,18355,10,772
13711,05/28/2020T05:10:00 ,137423,225,401,41,58,40,7,18355,10,772
13712,05/28/2020T05:20:00 ,137423,224,402,41,57,40,7,18356,10,771
13713,05/28/2020T05:30:00 ,137423,224,402,41,57,40,7,18356,10,771
13714,05/28/2020T05:40:00 ,137422,225,402,41,57,40,7,18356,10,772
13715,05/28/2020T05:50:00 ,137422,225,402,41,57,40,7,18356,10,772
13716,05/28/2020T06:00:00 ,137422,225,401,40,58,40,7,18357,10,771
13717,05/28/2020T06:10:00 ,137422,224,401,40,58,40,7,18358,10,770
13718,05/28/2020T06:20:00 ,137422,224,400,40,58,40,7,18359,10,769
13719,05/28/2020T06:30:00 ,137422,223,400,40,58,40,7,18360,10,768
13720,05/28/2020T06:40:00 ,137422,223,400,39,59,40,7,18360,10,768
13721,05/28/2020T06:50:00 ,137422,223,400,39,59,40,7,18360,10,768
13722,05/28/2020T07:00:00 ,137422,223,400,39,59,39,7,18361,10,767
13723,05/28/2020T07:10:00 ,137421,223,401,39,59,39,7,18361,10,768
13724,05/28/2020T07:20:00 ,137421,221,400,41,59,39,7,18362,10,767
13725,05/28/2020T07:30:00 ,137421,220,400,41,59,39,7,18363,10,766
13726,05/28/2020T07:40:00 ,137420,221,400,41,59,39,7,18363,10,767
13727,05/28/2020T07:50:00 ,137420,220,401,41,59,39,7,18363,10,767
13728,05/28/2020T08:00:00 ,137420,219,400,41,59,39,7,18365,10,765
13729,05/28/2020T08:10:00 ,137420,218,400,42,59,39,7,18365,10,765
13730,05/28/2020T08:20:00 ,137420,218,399,42,59,39,7,18366,10,764
13731,05/28/2020T08:30:00 ,137419,217,400,42,59,39,7,18367,10,764
13732,05/28/2020T08:40:00 ,137418,218,400,42,59,39,7,18367,10,765
13733,05/28/2020T08:50:00 ,137417,218,400,42,59,39,7,18368,10,765
13734,05/28/2020T09:00:00 ,137417,218,400,42,59,39,7,18368,10,765
13735,05/28/2020T09:10:00 ,137415,220,400,42,58,39,7,18369,10,766
13736,05/28/2020T09:20:00 ,137414,221,399,42,58,39,7,18370,10,766
13737,05/28/2020T09:30:00 ,137413,221,398,42,58,39,7,18372,10,765
13738,05/28/2020T09:40:00 ,137411,222,397,41,59,39,7,18374,10,765
13739,05/28/2020T09:50:00 ,137410,222,398,41,59,39,7,18374,10,766
13740,05/28/2020T10:00:00 ,137409,222,398,41,59,39,7,18375,10,766
13741,05/28/2020T10:10:00 ,137408,223,398,41,59,39,7,18375,10,767
13742,05/28/2020T10:20:00 ,137407,223,398,41,59,39,7,18376,10,767
13743,05/28/2020T10:30:00 ,137406,223,398,41,59,39,7,18377,10,767
13744,05/28/2020T10:40:00 ,137405,224,398,41,59,39,7,18377,10,768
13745,05/28/2020T10:50:00 ,137404,224,399,41,59,39,7,18377,10,769
13746,05/28/2020T11:00:00 ,137404,224,398,40,60,39,7,18378,10,768
13747,05/28/2020T11:10:00 ,137403,224,398,40,60,39,7,18379,10,768
13748,05/28/2020T11:20:00 ,137401,226,398,40,60,39,7,18379,10,770
13749,05/28/2020T11:30:00 ,137397,230,398,40,60,39,7,18379,10,774
13750,05/28/2020T11:40:00 ,137396,231,398,40,60,39,7,18379,10,775
13751,05/28/2020T11:50:00 ,137394,232,398,39,61,39,7,18380,10,776
13752,05/28/2020T12:00:00 ,137393,233,398,39,61,39,7,18380,10,777
13753,05/28/2020T12:10:00 ,137393,233,397,39,60,39,7,18382,10,775
13754,05/28/2020T12:20:00 ,137393,232,398,38,61,39,7,18382,10,775
13755,05/28/2020T12:30:00 ,137392,233,397,38,61,39,7,18383,10,775
13756,05/28/2020T12:40:00 ,137390,235,397,38,61,38,7,18384,10,776
13757,05/28/2020T12:50:00 ,137389,236,397,38,61,38,7,18384,10,777
13758,05/28/2020T13:00:00 ,137389,236,397,38,61,38,7,18384,10,777
13759,05/28/2020T13:10:00 ,137387,238,397,37,62,38,7,18384,10,779
13760,05/28/2020T13:20:00 ,137385,240,397,37,62,38,7,18384,10,781
13761,05/28/2020T13:30:00 ,137382,243,396,37,62,38,7,18385,10,783
13762,05/28/2020T13:40:00 ,137381,243,395,38,62,38,7,18386,10,783
13763,05/28/2020T13:50:00 ,137381,243,395,38,62,38,7,18386,10,783
13764,05/28/2020T14:00:00 ,137381,243,394,38,62,38,7,18387,10,782
13765,05/28/2020T14:10:00 ,137381,243,394,38,62,38,7,18387,10,782
13766,05/28/2020T14:20:00 ,137380,244,393,38,62,38,7,18388,10,782
13767,05/28/2020T14:30:00 ,137379,244,394,38,62,38,7,18388,10,783
13768,05/28/2020T14:40:00 ,137379,244,392,38,62,37,7,18391,10,780
13769,05/28/2020T14:50:00 ,137377,246,391,38,62,37,7,18392,10,781
13770,05/28/2020T15:00:00 ,137374,249,389,38,62,37,7,18394,10,782
13771,05/28/2020T15:10:00 ,137374,249,389,38,62,37,7,18394,10,782
13772,05/28/2020T15:20:00 ,137373,250,388,38,61,37,7,18396,10,781
13773,05/28/2020T15:30:00 ,137373,250,388,38,61,37,7,18396,10,781
13774,05/28/2020T15:40:00 ,137371,252,388,37,62,37,7,18396,10,783
13775,05/28/2020T15:50:00 ,137370,253,388,37,60,37,7,18398,10,782
13776,05/28/2020T16:00:00 ,137369,252,390,37,60,37,7,18398,10,783
13777,05/28/2020T16:10:00 ,137369,252,390,37,60,37,7,18398,10,783
13778,05/28/2020T16:20:00 ,137367,254,388,37,60,37,7,18400,10,783
13779,05/28/2020T16:30:00 ,137366,253,388,36,61,37,7,18402,10,782
13780,05/28/2020T16:40:00 ,137365,252,389,36,61,37,7,18403,10,782
13781,05/28/2020T16:50:00 ,137365,252,389,36,61,37,7,18403,10,782
13782,05/28/2020T17:00:00 ,137364,251,390,37,61,37,7,18403,10,783
13783,05/28/2020T17:10:00 ,137364,250,390,38,61,37,7,18403,10,783
13784,05/28/2020T17:20:00 ,137363,251,390,38,60,37,7,18404,10,783
13785,05/28/2020T17:30:00 ,137363,251,390,38,60,37,7,18404,10,783
13786,05/28/2020T17:40:00 ,137363,251,389,38,60,37,7,18405,10,782
13787,05/28/2020T17:50:00 ,137361,253,389,38,60,37,7,18405,10,784
13788,05/28/2020T18:00:00 ,137361,253,389,38,60,37,7,18405,10,784
13789,05/28/2020T18:10:00 ,137361,253,389,38,60,37,7,18405,10,784
13790,05/28/2020T18:20:00 ,137361,252,390,38,60,37,7,18405,10,784
13791,05/28/2020T18:30:00 ,137360,252,388,39,60,37,7,18407,10,783
13792,05/28/2020T18:40:00 ,137360,252,387,39,60,37,7,18408,10,782
13793,05/28/2020T18:50:00 ,137360,252,386,39,60,37,7,18409,10,781
13794,05/28/2020T19:00:00 ,137360,251,386,39,60,37,7,18410,10,780
13795,05/28/2020T19:10:00 ,137360,250,387,38,60,37,7,18411,10,779
13796,05/28/2020T19:20:00 ,137360,250,387,38,60,37,7,18411,10,779
13797,05/28/2020T19:30:00 ,137360,250,384,38,60,37,7,18414,10,776
13798,05/28/2020T19:40:00 ,137360,250,384,38,60,37,7,18414,10,776
13799,05/28/2020T19:50:00 ,137359,250,384,38,60,37,7,18415,10,776
13800,05/28/2020T20:00:00 ,137359,247,385,38,59,37,7,18418,10,773
13801,05/28/2020T20:10:00 ,137359,245,387,38,59,36,7,18419,10,772
13802,05/28/2020T20:20:00 ,137358,246,385,38,59,36,7,18421,10,771
13803,05/28/2020T20:30:00 ,137358,245,384,39,59,36,7,18422,10,770
13804,05/28/2020T20:40:00 ,137358,245,382,39,58,36,7,18425,10,767
13805,05/28/2020T20:50:00 ,137358,244,382,39,58,36,7,18426,10,766
13806,05/28/2020T21:00:00 ,137358,244,382,39,58,36,7,18426,10,766
13807,05/28/2020T21:10:00 ,137358,243,382,39,57,36,7,18428,10,764
13808,05/28/2020T21:20:00 ,137358,243,382,39,57,36,7,18428,10,764
13809,05/28/2020T21:30:00 ,137358,242,382,39,57,36,7,18429,10,763
13810,05/28/2020T21:40:00 ,137358,240,384,39,57,36,7,18429,10,763
13811,05/28/2020T21:50:00 ,137358,240,382,39,57,36,7,18431,10,761
13812,05/28/2020T22:00:00 ,137358,240,381,39,57,36,7,18432,10,760
13813,05/28/2020T22:10:00 ,137358,240,380,39,57,36,7,18433,10,759
13814,05/28/2020T22:20:00 ,137358,240,379,39,57,36,7,18434,10,758
13815,05/28/2020T22:30:00 ,137358,240,377,39,57,36,7,18436,10,756
13816,05/28/2020T22:40:00 ,137358,239,378,39,57,36,7,18436,10,756
13817,05/28/2020T22:50:00 ,137357,240,377,39,57,36,7,18437,10,756
13818,05/28/2020T23:00:00 ,137357,239,376,39,56,36,7,18440,10,753
13819,05/28/2020T23:10:00 ,137356,240,376,39,56,36,7,18440,10,754
13820,05/28/2020T23:20:00 ,137356,240,375,39,56,36,7,18441,10,753
13821,05/28/2020T23:30:00 ,137356,239,375,39,56,36,7,18442,10,752
13822,05/28/2020T23:40:00 ,137355,240,375,39,56,36,7,18442,10,753
13823,05/28/2020T23:50:00 ,137355,239,374,39,55,36,7,18445,10,750
13824,05/29/2020T00:00:00 ,137354,240,374,38,56,36,7,18445,10,751
13825,05/29/2020T00:10:00 ,137354,239,375,38,56,36,7,18445,10,751
13826,05/29/2020T00:20:00 ,137354,239,375,38,56,36,7,18445,10,751
13827,05/29/2020T00:30:00 ,137354,239,375,38,56,36,7,18445,10,751
13828,05/29/2020T00:40:00 ,137354,236,377,39,56,36,7,18445,10,751
13829,05/29/2020T00:50:00 ,137354,235,376,39,56,36,7,18447,10,749
13830,05/29/2020T01:00:00 ,137353,234,378,38,57,36,7,18447,10,750
13831,05/29/2020T01:10:00 ,137353,234,377,37,58,36,7,18448,10,749
13832,05/29/2020T01:20:00 ,137353,234,376,37,58,36,7,18449,10,748
13833,05/29/2020T01:30:00 ,137353,234,376,37,58,36,7,18449,10,748
13834,05/29/2020T01:40:00 ,137353,234,376,37,58,36,7,18449,10,748
13835,05/29/2020T01:50:00 ,137352,235,376,37,58,36,7,18449,10,749
13836,05/29/2020T02:00:00 ,137352,235,376,37,58,36,7,18449,10,749
13837,05/29/2020T02:10:00 ,137352,233,376,38,58,36,7,18450,10,748
13838,05/29/2020T02:20:00 ,137352,233,374,38,58,36,7,18452,10,746
13839,05/29/2020T02:30:00 ,137352,233,374,38,58,36,7,18452,10,746
13840,05/29/2020T02:40:00 ,137352,231,376,38,58,36,7,18452,10,746
13841,05/29/2020T02:50:00 ,137351,232,376,38,58,36,7,18452,10,747
13842,05/29/2020T03:00:00 ,137351,232,376,38,58,36,7,18452,10,747
13843,05/29/2020T03:10:00 ,137350,233,374,38,58,36,7,18454,10,746
13844,05/29/2020T03:20:00 ,137350,233,373,38,57,36,7,18456,10,744
13845,05/29/2020T03:30:00 ,137348,235,373,38,57,36,7,18456,10,746
13846,05/29/2020T03:40:00 ,137348,233,373,39,57,36,7,18457,10,745
13847,05/29/2020T03:50:00 ,137348,232,374,39,57,36,7,18457,10,745
13848,05/29/2020T04:00:00 ,137348,232,373,39,57,36,7,18458,10,744
13849,05/29/2020T04:10:00 ,137348,231,373,39,57,36,7,18459,10,743
13850,05/29/2020T04:20:00 ,137348,231,372,39,57,36,7,18460,10,742
13851,05/29/2020T04:30:00 ,137348,231,371,39,57,36,7,18461,10,741
13852,05/29/2020T04:40:00 ,137348,230,372,39,57,36,7,18461,10,741
13853,05/29/2020T04:50:00 ,137348,229,373,39,57,36,7,18461,10,741
13854,05/29/2020T05:00:00 ,137348,229,373,39,57,36,7,18461,10,741
13855,05/29/2020T05:10:00 ,137347,230,372,39,57,36,7,18462,10,741
13856,05/29/2020T05:20:00 ,137347,229,372,40,57,36,7,18462,10,741
13857,05/29/2020T05:30:00 ,137347,228,373,40,56,36,7,18463,10,740
13858,05/29/2020T05:40:00 ,137347,227,373,40,56,36,7,18464,10,739
13859,05/29/2020T05:50:00 ,137346,228,373,40,56,36,7,18464,10,740
13860,05/29/2020T06:00:00 ,137346,228,373,40,55,36,7,18465,10,739
13861,05/29/2020T06:10:00 ,137346,228,372,40,55,36,7,18466,10,738
13862,05/29/2020T06:20:00 ,137345,228,371,41,55,36,7,18467,10,738
13863,05/29/2020T06:30:00 ,137345,228,371,41,55,36,7,18467,10,738
13864,05/29/2020T06:40:00 ,137345,228,371,40,56,36,7,18467,10,738
13865,05/29/2020T06:50:00 ,137345,228,369,40,56,36,7,18469,10,736
13866,05/29/2020T07:00:00 ,137345,228,367,40,55,36,7,18472,10,733
13867,05/29/2020T07:10:00 ,137345,227,368,40,55,36,7,18472,10,733
13868,05/29/2020T07:20:00 ,137345,225,370,40,55,36,7,18472,10,733
13869,05/29/2020T07:30:00 ,137345,225,369,39,56,36,7,18473,10,732
13870,05/29/2020T07:40:00 ,137344,225,369,39,56,36,7,18474,10,732
13871,05/29/2020T07:50:00 ,137344,225,369,39,56,36,7,18474,10,732
13872,05/29/2020T08:00:00 ,137344,224,370,39,56,36,7,18474,10,732
13873,05/29/2020T08:10:00 ,137344,224,370,39,56,36,7,18474,10,732
13874,05/29/2020T08:20:00 ,137343,225,370,39,56,36,7,18474,10,733
13875,05/29/2020T08:30:00 ,137343,224,369,39,55,36,7,18477,10,730
13876,05/29/2020T08:40:00 ,137343,223,370,38,56,36,7,18477,10,730
13877,05/29/2020T08:50:00 ,137343,221,371,37,57,36,7,18478,10,729
13878,05/29/2020T09:00:00 ,137343,221,371,37,57,36,7,18478,10,729
13879,05/29/2020T09:10:00 ,137342,222,371,37,57,36,7,18478,10,730
13880,05/29/2020T09:20:00 ,137342,222,370,37,57,36,7,18479,10,729
13881,05/29/2020T09:30:00 ,137341,222,371,37,57,36,7,18479,10,730
13882,05/29/2020T09:40:00 ,137340,222,371,37,57,36,7,18480,10,730
13883,05/29/2020T09:50:00 ,137337,225,370,37,57,36,7,18481,10,732
13884,05/29/2020T10:00:00 ,137335,227,370,37,57,36,7,18481,10,734
13885,05/29/2020T10:10:00 ,137332,227,372,37,58,36,7,18481,10,737
13886,05/29/2020T10:20:00 ,137330,228,373,37,58,36,7,18481,10,739
13887,05/29/2020T10:30:00 ,137328,229,371,38,58,36,7,18483,10,739
13888,05/29/2020T10:40:00 ,137327,230,371,38,58,36,7,18483,10,740
13889,05/29/2020T10:50:00 ,137326,231,371,38,58,36,7,18483,10,741
13890,05/29/2020T11:00:00 ,137325,230,371,38,58,36,7,18485,10,740
13891,05/29/2020T11:10:00 ,137324,231,371,38,58,36,7,18485,10,741
13892,05/29/2020T11:20:00 ,137324,230,372,38,57,36,7,18486,10,740
13893,05/29/2020T11:30:00 ,137324,230,372,38,57,36,7,18486,10,740
13894,05/29/2020T11:40:00 ,137323,231,371,38,57,36,7,18487,10,740
13895,05/29/2020T11:50:00 ,137322,230,372,39,57,35,7,18488,10,740
13896,05/29/2020T12:00:00 ,137322,230,371,39,57,35,7,18489,10,739
13897,05/29/2020T12:10:00 ,137321,231,368,39,56,35,7,18493,10,736
13898,05/29/2020T12:20:00 ,137321,231,368,39,56,35,7,18493,10,736
13899,05/29/2020T12:30:00 ,137320,232,368,39,56,35,7,18493,10,737
13900,05/29/2020T12:40:00 ,137318,234,367,39,56,35,7,18494,10,738
13901,05/29/2020T12:50:00 ,137318,234,366,39,56,35,7,18495,10,737
13902,05/29/2020T13:00:00 ,137318,234,365,39,56,35,7,18496,10,736
13903,05/29/2020T13:10:00 ,137318,231,368,39,56,35,7,18496,10,736
13904,05/29/2020T13:20:00 ,137317,231,367,39,56,35,7,18498,10,735
13905,05/29/2020T13:30:00 ,137317,231,367,39,56,35,7,18498,10,735
13906,05/29/2020T13:40:00 ,137316,230,368,38,57,35,7,18499,10,735
13907,05/29/2020T13:50:00 ,137315,229,368,38,57,35,7,18501,10,734
13908,05/29/2020T14:00:00 ,137314,228,369,39,57,35,7,18501,10,735
13909,05/29/2020T14:10:00 ,137312,229,370,39,57,35,7,18501,10,737
13910,05/29/2020T14:20:00 ,137312,229,368,39,57,35,7,18503,10,735
13911,05/29/2020T14:30:00 ,137310,230,369,39,57,35,7,18503,10,737
13912,05/29/2020T14:40:00 ,137308,232,368,39,57,35,7,18504,10,738
13913,05/29/2020T14:50:00 ,137308,232,368,39,57,36,6,18504,10,738
13914,05/29/2020T15:00:00 ,137308,231,369,39,56,36,6,18505,10,737
13915,05/29/2020T15:10:00 ,137308,231,369,39,56,36,6,18505,10,737
13916,05/29/2020T15:20:00 ,137308,231,369,39,56,36,6,18505,10,737
13917,05/29/2020T15:30:00 ,137304,234,369,40,56,37,5,18505,10,741
13918,05/29/2020T15:40:00 ,137302,236,369,40,56,37,5,18505,10,743
13919,05/29/2020T15:50:00 ,137302,236,368,40,55,37,5,18507,10,741
13920,05/29/2020T16:00:00 ,137300,237,369,40,55,37,5,18507,10,743
13921,05/29/2020T16:10:00 ,137299,238,369,39,56,37,5,18507,10,744
13922,05/29/2020T16:20:00 ,137299,238,368,39,56,37,5,18508,10,743
13923,05/29/2020T16:30:00 ,137298,239,368,38,57,37,5,18508,10,744
13924,05/29/2020T16:40:00 ,137295,242,368,38,57,37,5,18508,10,747
13925,05/29/2020T16:50:00 ,137295,242,367,38,57,37,5,18509,10,746
13926,05/29/2020T17:00:00 ,137294,242,365,38,57,37,5,18512,10,744
13927,05/29/2020T17:10:00 ,137293,243,365,38,57,37,5,18512,10,745
13928,05/29/2020T17:20:00 ,137292,244,363,38,56,38,5,18514,10,744
13929,05/29/2020T17:30:00 ,137291,245,362,38,56,38,5,18515,10,744
13930,05/29/2020T17:40:00 ,137291,245,362,38,56,38,5,18515,10,744
13931,05/29/2020T17:50:00 ,137291,245,362,37,57,38,5,18515,10,744
13932,05/29/2020T18:00:00 ,137291,244,362,37,57,38,5,18516,10,743
13933,05/29/2020T18:10:00 ,137291,244,361,37,57,37,5,18518,10,741
13934,05/29/2020T18:20:00 ,137291,244,361,37,57,37,5,18518,10,741
13935,05/29/2020T18:30:00 ,137291,244,360,36,58,37,5,18519,10,740
13936,05/29/2020T18:40:00 ,137291,244,359,36,58,37,5,18520,10,739
13937,05/29/2020T18:50:00 ,137291,244,359,36,58,37,5,18520,10,739
13938,05/29/2020T19:00:00 ,137289,246,358,36,57,37,5,18522,10,739
13939,05/29/2020T19:10:00 ,137289,244,358,36,57,37,5,18524,10,737
13940,05/29/2020T19:20:00 ,137289,244,358,36,57,37,5,18524,10,737
13941,05/29/2020T19:30:00 ,137289,244,358,34,59,37,5,18524,10,737
13942,05/29/2020T19:40:00 ,137289,243,359,34,59,37,5,18524,10,737
13943,05/29/2020T19:50:00 ,137289,243,359,34,59,37,5,18524,10,737
13944,05/29/2020T20:00:00 ,137289,243,358,34,59,37,5,18525,10,736
13945,05/29/2020T20:10:00 ,137289,242,357,34,59,37,5,18527,10,734
13946,05/29/2020T20:20:00 ,137289,242,357,34,59,37,5,18527,10,734
13947,05/29/2020T20:30:00 ,137289,241,358,34,59,37,5,18527,10,734
13948,05/29/2020T20:40:00 ,137288,241,359,34,59,37,5,18527,10,735
13949,05/29/2020T20:50:00 ,137288,240,360,34,59,37,5,18527,10,735
13950,05/29/2020T21:00:00 ,137287,240,358,35,59,37,5,18529,10,734
13951,05/29/2020T21:10:00 ,137286,241,358,34,60,37,5,18529,10,735
13952,05/29/2020T21:20:00 ,137286,240,359,33,61,37,5,18529,10,735
13953,05/29/2020T21:30:00 ,137285,241,359,33,60,37,5,18530,10,735
13954,05/29/2020T21:40:00 ,137285,240,357,33,59,37,5,18534,10,731
13955,05/29/2020T21:50:00 ,137285,240,357,33,59,37,5,18534,10,731
13956,05/29/2020T22:00:00 ,137285,240,357,33,58,37,5,18535,10,730
13957,05/29/2020T22:10:00 ,137284,241,357,33,58,37,5,18535,10,731
13958,05/29/2020T22:20:00 ,137284,241,357,33,58,37,5,18535,10,731
13959,05/29/2020T22:30:00 ,137284,241,357,32,59,37,5,18535,10,731
13960,05/29/2020T22:40:00 ,137284,241,356,32,58,37,5,18537,10,729
13961,05/29/2020T22:50:00 ,137284,239,358,32,58,37,5,18537,10,729
13962,05/29/2020T23:00:00 ,137284,237,360,32,58,37,5,18537,10,729
13963,05/29/2020T23:10:00 ,137284,237,360,32,58,37,5,18537,10,729
13964,05/29/2020T23:20:00 ,137284,236,360,32,58,37,5,18538,10,728
13965,05/29/2020T23:30:00 ,137284,236,360,32,58,37,5,18538,10,728
13966,05/29/2020T23:40:00 ,137284,236,358,30,60,37,5,18540,10,726
13967,05/29/2020T23:50:00 ,137284,235,359,30,60,37,5,18540,10,726
13968,05/30/2020T00:00:00 ,137283,233,360,30,60,37,5,18542,10,725
13969,05/30/2020T00:10:00 ,137283,233,359,30,60,37,5,18543,10,724
13970,05/30/2020T00:20:00 ,137283,233,359,30,60,37,5,18543,10,724
13971,05/30/2020T00:30:00 ,137283,233,358,30,60,37,5,18544,10,723
13972,05/30/2020T00:40:00 ,137283,230,358,32,60,37,5,18545,10,722
13973,05/30/2020T00:50:00 ,137283,230,358,32,60,37,5,18545,10,722
13974,05/30/2020T01:00:00 ,137283,230,357,31,61,37,5,18546,10,721
13975,05/30/2020T01:10:00 ,137283,229,356,31,60,37,5,18549,10,718
13976,05/30/2020T01:20:00 ,137283,229,356,31,60,37,5,18549,10,718
13977,05/30/2020T01:30:00 ,137283,229,356,31,60,37,5,18549,10,718
13978,05/30/2020T01:40:00 ,137283,229,355,31,60,37,5,18550,10,717
13979,05/30/2020T01:50:00 ,137283,227,357,31,60,37,5,18550,10,717
13980,05/30/2020T02:00:00 ,137283,227,356,31,60,38,4,18551,10,716
13981,05/30/2020T02:10:00 ,137282,228,356,31,60,38,4,18551,10,717
13982,05/30/2020T02:20:00 ,137282,228,354,31,59,38,4,18554,10,714
13983,05/30/2020T02:30:00 ,137282,227,355,31,59,38,4,18554,10,714
13984,05/30/2020T02:40:00 ,137282,227,354,31,59,38,4,18555,10,713
13985,05/30/2020T02:50:00 ,137282,227,354,31,59,38,4,18555,10,713
13986,05/30/2020T03:00:00 ,137282,226,355,31,59,38,4,18555,10,713
13987,05/30/2020T03:10:00 ,137282,226,353,31,59,38,4,18557,10,711
13988,05/30/2020T03:20:00 ,137282,224,352,32,59,38,4,18559,10,709
13989,05/30/2020T03:30:00 ,137282,224,352,32,59,38,4,18559,10,709
13990,05/30/2020T03:40:00 ,137282,223,352,32,59,38,4,18560,10,708
13991,05/30/2020T03:50:00 ,137282,223,352,32,58,38,4,18561,10,707
13992,05/30/2020T04:00:00 ,137282,223,352,31,59,38,4,18561,10,707
13993,05/30/2020T04:10:00 ,137282,223,351,31,58,38,4,18563,10,705
13994,05/30/2020T04:20:00 ,137282,223,351,31,58,38,4,18563,10,705
13995,05/30/2020T04:30:00 ,137282,223,351,31,58,38,4,18563,10,705
13996,05/30/2020T04:40:00 ,137282,223,351,31,58,38,4,18563,10,705
13997,05/30/2020T04:50:00 ,137282,223,351,31,58,37,4,18564,10,704
13998,05/30/2020T05:00:00 ,137282,223,351,31,58,37,4,18564,10,704
13999,05/30/2020T05:10:00 ,137282,223,351,30,59,37,4,18564,10,704
14000,05/30/2020T05:20:00 ,137282,222,352,30,58,37,4,18565,10,703
14001,05/30/2020T05:30:00 ,137282,222,351,30,58,37,4,18566,10,702
14002,05/30/2020T05:40:00 ,137281,222,350,30,58,37,4,18568,10,701
14003,05/30/2020T05:50:00 ,137281,221,350,30,57,37,4,18570,10,699
14004,05/30/2020T06:00:00 ,137281,221,350,30,55,37,4,18572,10,697
14005,05/30/2020T06:10:00 ,137281,221,350,30,55,37,4,18572,10,697
14006,05/30/2020T06:20:00 ,137281,221,348,30,55,37,4,18574,10,695
14007,05/30/2020T06:30:00 ,137281,221,347,30,55,37,4,18575,10,694
14008,05/30/2020T06:40:00 ,137281,219,349,29,56,37,4,18575,10,694
14009,05/30/2020T06:50:00 ,137281,219,348,29,55,37,4,18577,10,692
14010,05/30/2020T07:00:00 ,137281,219,348,29,55,37,4,18577,10,692
14011,05/30/2020T07:10:00 ,137280,220,348,29,55,37,4,18577,10,693
14012,05/30/2020T07:20:00 ,137280,220,347,29,55,37,4,18578,10,692
14013,05/30/2020T07:30:00 ,137280,220,347,29,55,37,4,18578,10,692
14014,05/30/2020T07:40:00 ,137279,220,347,29,55,37,4,18579,10,692
14015,05/30/2020T07:50:00 ,137278,221,347,29,55,37,4,18579,10,693
14016,05/30/2020T08:00:00 ,137277,222,346,29,55,37,4,18580,10,693
14017,05/30/2020T08:10:00 ,137277,222,344,29,55,37,4,18582,10,691
14018,05/30/2020T08:20:00 ,137277,222,344,29,55,37,4,18582,10,691
14019,05/30/2020T08:30:00 ,137277,219,345,29,55,37,4,18584,10,689
14020,05/30/2020T08:40:00 ,137277,219,345,29,55,37,4,18584,10,689
14021,05/30/2020T08:50:00 ,137277,219,345,29,54,37,4,18585,10,688
14022,05/30/2020T09:00:00 ,137276,220,345,29,54,37,4,18585,10,689
14023,05/30/2020T09:10:00 ,137275,220,344,30,54,37,4,18586,10,689
14024,05/30/2020T09:20:00 ,137275,219,344,30,54,37,4,18587,10,688
14025,05/30/2020T09:30:00 ,137275,218,344,30,55,36,4,18588,10,687
14026,05/30/2020T09:40:00 ,137274,219,343,30,55,36,4,18589,10,687
14027,05/30/2020T09:50:00 ,137272,220,344,30,55,36,4,18589,10,689
14028,05/30/2020T10:00:00 ,137269,223,344,30,55,36,4,18589,10,692
14029,05/30/2020T10:10:00 ,137267,225,342,30,55,36,4,18591,10,692
14030,05/30/2020T10:20:00 ,137267,225,342,30,54,36,4,18592,10,691
14031,05/30/2020T10:30:00 ,137266,226,340,30,54,36,4,18594,10,690
14032,05/30/2020T10:40:00 ,137265,227,340,30,54,36,4,18594,10,691
14033,05/30/2020T10:50:00 ,137264,227,341,30,54,36,4,18594,10,692
14034,05/30/2020T11:00:00 ,137262,227,343,30,54,36,4,18594,10,694
14035,05/30/2020T11:10:00 ,137261,228,343,30,54,36,4,18594,10,695
14036,05/30/2020T11:20:00 ,137260,228,343,30,54,36,4,18595,10,695
14037,05/30/2020T11:30:00 ,137259,229,342,30,54,36,4,18596,10,695
14038,05/30/2020T11:40:00 ,137256,232,342,30,53,36,4,18597,10,697
14039,05/30/2020T11:50:00 ,137256,232,342,30,53,36,4,18597,10,697
14040,05/30/2020T12:00:00 ,137256,232,342,30,53,36,4,18597,10,697
14041,05/30/2020T12:10:00 ,137255,233,342,30,53,36,4,18597,10,698
14042,05/30/2020T12:20:00 ,137255,232,343,30,53,36,3,18598,10,697
14043,05/30/2020T12:30:00 ,137253,233,344,30,53,36,3,18598,10,699
14044,05/30/2020T12:40:00 ,137252,232,346,30,53,36,3,18598,10,700
14045,05/30/2020T12:50:00 ,137252,232,344,30,53,36,3,18600,10,698
14046,05/30/2020T13:00:00 ,137250,233,344,30,53,36,3,18601,10,699
14047,05/30/2020T13:10:00 ,137250,233,344,29,54,36,3,18601,10,699
14048,05/30/2020T13:20:00 ,137250,233,344,29,54,36,3,18601,10,699
14049,05/30/2020T13:30:00 ,137250,233,343,29,54,36,3,18602,10,698
14050,05/30/2020T13:40:00 ,137250,232,343,29,54,36,3,18603,10,697
14051,05/30/2020T13:50:00 ,137250,231,342,28,55,36,3,18605,10,695
14052,05/30/2020T14:00:00 ,137250,231,342,28,55,36,3,18605,10,695
14053,05/30/2020T14:10:00 ,137250,230,343,28,55,36,3,18605,10,695
14054,05/30/2020T14:20:00 ,137247,233,341,28,55,36,3,18607,10,696
14055,05/30/2020T14:30:00 ,137246,234,341,28,55,36,3,18607,10,697
14056,05/30/2020T14:40:00 ,137246,233,341,28,55,36,3,18608,10,696
14057,05/30/2020T14:50:00 ,137244,233,341,29,54,36,3,18610,10,696
14058,05/30/2020T15:00:00 ,137243,232,342,30,54,35,4,18610,10,697
14059,05/30/2020T15:10:00 ,137242,233,341,30,54,35,4,18611,10,697
14060,05/30/2020T15:20:00 ,137241,234,341,30,54,35,4,18611,10,698
14061,05/30/2020T15:30:00 ,137241,233,342,30,54,34,4,18612,10,697
14062,05/30/2020T15:40:00 ,137239,234,341,30,54,34,4,18614,10,697
14063,05/30/2020T15:50:00 ,137237,235,342,30,54,34,4,18614,10,699
14064,05/30/2020T16:00:00 ,137236,236,341,30,54,34,4,18615,10,699
14065,05/30/2020T16:10:00 ,137235,235,342,31,54,34,4,18615,10,700
14066,05/30/2020T16:20:00 ,137235,235,342,31,54,34,4,18615,10,700
14067,05/30/2020T16:30:00 ,137233,237,342,31,54,34,4,18615,10,702
14068,05/30/2020T16:40:00 ,137232,238,342,30,55,34,4,18615,10,703
14069,05/30/2020T16:50:00 ,137232,238,342,30,54,34,4,18616,10,702
14070,05/30/2020T17:00:00 ,137230,240,340,30,54,34,4,18618,10,702
14071,05/30/2020T17:10:00 ,137229,240,338,31,54,34,4,18620,10,701
14072,05/30/2020T17:20:00 ,137229,239,339,31,53,34,4,18621,10,700
14073,05/30/2020T17:30:00 ,137229,239,338,31,53,33,5,18622,10,699
14074,05/30/2020T17:40:00 ,137229,238,338,32,52,33,5,18623,10,698
14075,05/30/2020T17:50:00 ,137229,238,337,32,52,33,5,18624,10,697
14076,05/30/2020T18:00:00 ,137229,238,337,32,52,33,5,18624,10,697
14077,05/30/2020T18:10:00 ,137229,238,336,31,53,33,5,18625,10,696
14078,05/30/2020T18:20:00 ,137228,238,336,31,53,33,5,18626,10,696
14079,05/30/2020T18:30:00 ,137228,236,338,31,53,33,5,18626,10,696
14080,05/30/2020T18:40:00 ,137228,236,337,31,53,33,5,18627,10,695
14081,05/30/2020T18:50:00 ,137228,236,336,31,53,33,5,18628,10,694
14082,05/30/2020T19:00:00 ,137228,236,335,31,53,33,5,18629,10,693
14083,05/30/2020T19:10:00 ,137228,236,335,31,53,33,5,18629,10,693
14084,05/30/2020T19:20:00 ,137228,235,335,31,53,33,5,18630,10,692
14085,05/30/2020T19:30:00 ,137228,235,335,30,54,33,5,18630,10,692
14086,05/30/2020T19:40:00 ,137228,235,335,30,54,33,5,18630,10,692
14087,05/30/2020T19:50:00 ,137228,235,334,30,54,33,5,18631,10,691
14088,05/30/2020T20:00:00 ,137228,235,334,30,54,33,5,18631,10,691
14089,05/30/2020T20:10:00 ,137226,236,334,30,54,33,5,18632,10,692
14090,05/30/2020T20:20:00 ,137226,236,334,30,52,33,5,18634,10,690
14091,05/30/2020T20:30:00 ,137226,236,333,30,52,33,5,18635,10,689
14092,05/30/2020T20:40:00 ,137226,235,334,30,52,33,5,18635,10,689
14093,05/30/2020T20:50:00 ,137226,234,334,30,52,33,5,18636,10,688
14094,05/30/2020T21:00:00 ,137226,233,335,29,53,33,5,18636,10,688
14095,05/30/2020T21:10:00 ,137226,232,336,29,53,33,5,18636,10,688
14096,05/30/2020T21:20:00 ,137226,232,335,29,53,33,5,18637,10,687
14097,05/30/2020T21:30:00 ,137226,232,333,29,53,33,5,18639,10,685
14098,05/30/2020T21:40:00 ,137226,232,333,29,52,33,5,18640,10,684
14099,05/30/2020T21:50:00 ,137226,230,335,29,52,33,5,18640,10,684
14100,05/30/2020T22:00:00 ,137226,227,336,30,52,33,5,18641,10,683
14101,05/30/2020T22:10:00 ,137226,226,336,31,51,33,5,18642,10,682
14102,05/30/2020T22:20:00 ,137226,225,337,31,51,33,5,18642,10,682
14103,05/30/2020T22:30:00 ,137226,225,337,31,51,33,5,18642,10,682
14104,05/30/2020T22:40:00 ,137226,225,337,31,51,33,5,18642,10,682
14105,05/30/2020T22:50:00 ,137226,224,338,31,50,33,5,18643,10,681
14106,05/30/2020T23:00:00 ,137226,222,339,31,50,33,5,18644,10,680
14107,05/30/2020T23:10:00 ,137226,221,340,30,51,33,5,18644,10,680
14108,05/30/2020T23:20:00 ,137226,219,342,30,51,33,5,18644,10,680
14109,05/30/2020T23:30:00 ,137226,218,342,30,52,33,5,18644,10,680
14110,05/30/2020T23:40:00 ,137226,218,341,30,52,33,5,18645,10,679
14111,05/30/2020T23:50:00 ,137226,217,341,30,52,33,5,18646,10,678
14112,05/31/2020T00:00:00 ,137226,216,342,30,52,33,5,18646,10,678
14113,05/31/2020T00:10:00 ,137226,216,342,30,52,33,5,18646,10,678
14114,05/31/2020T00:20:00 ,137226,216,341,30,52,33,5,18647,10,677
14115,05/31/2020T00:30:00 ,137226,215,340,30,52,33,5,18649,10,675
14116,05/31/2020T00:40:00 ,137226,213,342,30,52,33,5,18649,10,675
14117,05/31/2020T00:50:00 ,137226,212,343,30,52,33,5,18649,10,675
14118,05/31/2020T01:00:00 ,137226,211,344,29,53,33,5,18649,10,675
14119,05/31/2020T01:10:00 ,137226,210,345,28,53,33,5,18650,10,674
14120,05/31/2020T01:20:00 ,137226,210,344,28,53,33,5,18651,10,673
14121,05/31/2020T01:30:00 ,137226,210,344,27,54,33,5,18651,10,673
14122,05/31/2020T01:40:00 ,137226,209,344,27,54,33,5,18652,10,672
14123,05/31/2020T01:50:00 ,137226,209,343,26,55,33,5,18653,10,671
14124,05/31/2020T02:00:00 ,137226,209,343,25,56,33,5,18653,10,671
14125,05/31/2020T02:10:00 ,137226,209,342,24,57,33,5,18654,10,670
14126,05/31/2020T02:20:00 ,137226,209,339,24,56,33,5,18658,10,666
14127,05/31/2020T02:30:00 ,137226,209,339,24,56,33,5,18658,10,666
14128,05/31/2020T02:40:00 ,137226,209,339,23,57,33,5,18658,10,666
14129,05/31/2020T02:50:00 ,137226,209,339,23,57,33,5,18658,10,666
14130,05/31/2020T03:00:00 ,137226,209,338,23,56,33,5,18660,10,664
14131,05/31/2020T03:10:00 ,137226,208,339,23,56,33,5,18660,10,664
14132,05/31/2020T03:20:00 ,137226,208,339,23,56,33,5,18660,10,664
14133,05/31/2020T03:30:00 ,137226,207,340,22,57,33,5,18660,10,664
14134,05/31/2020T03:40:00 ,137226,204,342,22,57,33,5,18661,10,663
14135,05/31/2020T03:50:00 ,137226,204,342,22,57,33,5,18661,10,663
14136,05/31/2020T04:00:00 ,137225,205,342,22,57,33,5,18661,10,664
14137,05/31/2020T04:10:00 ,137225,205,342,22,57,33,5,18661,10,664
14138,05/31/2020T04:20:00 ,137225,205,340,22,57,33,5,18663,10,662
14139,05/31/2020T04:30:00 ,137225,204,340,22,57,33,5,18664,10,661
14140,05/31/2020T04:40:00 ,137225,203,341,22,57,33,5,18664,10,661
14141,05/31/2020T04:50:00 ,137225,203,341,22,57,33,5,18664,10,661
14142,05/31/2020T05:00:00 ,137225,203,341,22,57,33,5,18664,10,661
14143,05/31/2020T05:10:00 ,137225,203,341,22,57,33,5,18664,10,661
14144,05/31/2020T05:20:00 ,137225,203,341,22,57,33,5,18664,10,661
14145,05/31/2020T05:30:00 ,137225,202,342,22,57,33,5,18664,10,661
14146,05/31/2020T05:40:00 ,137225,202,342,22,57,33,5,18664,10,661
14147,05/31/2020T05:50:00 ,137225,202,342,22,56,33,5,18665,10,660
14148,05/31/2020T06:00:00 ,137225,198,344,24,55,34,5,18665,10,660
14149,05/31/2020T06:10:00 ,137225,198,343,24,55,34,5,18666,10,659
14150,05/31/2020T06:20:00 ,137225,198,342,24,55,34,5,18667,10,658
14151,05/31/2020T06:30:00 ,137225,197,343,24,54,34,5,18668,10,657
14152,05/31/2020T06:40:00 ,137225,196,343,23,55,34,5,18669,10,656
14153,05/31/2020T06:50:00 ,137225,196,342,23,55,34,5,18670,10,655
14154,05/31/2020T07:00:00 ,137225,196,341,23,54,34,5,18672,10,653
14155,05/31/2020T07:10:00 ,137225,196,340,23,54,34,5,18673,10,652
14156,05/31/2020T07:20:00 ,137225,196,340,23,54,34,5,18673,10,652
14157,05/31/2020T07:30:00 ,137225,194,341,23,54,34,5,18674,10,651
14158,05/31/2020T07:40:00 ,137224,195,341,23,54,34,5,18674,10,652
14159,05/31/2020T07:50:00 ,137224,195,340,23,54,34,5,18675,10,651
14160,05/31/2020T08:00:00 ,137224,195,339,23,54,34,5,18676,10,650
14161,05/31/2020T08:10:00 ,137224,195,338,23,54,34,5,18677,10,649
14162,05/31/2020T08:20:00 ,137224,194,339,23,54,34,5,18677,10,649
14163,05/31/2020T08:30:00 ,137224,194,339,23,54,34,5,18677,10,649
14164,05/31/2020T08:40:00 ,137224,193,340,23,54,34,5,18677,10,649
14165,05/31/2020T08:50:00 ,137224,191,342,23,54,34,5,18677,10,649
14166,05/31/2020T09:00:00 ,137224,191,342,23,54,34,5,18677,10,649
14167,05/31/2020T09:10:00 ,137224,188,345,23,53,34,5,18678,10,648
14168,05/31/2020T09:20:00 ,137224,188,344,22,54,34,5,18679,10,647
14169,05/31/2020T09:30:00 ,137224,188,343,22,54,34,5,18680,10,646
14170,05/31/2020T09:40:00 ,137224,187,344,22,54,34,5,18680,10,646
14171,05/31/2020T09:50:00 ,137223,188,344,22,54,33,5,18681,10,646
14172,05/31/2020T10:00:00 ,137223,185,345,23,54,33,5,18682,10,645
14173,05/31/2020T10:10:00 ,137223,185,345,23,54,33,5,18682,10,645
14174,05/31/2020T10:20:00 ,137223,185,345,23,54,33,5,18682,10,645
14175,05/31/2020T10:30:00 ,137222,186,345,23,54,33,5,18682,10,646
14176,05/31/2020T10:40:00 ,137222,186,344,23,54,33,5,18683,10,645
14177,05/31/2020T10:50:00 ,137222,185,344,22,55,33,5,18684,10,644
14178,05/31/2020T11:00:00 ,137222,185,344,22,55,33,5,18684,10,644
14179,05/31/2020T11:10:00 ,137222,185,344,22,55,33,5,18684,10,644
14180,05/31/2020T11:20:00 ,137222,184,345,22,55,33,5,18684,10,644
14181,05/31/2020T11:30:00 ,137222,184,345,21,55,33,5,18685,10,643
14182,05/31/2020T11:40:00 ,137222,182,347,21,55,33,5,18685,10,643
14183,05/31/2020T11:50:00 ,137221,183,346,21,55,33,5,18686,10,643
14184,05/31/2020T12:00:00 ,137221,183,345,21,55,33,5,18687,10,642
14185,05/31/2020T12:10:00 ,137220,182,345,22,55,33,5,18688,10,642
14186,05/31/2020T12:20:00 ,137220,181,344,23,55,33,5,18689,10,641
14187,05/31/2020T12:30:00 ,137220,181,344,23,55,33,5,18689,10,641
14188,05/31/2020T12:40:00 ,137220,180,342,24,55,33,5,18691,10,639
14189,05/31/2020T12:50:00 ,137220,180,341,24,55,33,5,18692,10,638
14190,05/31/2020T13:00:00 ,137220,180,340,24,55,33,5,18693,10,637
14191,05/31/2020T13:10:00 ,137219,181,340,24,55,33,5,18693,10,638
14192,05/31/2020T13:20:00 ,137219,181,339,24,55,33,5,18694,10,637
14193,05/31/2020T13:30:00 ,137219,180,340,24,54,33,5,18695,10,636
14194,05/31/2020T13:40:00 ,137219,180,340,24,53,33,5,18696,10,635
14195,05/31/2020T13:50:00 ,137218,181,339,24,53,33,5,18697,10,635
14196,05/31/2020T14:00:00 ,137217,182,339,24,53,33,5,18697,10,636
14197,05/31/2020T14:10:00 ,137217,182,339,24,52,33,5,18698,10,635
14198,05/31/2020T14:20:00 ,137217,182,339,24,52,33,5,18698,10,635
14199,05/31/2020T14:30:00 ,137216,183,339,24,52,33,5,18698,10,636
14200,05/31/2020T14:40:00 ,137216,183,339,24,52,33,5,18698,10,636
14201,05/31/2020T14:50:00 ,137216,181,339,23,53,33,5,18700,10,634
14202,05/31/2020T15:00:00 ,137216,181,338,23,53,33,5,18701,10,633
14203,05/31/2020T15:10:00 ,137215,182,338,23,53,32,5,18702,10,633
14204,05/31/2020T15:20:00 ,137215,181,339,23,53,32,5,18702,10,633
14205,05/31/2020T15:30:00 ,137215,181,339,23,53,32,5,18702,10,633
14206,05/31/2020T15:40:00 ,137215,178,341,24,53,32,5,18702,10,633
14207,05/31/2020T15:50:00 ,137215,178,341,24,53,31,5,18703,10,632
14208,05/31/2020T16:00:00 ,137215,175,343,23,54,31,5,18704,10,631
14209,05/31/2020T16:10:00 ,137215,175,343,23,54,31,5,18704,10,631
14210,05/31/2020T16:20:00 ,137215,173,345,23,54,31,5,18704,10,631
14211,05/31/2020T16:30:00 ,137215,173,344,23,54,31,5,18705,10,630
14212,05/31/2020T16:40:00 ,137215,173,344,23,54,31,5,18705,10,630
14213,05/31/2020T16:50:00 ,137215,172,345,23,54,31,5,18705,10,630
14214,05/31/2020T17:00:00 ,137215,172,344,23,54,31,5,18706,10,629
14215,05/31/2020T17:10:00 ,137215,171,344,23,54,31,5,18707,10,628
14216,05/31/2020T17:20:00 ,137214,172,342,23,54,31,5,18709,10,627
14217,05/31/2020T17:30:00 ,137213,172,343,23,54,31,5,18709,10,628
14218,05/31/2020T17:40:00 ,137213,172,341,23,54,31,5,18711,10,626
14219,05/31/2020T17:50:00 ,137213,172,341,23,54,31,5,18711,10,626
14220,05/31/2020T18:00:00 ,137213,172,341,23,54,31,5,18711,10,626
14221,05/31/2020T18:10:00 ,137213,170,342,23,55,31,5,18711,10,626
14222,05/31/2020T18:20:00 ,137212,168,344,24,55,31,5,18711,10,627
14223,05/31/2020T18:30:00 ,137212,167,345,23,56,30,5,18712,10,626
14224,05/31/2020T18:40:00 ,137211,168,344,23,56,30,5,18713,10,626
14225,05/31/2020T18:50:00 ,137211,166,346,23,56,30,5,18713,10,626
14226,05/31/2020T19:00:00 ,137211,165,347,23,56,30,5,18713,10,626
14227,05/31/2020T19:10:00 ,137210,165,347,23,56,30,5,18714,10,626
14228,05/31/2020T19:20:00 ,137210,164,346,24,56,30,5,18715,10,625
14229,05/31/2020T19:30:00 ,137210,164,346,24,56,30,5,18715,10,625
14230,05/31/2020T19:40:00 ,137210,164,346,24,56,30,5,18715,10,625
14231,05/31/2020T19:50:00 ,137210,164,345,24,55,30,5,18717,10,623
14232,05/31/2020T20:00:00 ,137210,164,345,23,56,30,5,18717,10,623
14233,05/31/2020T20:10:00 ,137210,163,346,23,56,30,5,18717,10,623
14234,05/31/2020T20:20:00 ,137210,162,346,23,56,30,5,18718,10,622
14235,05/31/2020T20:30:00 ,137210,162,345,23,54,31,5,18720,10,620
14236,05/31/2020T20:40:00 ,137209,163,345,23,54,31,5,18720,10,621
14237,05/31/2020T20:50:00 ,137209,162,346,23,54,31,5,18720,10,621
14238,05/31/2020T21:00:00 ,137209,162,345,23,54,31,5,18721,10,620
14239,05/31/2020T21:10:00 ,137208,163,345,23,54,31,5,18721,10,621
14240,05/31/2020T21:20:00 ,137208,163,345,23,54,31,5,18721,10,621
14241,05/31/2020T21:30:00 ,137208,162,345,22,55,31,5,18722,10,620
14242,05/31/2020T21:40:00 ,137208,162,345,22,55,31,5,18722,10,620
14243,05/31/2020T21:50:00 ,137207,162,345,23,55,31,5,18722,10,621
14244,05/31/2020T22:00:00 ,137207,161,346,23,55,31,5,18722,10,621
14245,05/31/2020T22:10:00 ,137207,161,346,23,55,31,5,18722,10,621
14246,05/31/2020T22:20:00 ,137207,161,346,23,55,31,5,18722,10,621
14247,05/31/2020T22:30:00 ,137207,161,345,23,55,31,5,18723,10,620
14248,05/31/2020T22:40:00 ,137207,161,345,23,54,31,5,18724,10,619
14249,05/31/2020T22:50:00 ,137207,158,348,23,54,31,5,18724,10,619
14250,05/31/2020T23:00:00 ,137207,158,347,23,54,31,5,18725,10,618
14251,05/31/2020T23:10:00 ,137207,156,349,23,54,31,5,18725,10,618
14252,05/31/2020T23:20:00 ,137207,155,346,24,54,31,5,18728,10,615
14253,05/31/2020T23:30:00 ,137207,154,347,24,54,31,5,18728,10,615
14254,05/31/2020T23:40:00 ,137207,154,347,23,55,31,5,18728,10,615
14255,05/31/2020T23:50:00 ,137206,155,347,23,55,31,5,18728,10,616
14256,06/01/2020T00:00:00 ,137206,154,348,23,55,31,5,18728,10,616
14257,06/01/2020T00:10:00 ,137206,154,348,23,55,31,5,18728,10,616
14258,06/01/2020T00:20:00 ,137205,155,348,22,56,31,5,18728,10,617
14259,06/01/2020T00:30:00 ,137205,155,347,22,56,31,5,18729,10,616
14260,06/01/2020T00:40:00 ,137205,155,346,22,56,31,5,18730,10,615
14261,06/01/2020T00:50:00 ,137204,153,349,22,56,31,5,18730,10,616
14262,06/01/2020T01:00:00 ,137204,152,348,22,55,31,5,18733,10,613
14263,06/01/2020T01:10:00 ,137204,151,349,22,55,31,5,18733,10,613
14264,06/01/2020T01:20:00 ,137204,150,349,22,55,31,5,18734,10,612
14265,06/01/2020T01:30:00 ,137204,148,350,22,54,31,5,18736,10,610
14266,06/01/2020T01:40:00 ,137204,148,350,22,54,31,5,18736,10,610
14267,06/01/2020T01:50:00 ,137204,148,349,22,54,31,5,18737,10,609
14268,06/01/2020T02:00:00 ,137204,148,348,22,54,31,5,18738,10,608
14269,06/01/2020T02:10:00 ,137204,147,347,22,55,31,5,18739,10,607
14270,06/01/2020T02:20:00 ,137204,146,348,22,55,31,5,18739,10,607
14271,06/01/2020T02:30:00 ,137202,148,347,22,55,31,5,18740,10,608
14272,06/01/2020T02:40:00 ,137202,148,347,22,54,31,5,18741,10,607
14273,06/01/2020T02:50:00 ,137202,148,346,22,53,31,5,18743,10,605
14274,06/01/2020T03:00:00 ,137202,148,346,22,53,31,5,18743,10,605
14275,06/01/2020T03:10:00 ,137202,147,344,22,53,31,5,18746,10,602
14276,06/01/2020T03:20:00 ,137202,146,345,22,53,31,5,18746,10,602
14277,06/01/2020T03:30:00 ,137202,146,344,22,53,31,5,18747,10,601
14278,06/01/2020T03:40:00 ,137202,146,344,22,53,31,5,18747,10,601
14279,06/01/2020T03:50:00 ,137201,146,344,22,53,31,5,18748,10,601
14280,06/01/2020T04:00:00 ,137201,146,344,22,53,31,5,18748,10,601
14281,06/01/2020T04:10:00 ,137201,146,343,22,53,31,5,18749,10,600
14282,06/01/2020T04:20:00 ,137201,145,343,22,53,31,5,18750,10,599
14283,06/01/2020T04:30:00 ,137201,145,343,22,51,31,5,18752,10,597
14284,06/01/2020T04:40:00 ,137201,145,342,22,51,31,5,18753,10,596
14285,06/01/2020T04:50:00 ,137201,144,342,22,51,31,5,18754,10,595
14286,06/01/2020T05:00:00 ,137201,143,342,22,51,31,5,18755,10,594
14287,06/01/2020T05:10:00 ,137201,143,342,22,51,31,5,18755,10,594
14288,06/01/2020T05:20:00 ,137201,143,342,22,51,31,5,18755,10,594
14289,06/01/2020T05:30:00 ,137201,142,343,22,51,31,5,18755,10,594
14290,06/01/2020T05:40:00 ,137200,143,343,22,51,31,5,18755,10,595
14291,06/01/2020T05:50:00 ,137200,143,342,22,51,31,5,18756,10,594
14292,06/01/2020T06:00:00 ,137200,143,341,22,51,31,5,18757,10,593
14293,06/01/2020T06:10:00 ,137200,141,342,23,51,31,5,18757,10,593
14294,06/01/2020T06:20:00 ,137200,141,342,23,51,31,5,18757,10,593
14295,06/01/2020T06:30:00 ,137200,141,342,23,51,31,5,18757,10,593
14296,06/01/2020T06:40:00 ,137200,140,342,23,51,31,5,18758,10,592
14297,06/01/2020T06:50:00 ,137200,140,342,23,50,31,5,18759,10,591
14298,06/01/2020T07:00:00 ,137200,139,341,23,50,31,5,18761,10,589
14299,06/01/2020T07:10:00 ,137200,138,340,24,50,31,5,18762,10,588
14300,06/01/2020T07:20:00 ,137200,138,340,24,50,31,5,18762,10,588
14301,06/01/2020T07:30:00 ,137200,137,341,24,50,31,5,18762,10,588
14302,06/01/2020T07:40:00 ,137200,134,343,24,50,31,5,18763,10,587
14303,06/01/2020T07:50:00 ,137200,133,344,24,50,31,5,18763,10,587
14304,06/01/2020T08:00:00 ,137200,133,343,24,50,31,5,18764,10,586
14305,06/01/2020T08:10:00 ,137200,133,343,24,49,31,5,18765,10,585
14306,06/01/2020T08:20:00 ,137200,133,342,24,49,32,4,18766,10,584
14307,06/01/2020T08:30:00 ,137198,135,341,24,49,32,4,18767,10,585
14308,06/01/2020T08:40:00 ,137198,134,340,24,48,32,4,18770,10,582
14309,06/01/2020T08:50:00 ,137198,134,339,24,47,33,4,18771,10,581
14310,06/01/2020T09:00:00 ,137198,133,339,24,47,33,4,18772,10,580
14311,06/01/2020T09:10:00 ,137198,132,339,25,47,33,4,18772,10,580
14312,06/01/2020T09:20:00 ,137198,131,339,25,47,33,4,18773,10,579
14313,06/01/2020T09:30:00 ,137198,131,339,25,45,33,4,18775,10,577
14314,06/01/2020T09:40:00 ,137198,131,339,25,44,33,4,18776,10,576
14315,06/01/2020T09:50:00 ,137198,130,339,26,44,33,4,18776,10,576
14316,06/01/2020T10:00:00 ,137198,130,338,26,44,33,4,18777,10,575
14317,06/01/2020T10:10:00 ,137198,130,338,26,44,33,4,18777,10,575
14318,06/01/2020T10:20:00 ,137198,129,339,26,43,33,4,18778,10,574
14319,06/01/2020T10:30:00 ,137197,130,339,26,43,33,4,18778,10,575
14320,06/01/2020T10:40:00 ,137197,129,340,26,43,33,4,18778,10,575
14321,06/01/2020T10:50:00 ,137197,129,339,26,43,33,4,18779,10,574
14322,06/01/2020T11:00:00 ,137197,129,339,26,42,33,4,18780,10,573
14323,06/01/2020T11:10:00 ,137197,129,339,26,42,32,4,18781,10,572
14324,06/01/2020T11:20:00 ,137197,129,338,26,42,32,4,18782,10,571
14325,06/01/2020T11:30:00 ,137197,129,338,26,42,32,4,18782,10,571
14326,06/01/2020T11:40:00 ,137197,128,338,26,42,32,4,18783,10,570
14327,06/01/2020T11:50:00 ,137197,128,338,26,42,32,4,18783,10,570
14328,06/01/2020T12:00:00 ,137197,127,338,26,42,32,4,18784,10,569
14329,06/01/2020T12:10:00 ,137197,127,337,26,42,32,4,18785,10,568
14330,06/01/2020T12:20:00 ,137197,126,338,26,42,32,4,18785,10,568
14331,06/01/2020T12:30:00 ,137197,126,338,25,43,32,4,18785,10,568
14332,06/01/2020T12:40:00 ,137197,126,338,25,43,32,4,18785,10,568
14333,06/01/2020T12:50:00 ,137197,125,339,24,44,33,3,18785,10,568
14334,06/01/2020T13:00:00 ,137197,125,339,23,45,33,3,18785,10,568
14335,06/01/2020T13:10:00 ,137197,124,339,23,45,33,3,18786,10,567
14336,06/01/2020T13:20:00 ,137197,124,337,23,44,33,3,18789,10,564
14337,06/01/2020T13:30:00 ,137197,124,337,23,44,33,3,18789,10,564
14338,06/01/2020T13:40:00 ,137197,124,337,23,44,33,3,18789,10,564
14339,06/01/2020T13:50:00 ,137197,124,337,23,44,33,3,18789,10,564
14340,06/01/2020T14:00:00 ,137197,123,337,23,44,33,3,18790,10,563
14341,06/01/2020T14:10:00 ,137197,123,336,23,44,33,3,18791,10,562
14342,06/01/2020T14:20:00 ,137196,124,335,23,44,33,3,18792,10,562
14343,06/01/2020T14:30:00 ,137196,121,336,23,44,33,3,18794,10,560
14344,06/01/2020T14:40:00 ,137196,120,337,23,44,33,3,18794,10,560
14345,06/01/2020T14:50:00 ,137196,119,338,23,44,33,3,18794,10,560
14346,06/01/2020T15:00:00 ,137195,120,337,23,44,33,3,18795,10,560
14347,06/01/2020T15:10:00 ,137195,120,336,22,45,33,3,18796,10,559
14348,06/01/2020T15:20:00 ,137195,120,334,22,45,33,3,18798,10,557
14349,06/01/2020T15:30:00 ,137195,120,333,22,45,33,3,18799,10,556
14350,06/01/2020T15:40:00 ,137195,120,332,22,44,33,3,18801,10,554
14351,06/01/2020T15:50:00 ,137194,120,332,23,44,33,3,18801,10,555
14352,06/01/2020T16:00:00 ,137194,119,331,24,44,33,3,18802,10,554
14353,06/01/2020T16:10:00 ,137194,118,332,24,44,33,3,18802,10,554
14354,06/01/2020T16:20:00 ,137194,118,330,24,44,33,3,18804,10,552
14355,06/01/2020T16:30:00 ,137194,118,330,24,44,33,3,18804,10,552
14356,06/01/2020T16:40:00 ,137193,119,329,24,44,33,3,18805,10,552
14357,06/01/2020T16:50:00 ,137193,119,329,24,44,33,3,18805,10,552
14358,06/01/2020T17:00:00 ,137193,118,330,24,44,32,3,18806,10,551
14359,06/01/2020T17:10:00 ,137193,118,330,24,44,32,3,18806,10,551
14360,06/01/2020T17:20:00 ,137193,118,330,24,44,32,3,18806,10,551
14361,06/01/2020T17:30:00 ,137192,118,331,24,44,32,3,18806,10,552
14362,06/01/2020T17:40:00 ,137192,118,331,24,44,32,3,18806,10,552
14363,06/01/2020T17:50:00 ,137192,117,330,25,44,33,2,18807,10,551
14364,06/01/2020T18:00:00 ,137192,117,328,25,43,33,2,18810,10,548
14365,06/01/2020T18:10:00 ,137192,117,328,25,43,33,2,18810,10,548
14366,06/01/2020T18:20:00 ,137192,117,328,25,43,33,2,18810,10,548
14367,06/01/2020T18:30:00 ,137191,118,328,25,43,33,2,18810,10,549
14368,06/01/2020T18:40:00 ,137190,117,330,25,43,33,2,18810,10,550
14369,06/01/2020T18:50:00 ,137190,117,330,25,43,33,2,18810,10,550
14370,06/01/2020T19:00:00 ,137190,116,331,24,44,33,2,18810,10,550
14371,06/01/2020T19:10:00 ,137190,116,331,24,43,33,2,18811,10,549
14372,06/01/2020T19:20:00 ,137190,115,332,24,43,33,2,18811,10,549
14373,06/01/2020T19:30:00 ,137190,114,333,24,43,33,2,18811,10,549
14374,06/01/2020T19:40:00 ,137189,113,335,24,43,33,2,18811,10,550
14375,06/01/2020T19:50:00 ,137189,113,334,24,43,33,2,18812,10,549
14376,06/01/2020T20:00:00 ,137189,112,335,24,43,33,2,18812,10,549
14377,06/01/2020T20:10:00 ,137184,116,335,24,42,33,2,18814,10,552
14378,06/01/2020T20:20:00 ,137184,116,334,24,42,32,2,18816,10,550
14379,06/01/2020T20:30:00 ,137183,115,336,24,41,33,2,18816,10,551
14380,06/01/2020T20:40:00 ,137183,115,335,24,41,33,2,18817,10,550
14381,06/01/2020T20:50:00 ,137183,115,334,24,41,33,2,18818,10,549
14382,06/01/2020T21:00:00 ,137183,115,334,24,41,33,2,18818,10,549
14383,06/01/2020T21:10:00 ,137183,115,333,24,41,33,2,18819,10,548
14384,06/01/2020T21:20:00 ,137183,114,334,24,41,33,2,18819,10,548
14385,06/01/2020T21:30:00 ,137183,114,333,24,41,33,2,18820,10,547
14386,06/01/2020T21:40:00 ,137183,114,333,24,41,33,2,18820,10,547
14387,06/01/2020T21:50:00 ,137183,114,332,24,41,33,2,18821,10,546
14388,06/01/2020T22:00:00 ,137183,113,332,25,41,33,2,18821,10,546
14389,06/01/2020T22:10:00 ,137183,113,331,25,41,33,2,18822,10,545
14390,06/01/2020T22:20:00 ,137183,113,330,25,41,33,2,18823,10,544
14391,06/01/2020T22:30:00 ,137183,113,329,25,41,33,2,18824,10,543
14392,06/01/2020T22:40:00 ,137183,113,329,25,41,33,2,18824,10,543
14393,06/01/2020T22:50:00 ,137183,113,329,25,41,33,2,18824,10,543
14394,06/01/2020T23:00:00 ,137183,113,328,25,41,33,2,18825,10,542
14395,06/01/2020T23:10:00 ,137183,112,329,25,41,33,2,18825,10,542
14396,06/01/2020T23:20:00 ,137183,112,328,25,41,32,2,18827,10,540
14397,06/01/2020T23:30:00 ,137183,112,326,25,41,32,2,18829,10,538
14398,06/01/2020T23:40:00 ,137183,112,325,25,41,32,2,18830,10,537
14399,06/01/2020T23:50:00 ,137183,111,325,25,41,32,2,18831,10,536
14400,06/02/2020T00:00:00 ,137183,111,325,25,41,32,2,18831,10,536
14401,06/02/2020T00:10:00 ,137183,110,326,25,41,32,2,18831,10,536
14402,06/02/2020T00:20:00 ,137183,110,325,25,41,32,2,18832,10,535
14403,06/02/2020T00:30:00 ,137183,110,325,25,40,32,2,18833,10,534
14404,06/02/2020T00:40:00 ,137183,110,325,25,40,32,2,18833,10,534
14405,06/02/2020T00:50:00 ,137183,108,326,26,40,32,2,18833,10,534
14406,06/02/2020T01:00:00 ,137183,108,326,26,40,32,2,18833,10,534
14407,06/02/2020T01:10:00 ,137183,107,327,26,40,32,2,18833,10,534
14408,06/02/2020T01:20:00 ,137183,106,328,26,40,32,2,18833,10,534
14409,06/02/2020T01:30:00 ,137182,107,327,26,40,32,2,18834,10,534
14410,06/02/2020T01:40:00 ,137182,107,327,26,40,32,2,18834,10,534
14411,06/02/2020T01:50:00 ,137182,107,326,26,40,32,2,18835,10,533
14412,06/02/2020T02:00:00 ,137182,107,326,26,40,32,2,18835,10,533
14413,06/02/2020T02:10:00 ,137181,108,325,26,40,32,2,18836,10,533
14414,06/02/2020T02:20:00 ,137181,108,324,26,40,31,2,18838,10,531
14415,06/02/2020T02:30:00 ,137181,105,327,26,40,31,2,18838,10,531
14416,06/02/2020T02:40:00 ,137180,105,327,26,40,31,2,18839,10,531
14417,06/02/2020T02:50:00 ,137180,105,326,26,40,31,2,18840,10,530
14418,06/02/2020T03:00:00 ,137180,105,325,26,40,31,2,18841,10,529
14419,06/02/2020T03:10:00 ,137180,105,325,26,40,31,2,18841,10,529
14420,06/02/2020T03:20:00 ,137180,105,325,26,40,31,2,18841,10,529
14421,06/02/2020T03:30:00 ,137180,104,324,26,40,31,2,18843,10,527
14422,06/02/2020T03:40:00 ,137180,102,325,25,41,31,2,18844,10,526
14423,06/02/2020T03:50:00 ,137180,102,324,24,42,31,2,18845,10,525
14424,06/02/2020T04:00:00 ,137180,102,324,24,42,31,2,18845,10,525
14425,06/02/2020T04:10:00 ,137180,101,324,24,42,31,2,18846,10,524
14426,06/02/2020T04:20:00 ,137180,100,324,24,42,31,2,18847,10,523
14427,06/02/2020T04:30:00 ,137180,100,323,24,42,31,2,18848,10,522
14428,06/02/2020T04:40:00 ,137179,100,323,25,42,31,2,18848,10,523
14429,06/02/2020T04:50:00 ,137179,100,323,25,40,31,2,18850,10,521
14430,06/02/2020T05:00:00 ,137179,100,323,25,40,31,2,18850,10,521
14431,06/02/2020T05:10:00 ,137179,100,323,25,40,31,2,18850,10,521
14432,06/02/2020T05:20:00 ,137179,100,323,25,40,31,2,18850,10,521
14433,06/02/2020T05:30:00 ,137179,100,323,25,40,31,2,18850,10,521
14434,06/02/2020T05:40:00 ,137179,99,324,25,40,31,2,18850,10,521
14435,06/02/2020T05:50:00 ,137179,98,325,25,40,31,2,18850,10,521
14436,06/02/2020T06:00:00 ,137179,97,326,25,40,31,2,18850,10,521
14437,06/02/2020T06:10:00 ,137178,98,325,25,40,31,2,18851,10,521
14438,06/02/2020T06:20:00 ,137178,98,323,25,40,31,2,18853,10,519
14439,06/02/2020T06:30:00 ,137178,98,323,25,40,31,2,18853,10,519
14440,06/02/2020T06:40:00 ,137178,98,323,25,40,31,2,18853,10,519
14441,06/02/2020T06:50:00 ,137178,98,323,25,40,31,2,18853,10,519
14442,06/02/2020T07:00:00 ,137178,98,322,25,40,31,2,18854,10,518
14443,06/02/2020T07:10:00 ,137178,98,322,24,41,31,2,18854,10,518
14444,06/02/2020T07:20:00 ,137178,98,321,24,40,31,2,18856,10,516
14445,06/02/2020T07:30:00 ,137178,98,321,24,40,31,2,18856,10,516
14446,06/02/2020T07:40:00 ,137178,98,321,24,40,31,2,18856,10,516
14447,06/02/2020T07:50:00 ,137177,98,322,24,39,31,2,18857,10,516
14448,06/02/2020T08:00:00 ,137177,98,322,24,39,31,2,18857,10,516
14449,06/02/2020T08:10:00 ,137176,99,321,24,39,31,2,18858,10,516
14450,06/02/2020T08:20:00 ,137176,99,321,24,38,31,2,18859,10,515
14451,06/02/2020T08:30:00 ,137176,99,320,24,38,31,2,18860,10,514
14452,06/02/2020T08:40:00 ,137175,100,320,24,38,30,2,18861,10,514
14453,06/02/2020T08:50:00 ,137172,103,319,24,38,30,2,18862,10,516
14454,06/02/2020T09:00:00 ,137172,103,319,24,38,30,2,18862,10,516
14455,06/02/2020T09:10:00 ,137172,103,319,23,39,30,2,18862,10,516
14456,06/02/2020T09:20:00 ,137172,103,319,23,38,30,2,18863,10,515
14457,06/02/2020T09:30:00 ,137172,103,319,23,38,30,2,18863,10,515
14458,06/02/2020T09:40:00 ,137171,104,318,23,38,30,2,18864,10,515
14459,06/02/2020T09:50:00 ,137170,104,319,23,38,30,2,18864,10,516
14460,06/02/2020T10:00:00 ,137170,104,319,23,38,30,2,18864,10,516
14461,06/02/2020T10:10:00 ,137169,105,318,23,38,30,2,18865,10,516
14462,06/02/2020T10:20:00 ,137168,104,319,24,37,30,2,18866,10,516
14463,06/02/2020T10:30:00 ,137167,105,318,24,36,30,2,18868,10,515
14464,06/02/2020T10:40:00 ,137164,107,317,25,36,30,2,18869,10,517
14465,06/02/2020T10:50:00 ,137164,107,317,25,36,30,2,18869,10,517
14466,06/02/2020T11:00:00 ,137161,109,318,25,36,29,2,18870,10,519
14467,06/02/2020T11:10:00 ,137160,110,318,24,37,29,2,18870,10,520
14468,06/02/2020T11:20:00 ,137160,110,317,24,37,29,2,18871,10,519
14469,06/02/2020T11:30:00 ,137158,112,317,24,37,29,2,18871,10,521
14470,06/02/2020T11:40:00 ,137158,112,317,23,38,29,2,18871,10,521
14471,06/02/2020T11:50:00 ,137158,112,316,23,38,29,2,18872,10,520
14472,06/02/2020T12:00:00 ,137158,112,316,23,38,29,2,18872,10,520
14473,06/02/2020T12:10:00 ,137158,112,316,23,37,29,2,18873,10,519
14474,06/02/2020T12:20:00 ,137155,115,314,23,37,29,2,18875,10,520
14475,06/02/2020T12:30:00 ,137152,118,314,23,37,29,2,18875,10,523
14476,06/02/2020T12:40:00 ,137151,118,314,23,37,28,2,18877,10,522
14477,06/02/2020T12:50:00 ,137148,121,313,23,37,28,2,18878,10,524
14478,06/02/2020T13:00:00 ,137148,121,313,23,37,28,2,18878,10,524
14479,06/02/2020T13:10:00 ,137148,121,312,23,37,28,2,18879,10,523
14480,06/02/2020T13:20:00 ,137147,121,313,23,37,28,2,18879,10,524
14481,06/02/2020T13:30:00 ,137147,120,314,23,37,28,2,18879,10,524
14482,06/02/2020T13:40:00 ,137145,122,312,23,37,28,2,18881,10,524
14483,06/02/2020T13:50:00 ,137145,122,312,23,37,28,2,18881,10,524
14484,06/02/2020T14:00:00 ,137144,123,312,22,38,28,2,18881,10,525
14485,06/02/2020T14:10:00 ,137143,124,312,22,38,28,2,18881,10,526
14486,06/02/2020T14:20:00 ,137141,126,312,22,38,28,2,18881,10,528
14487,06/02/2020T14:30:00 ,137140,127,311,22,37,28,2,18883,10,527
14488,06/02/2020T14:40:00 ,137140,127,310,22,37,28,2,18884,10,526
14489,06/02/2020T14:50:00 ,137139,128,310,22,37,28,2,18884,10,527
14490,06/02/2020T15:00:00 ,137139,127,309,23,37,28,2,18885,10,526
14491,06/02/2020T15:10:00 ,137139,127,309,23,37,28,2,18885,10,526
14492,06/02/2020T15:20:00 ,137138,127,310,22,38,30,0,18885,10,527
14493,06/02/2020T15:30:00 ,137136,129,310,22,38,30,0,18885,10,529
14494,06/02/2020T15:40:00 ,137135,130,309,22,38,30,0,18886,10,529
14495,06/02/2020T15:50:00 ,137135,130,308,22,38,30,0,18887,10,528
14496,06/02/2020T16:00:00 ,137133,131,309,22,38,30,0,18887,10,530
14497,06/02/2020T16:10:00 ,137132,132,309,22,38,30,0,18887,10,531
14498,06/02/2020T16:20:00 ,137130,134,309,22,38,30,0,18887,10,533
14499,06/02/2020T16:30:00 ,137130,134,308,22,38,30,0,18888,10,532
14500,06/02/2020T16:40:00 ,137129,135,308,22,37,30,0,18889,10,532
14501,06/02/2020T16:50:00 ,137129,134,307,22,36,30,0,18892,10,529
14502,06/02/2020T17:00:00 ,137129,134,307,22,36,30,0,18892,10,529
14503,06/02/2020T17:10:00 ,137129,134,306,22,36,29,0,18894,10,527
14504,06/02/2020T17:20:00 ,137129,134,306,22,36,29,0,18894,10,527
14505,06/02/2020T17:30:00 ,137128,135,305,22,35,29,0,18896,10,526
14506,06/02/2020T17:40:00 ,137128,135,304,22,35,29,0,18897,10,525
14507,06/02/2020T17:50:00 ,137128,135,304,22,35,29,0,18897,10,525
14508,06/02/2020T18:00:00 ,137128,135,304,22,35,29,0,18897,10,525
14509,06/02/2020T18:10:00 ,137128,135,303,22,35,29,0,18898,10,524
14510,06/02/2020T18:20:00 ,137128,134,304,22,35,29,0,18898,10,524
14511,06/02/2020T18:30:00 ,137128,134,303,22,35,29,0,18899,10,523
14512,06/02/2020T18:40:00 ,137128,134,302,22,35,29,0,18900,10,522
14513,06/02/2020T18:50:00 ,137128,133,303,22,35,29,0,18900,10,522
14514,06/02/2020T19:00:00 ,137128,133,303,22,35,29,0,18900,10,522
14515,06/02/2020T19:10:00 ,137128,132,303,23,35,29,0,18900,10,522
14516,06/02/2020T19:20:00 ,137128,132,303,23,35,29,0,18900,10,522
14517,06/02/2020T19:30:00 ,137128,132,302,23,35,29,0,18901,10,521
14518,06/02/2020T19:40:00 ,137128,132,301,23,35,29,0,18902,10,520
14519,06/02/2020T19:50:00 ,137128,132,301,22,36,29,0,18902,10,520
14520,06/02/2020T20:00:00 ,137128,132,301,22,36,29,0,18902,10,520
14521,06/02/2020T20:10:00 ,137128,132,300,22,36,29,0,18903,10,519
14522,06/02/2020T20:20:00 ,137128,131,300,22,35,28,0,18906,10,516
14523,06/02/2020T20:30:00 ,137128,131,299,22,35,28,0,18907,10,515
14524,06/02/2020T20:40:00 ,137128,130,299,22,35,28,0,18908,10,514
14525,06/02/2020T20:50:00 ,137128,130,297,22,34,28,0,18911,10,511
14526,06/02/2020T21:00:00 ,137128,130,297,22,34,28,0,18911,10,511
14527,06/02/2020T21:10:00 ,137128,130,297,21,35,28,0,18911,10,511
14528,06/02/2020T21:20:00 ,137128,130,297,21,35,28,0,18911,10,511
14529,06/02/2020T21:30:00 ,137128,130,296,20,36,28,0,18912,10,510
14530,06/02/2020T21:40:00 ,137128,130,295,20,36,28,0,18913,10,509
14531,06/02/2020T21:50:00 ,137128,130,295,20,35,28,0,18914,10,508
14532,06/02/2020T22:00:00 ,137128,130,295,20,34,28,0,18915,10,507
14533,06/02/2020T22:10:00 ,137128,130,294,20,34,28,0,18916,10,506
14534,06/02/2020T22:20:00 ,137128,130,294,20,34,28,0,18916,10,506
14535,06/02/2020T22:30:00 ,137128,130,293,20,34,28,0,18917,10,505
14536,06/02/2020T22:40:00 ,137128,129,291,20,34,28,0,18920,10,502
14537,06/02/2020T22:50:00 ,137128,128,292,19,35,28,0,18920,10,502
14538,06/02/2020T23:00:00 ,137128,128,291,19,35,28,0,18921,10,501
14539,06/02/2020T23:10:00 ,137128,128,291,19,35,28,0,18921,10,501
14540,06/02/2020T23:20:00 ,137128,125,293,20,35,28,0,18921,10,501
14541,06/02/2020T23:30:00 ,137128,125,291,19,36,28,0,18923,10,499
14542,06/02/2020T23:40:00 ,137128,124,291,19,36,28,0,18924,10,498
14543,06/02/2020T23:50:00 ,137128,124,289,19,36,28,0,18926,10,496
14544,06/03/2020T00:00:00 ,137128,124,289,19,36,28,0,18926,10,496
14545,06/03/2020T00:10:00 ,137128,124,289,19,36,28,0,18926,10,496
14546,06/03/2020T00:20:00 ,137128,124,288,19,36,28,0,18927,10,495
14547,06/03/2020T00:30:00 ,137128,123,289,19,36,28,0,18927,10,495
14548,06/03/2020T00:40:00 ,137128,123,289,19,36,28,0,18927,10,495
14549,06/03/2020T00:50:00 ,137128,123,289,19,36,28,0,18927,10,495
14550,06/03/2020T01:00:00 ,137128,123,286,19,36,28,0,18930,10,492
14551,06/03/2020T01:10:00 ,137128,123,286,19,36,28,0,18930,10,492
14552,06/03/2020T01:20:00 ,137128,123,284,19,36,28,0,18932,10,490
14553,06/03/2020T01:30:00 ,137128,122,285,19,36,28,0,18932,10,490
14554,06/03/2020T01:40:00 ,137128,121,285,19,36,28,0,18933,10,489
14555,06/03/2020T01:50:00 ,137128,121,285,18,37,28,0,18933,10,489
14556,06/03/2020T02:00:00 ,137128,121,284,18,37,28,0,18934,10,488
14557,06/03/2020T02:10:00 ,137128,120,285,18,37,28,0,18934,10,488
14558,06/03/2020T02:20:00 ,137128,119,285,18,37,28,0,18935,10,487
14559,06/03/2020T02:30:00 ,137126,121,285,18,37,28,0,18935,10,489
14560,06/03/2020T02:40:00 ,137126,121,284,18,37,28,0,18936,10,488
14561,06/03/2020T02:50:00 ,137126,121,283,18,37,28,0,18937,10,487
14562,06/03/2020T03:00:00 ,137126,121,283,18,37,28,0,18937,10,487
14563,06/03/2020T03:10:00 ,137126,121,283,18,37,28,0,18937,10,487
14564,06/03/2020T03:20:00 ,137126,121,283,18,37,28,0,18937,10,487
14565,06/03/2020T03:30:00 ,137126,121,283,18,37,28,0,18937,10,487
14566,06/03/2020T03:40:00 ,137126,121,283,18,37,28,0,18937,10,487
14567,06/03/2020T03:50:00 ,137126,121,283,18,37,28,0,18937,10,487
14568,06/03/2020T04:00:00 ,137126,121,283,18,37,28,0,18937,10,487
14569,06/03/2020T04:10:00 ,137126,121,283,18,37,28,0,18937,10,487
14570,06/03/2020T04:20:00 ,137126,121,281,18,37,28,0,18939,10,485
14571,06/03/2020T04:30:00 ,137126,121,279,18,37,28,0,18941,10,483
14572,06/03/2020T04:40:00 ,137126,120,280,18,37,28,0,18941,10,483
14573,06/03/2020T04:50:00 ,137126,120,280,18,37,28,0,18941,10,483
14574,06/03/2020T05:00:00 ,137126,119,281,18,37,28,0,18941,10,483
14575,06/03/2020T05:10:00 ,137126,118,280,18,38,28,0,18942,10,482
14576,06/03/2020T05:20:00 ,137126,118,279,17,39,28,0,18943,10,481
14577,06/03/2020T05:30:00 ,137126,118,279,17,39,28,0,18943,10,481
14578,06/03/2020T05:40:00 ,137126,118,278,17,38,28,0,18945,10,479
14579,06/03/2020T05:50:00 ,137126,118,278,17,38,28,0,18945,10,479
14580,06/03/2020T06:00:00 ,137126,118,278,17,38,28,0,18945,10,479
14581,06/03/2020T06:10:00 ,137126,117,279,17,38,28,0,18945,10,479
14582,06/03/2020T06:20:00 ,137126,116,280,17,38,27,1,18945,10,479
14583,06/03/2020T06:30:00 ,137126,116,279,17,38,27,1,18946,10,478
14584,06/03/2020T06:40:00 ,137126,116,279,17,38,27,1,18946,10,478
14585,06/03/2020T06:50:00 ,137126,116,279,17,38,27,1,18946,10,478
14586,06/03/2020T07:00:00 ,137126,115,280,17,37,28,1,18946,10,478
14587,06/03/2020T07:10:00 ,137126,115,280,17,37,28,1,18946,10,478
14588,06/03/2020T07:20:00 ,137126,115,280,17,37,28,1,18946,10,478
14589,06/03/2020T07:30:00 ,137126,115,280,17,36,28,1,18947,10,477
14590,06/03/2020T07:40:00 ,137125,115,281,17,36,28,1,18947,10,478
14591,06/03/2020T07:50:00 ,137124,115,280,17,35,29,1,18949,10,477
14592,06/03/2020T08:00:00 ,137124,115,280,17,35,29,1,18949,10,477
14593,06/03/2020T08:10:00 ,137124,114,279,17,35,29,1,18951,10,475
14594,06/03/2020T08:20:00 ,137123,114,279,17,35,29,1,18952,10,475
14595,06/03/2020T08:30:00 ,137123,113,278,18,35,29,1,18953,10,474
14596,06/03/2020T08:40:00 ,137122,114,278,18,35,28,1,18954,10,474
14597,06/03/2020T08:50:00 ,137121,115,278,18,34,28,1,18955,10,474
14598,06/03/2020T09:00:00 ,137119,117,276,18,34,28,1,18957,10,474
14599,06/03/2020T09:10:00 ,137119,117,274,18,33,28,1,18960,10,471
14600,06/03/2020T09:20:00 ,137119,114,276,19,33,28,1,18960,10,471
14601,06/03/2020T09:30:00 ,137119,113,275,19,33,28,1,18962,10,469
14602,06/03/2020T09:40:00 ,137119,113,275,19,33,28,1,18962,10,469
14603,06/03/2020T09:50:00 ,137119,113,274,19,33,28,1,18963,10,468
14604,06/03/2020T10:00:00 ,137118,113,274,19,32,28,1,18965,10,467
14605,06/03/2020T10:10:00 ,137117,114,272,19,31,28,1,18968,10,465
14606,06/03/2020T10:20:00 ,137116,115,272,19,31,28,1,18968,10,466
14607,06/03/2020T10:30:00 ,137112,119,270,19,31,28,1,18970,10,468
14608,06/03/2020T10:40:00 ,137111,120,270,19,31,28,1,18970,10,469
14609,06/03/2020T10:50:00 ,137110,121,270,19,31,28,1,18970,10,470
14610,06/03/2020T11:00:00 ,137110,120,270,19,31,28,1,18971,10,469
14611,06/03/2020T11:10:00 ,137109,121,269,19,31,28,1,18972,10,469
14612,06/03/2020T11:20:00 ,137109,120,269,20,31,28,1,18972,10,469
14613,06/03/2020T11:30:00 ,137107,122,269,20,31,28,1,18972,10,471
14614,06/03/2020T11:40:00 ,137107,122,268,19,31,28,1,18974,10,469
14615,06/03/2020T11:50:00 ,137104,125,268,19,31,28,1,18974,10,472
14616,06/03/2020T12:00:00 ,137102,127,267,19,31,28,1,18975,10,473
14617,06/03/2020T12:10:00 ,137101,128,267,19,31,28,1,18975,10,474
14618,06/03/2020T12:20:00 ,137100,128,268,19,31,28,1,18975,10,475
14619,06/03/2020T12:30:00 ,137100,128,268,19,31,28,1,18975,10,475
14620,06/03/2020T12:40:00 ,137100,128,268,19,31,28,1,18975,10,475
14621,06/03/2020T12:50:00 ,137100,128,268,19,31,28,1,18975,10,475
14622,06/03/2020T13:00:00 ,137100,126,270,19,31,28,1,18975,10,475
14623,06/03/2020T13:10:00 ,137100,126,270,19,31,28,1,18975,10,475
14624,06/03/2020T13:20:00 ,137098,127,270,20,31,28,1,18975,10,477
14625,06/03/2020T13:30:00 ,137098,127,269,20,31,28,1,18976,10,476
14626,06/03/2020T13:40:00 ,137097,128,269,20,31,28,1,18976,10,477
14627,06/03/2020T13:50:00 ,137097,128,269,20,31,28,1,18976,10,477
14628,06/03/2020T14:00:00 ,137097,128,269,20,31,28,1,18976,10,477
14629,06/03/2020T14:10:00 ,137097,128,268,19,32,28,1,18977,10,476
14630,06/03/2020T14:20:00 ,137094,131,268,19,32,28,1,18977,10,479
14631,06/03/2020T14:30:00 ,137092,132,268,20,32,28,1,18977,10,481
14632,06/03/2020T14:40:00 ,137091,133,268,20,32,28,1,18977,10,482
14633,06/03/2020T14:50:00 ,137091,133,268,20,32,28,1,18977,10,482
14634,06/03/2020T15:00:00 ,137091,133,267,20,32,28,1,18978,10,481
14635,06/03/2020T15:10:00 ,137091,133,267,20,31,28,1,18979,10,480
14636,06/03/2020T15:20:00 ,137091,133,267,20,31,28,1,18979,10,480
14637,06/03/2020T15:30:00 ,137091,133,267,20,31,28,1,18979,10,480
14638,06/03/2020T15:40:00 ,137091,133,267,20,31,28,1,18979,10,480
14639,06/03/2020T15:50:00 ,137091,133,267,19,32,28,1,18979,10,480
14640,06/03/2020T16:00:00 ,137091,133,266,19,32,28,1,18980,10,479
14641,06/03/2020T16:10:00 ,137091,133,265,19,32,28,1,18981,10,478
14642,06/03/2020T16:20:00 ,137091,133,264,19,32,28,1,18982,10,477
14643,06/03/2020T16:30:00 ,137091,133,264,19,31,28,1,18983,10,476
14644,06/03/2020T16:40:00 ,137091,132,264,19,31,28,1,18984,10,475
14645,06/03/2020T16:50:00 ,137091,132,262,19,31,28,1,18986,10,473
14646,06/03/2020T17:00:00 ,137090,133,262,19,30,28,1,18987,10,473
14647,06/03/2020T17:10:00 ,137090,133,262,19,30,28,1,18987,10,473
14648,06/03/2020T17:20:00 ,137090,133,262,19,30,28,1,18987,10,473
14649,06/03/2020T17:30:00 ,137090,132,263,19,30,28,1,18987,10,473
14650,06/03/2020T17:40:00 ,137090,132,263,19,30,28,1,18987,10,473
14651,06/03/2020T17:50:00 ,137090,132,263,19,30,28,1,18987,10,473
14652,06/03/2020T18:00:00 ,137090,132,262,19,29,28,1,18989,10,471
14653,06/03/2020T18:10:00 ,137090,132,262,19,29,28,1,18989,10,471
14654,06/03/2020T18:20:00 ,137090,132,261,19,29,28,1,18990,10,470
14655,06/03/2020T18:30:00 ,137090,132,259,19,29,28,1,18992,10,468
14656,06/03/2020T18:40:00 ,137090,132,259,19,29,28,1,18992,10,468
14657,06/03/2020T18:50:00 ,137090,132,259,19,29,28,1,18992,10,468
14658,06/03/2020T19:00:00 ,137090,132,258,19,29,28,1,18993,10,467
14659,06/03/2020T19:10:00 ,137090,132,255,19,29,28,1,18996,10,464
14660,06/03/2020T19:20:00 ,137090,132,255,19,29,28,1,18996,10,464
14661,06/03/2020T19:30:00 ,137090,132,254,19,29,28,1,18997,10,463
14662,06/03/2020T19:40:00 ,137090,132,253,19,29,28,1,18998,10,462
14663,06/03/2020T19:50:00 ,137090,132,253,19,29,28,1,18998,10,462
14664,06/03/2020T20:00:00 ,137090,132,253,18,30,28,1,18998,10,462
14665,06/03/2020T20:10:00 ,137090,132,253,18,30,28,1,18998,10,462
14666,06/03/2020T20:20:00 ,137090,132,253,18,30,28,1,18998,10,462
14667,06/03/2020T20:30:00 ,137090,132,253,18,30,28,1,18998,10,462
14668,06/03/2020T20:40:00 ,137089,131,254,19,30,28,1,18998,10,463
14669,06/03/2020T20:50:00 ,137088,132,253,19,30,28,1,18999,10,463
14670,06/03/2020T21:00:00 ,137088,132,252,19,30,28,1,19000,10,462
14671,06/03/2020T21:10:00 ,137088,131,253,19,30,28,1,19000,10,462
14672,06/03/2020T21:20:00 ,137088,131,253,19,30,28,1,19000,10,462
14673,06/03/2020T21:30:00 ,137088,131,252,19,30,28,1,19001,10,461
14674,06/03/2020T21:40:00 ,137088,131,251,19,30,28,1,19002,10,460
14675,06/03/2020T21:50:00 ,137088,130,252,19,30,28,1,19002,10,460
14676,06/03/2020T22:00:00 ,137088,129,253,18,31,28,1,19002,10,460
14677,06/03/2020T22:10:00 ,137088,127,255,18,31,28,1,19002,10,460
14678,06/03/2020T22:20:00 ,137088,126,256,18,31,28,1,19002,10,460
14679,06/03/2020T22:30:00 ,137088,125,257,18,31,28,1,19002,10,460
14680,06/03/2020T22:40:00 ,137088,125,257,18,31,28,1,19002,10,460
14681,06/03/2020T22:50:00 ,137088,125,256,18,31,28,1,19003,10,459
14682,06/03/2020T23:00:00 ,137088,125,255,18,31,28,1,19004,10,458
14683,06/03/2020T23:10:00 ,137088,125,255,18,31,28,1,19004,10,458
14684,06/03/2020T23:20:00 ,137088,124,256,18,31,28,1,19004,10,458
14685,06/03/2020T23:30:00 ,137088,123,256,18,31,28,1,19005,10,457
14686,06/03/2020T23:40:00 ,137088,123,256,17,32,28,1,19005,10,457
14687,06/03/2020T23:50:00 ,137088,123,255,17,32,28,1,19006,10,456
14688,06/04/2020T00:00:00 ,137088,123,255,17,32,28,1,19006,10,456
14689,06/04/2020T00:10:00 ,137088,123,255,17,32,28,1,19006,10,456
14690,06/04/2020T00:20:00 ,137088,122,256,17,32,28,1,19006,10,456
14691,06/04/2020T00:30:00 ,137088,122,256,17,32,28,1,19006,10,456
14692,06/04/2020T00:40:00 ,137088,121,255,18,32,28,1,19007,10,455
14693,06/04/2020T00:50:00 ,137088,121,255,18,31,28,1,19008,10,454
14694,06/04/2020T01:00:00 ,137088,121,255,18,31,28,1,19008,10,454
14695,06/04/2020T01:10:00 ,137088,121,254,18,31,28,1,19009,10,453
14696,06/04/2020T01:20:00 ,137088,121,253,18,31,28,1,19010,10,452
14697,06/04/2020T01:30:00 ,137088,121,253,18,31,28,1,19010,10,452
14698,06/04/2020T01:40:00 ,137088,121,253,18,31,28,1,19010,10,452
14699,06/04/2020T01:50:00 ,137088,121,253,18,31,28,1,19010,10,452
14700,06/04/2020T02:00:00 ,137088,121,253,18,31,28,1,19010,10,452
14701,06/04/2020T02:10:00 ,137087,122,253,18,31,28,1,19010,10,453
14702,06/04/2020T02:20:00 ,137087,122,252,18,31,28,1,19011,10,452
14703,06/04/2020T02:30:00 ,137087,122,252,18,31,28,1,19011,10,452
14704,06/04/2020T02:40:00 ,137087,122,251,18,31,28,1,19012,10,451
14705,06/04/2020T02:50:00 ,137087,122,250,18,31,28,1,19013,10,450
14706,06/04/2020T03:00:00 ,137087,122,248,18,31,28,1,19015,10,448
14707,06/04/2020T03:10:00 ,137087,121,249,18,31,28,1,19015,10,448
14708,06/04/2020T03:20:00 ,137087,121,249,18,31,28,1,19015,10,448
14709,06/04/2020T03:30:00 ,137087,121,248,18,31,28,1,19016,10,447
14710,06/04/2020T03:40:00 ,137087,120,248,19,31,28,1,19016,10,447
14711,06/04/2020T03:50:00 ,137087,120,246,19,31,28,1,19018,10,445
14712,06/04/2020T04:00:00 ,137087,120,246,19,31,28,1,19018,10,445
14713,06/04/2020T04:10:00 ,137087,120,246,19,31,28,1,19018,10,445
14714,06/04/2020T04:20:00 ,137087,120,246,19,31,28,1,19018,10,445
14715,06/04/2020T04:30:00 ,137087,120,244,19,31,28,1,19020,10,443
14716,06/04/2020T04:40:00 ,137087,118,246,18,32,28,1,19020,10,443
14717,06/04/2020T04:50:00 ,137087,118,246,18,31,28,1,19021,10,442
14718,06/04/2020T05:00:00 ,137087,118,245,18,31,28,1,19022,10,441
14719,06/04/2020T05:10:00 ,137087,118,244,18,31,28,1,19023,10,440
14720,06/04/2020T05:20:00 ,137087,117,244,18,30,28,1,19025,10,438
14721,06/04/2020T05:30:00 ,137087,117,244,18,30,28,1,19025,10,438
14722,06/04/2020T05:40:00 ,137087,117,244,18,30,28,1,19025,10,438
14723,06/04/2020T05:50:00 ,137087,117,244,18,30,28,1,19025,10,438
14724,06/04/2020T06:00:00 ,137087,116,244,18,30,27,1,19027,10,436
14725,06/04/2020T06:10:00 ,137087,115,245,18,30,27,1,19027,10,436
14726,06/04/2020T06:20:00 ,137087,114,246,18,30,27,1,19027,10,436
14727,06/04/2020T06:30:00 ,137087,114,246,18,30,27,1,19027,10,436
14728,06/04/2020T06:40:00 ,137087,114,246,18,30,27,1,19027,10,436
14729,06/04/2020T06:50:00 ,137087,114,246,18,30,27,1,19027,10,436
14730,06/04/2020T07:00:00 ,137087,114,246,18,30,27,1,19027,10,436
14731,06/04/2020T07:10:00 ,137087,113,246,18,30,27,1,19028,10,435
14732,06/04/2020T07:20:00 ,137087,112,247,18,30,27,1,19028,10,435
14733,06/04/2020T07:30:00 ,137086,113,247,18,30,27,1,19028,10,436
14734,06/04/2020T07:40:00 ,137085,114,247,18,30,27,1,19028,10,437
14735,06/04/2020T07:50:00 ,137085,114,247,18,30,27,1,19028,10,437
14736,06/04/2020T08:00:00 ,137084,115,247,18,30,27,1,19028,10,438
14737,06/04/2020T08:10:00 ,137084,115,247,18,30,27,1,19028,10,438
14738,06/04/2020T08:20:00 ,137084,115,246,17,31,27,1,19029,10,437
14739,06/04/2020T08:30:00 ,137084,115,245,17,31,27,1,19030,10,436
14740,06/04/2020T08:40:00 ,137084,115,244,17,30,27,1,19032,10,434
14741,06/04/2020T08:50:00 ,137084,113,244,17,31,27,1,19033,10,433
14742,06/04/2020T09:00:00 ,137084,113,243,17,30,28,1,19034,10,432
14743,06/04/2020T09:10:00 ,137084,113,242,17,30,28,1,19035,10,431
14744,06/04/2020T09:20:00 ,137082,114,242,18,30,28,1,19035,10,433
14745,06/04/2020T09:30:00 ,137082,114,242,18,30,28,1,19035,10,433
14746,06/04/2020T09:40:00 ,137081,113,242,18,30,28,1,19037,10,432
14747,06/04/2020T09:50:00 ,137080,112,243,19,30,28,1,19037,10,433
14748,06/04/2020T10:00:00 ,137077,115,243,19,30,28,1,19037,10,436
14749,06/04/2020T10:10:00 ,137077,115,243,18,31,28,1,19037,10,436
14750,06/04/2020T10:20:00 ,137076,116,243,18,31,28,1,19037,10,437
14751,06/04/2020T10:30:00 ,137076,116,243,18,31,28,1,19037,10,437
14752,06/04/2020T10:40:00 ,137076,115,243,18,31,28,1,19038,10,436
14753,06/04/2020T10:50:00 ,137075,116,242,18,31,28,1,19039,10,436
14754,06/04/2020T11:00:00 ,137072,119,241,17,32,28,1,19040,10,438
14755,06/04/2020T11:10:00 ,137071,120,241,17,32,28,1,19040,10,439
14756,06/04/2020T11:20:00 ,137071,120,240,17,31,28,1,19042,10,437
14757,06/04/2020T11:30:00 ,137070,121,239,17,31,28,1,19043,10,437
14758,06/04/2020T11:40:00 ,137068,123,238,17,31,28,1,19044,10,438
14759,06/04/2020T11:50:00 ,137067,123,239,17,31,28,1,19044,10,439
14760,06/04/2020T12:00:00 ,137065,125,239,17,31,28,1,19044,10,441
14761,06/04/2020T12:10:00 ,137065,125,239,17,31,28,1,19044,10,441
14762,06/04/2020T12:20:00 ,137064,125,238,17,31,28,1,19046,10,440
14763,06/04/2020T12:30:00 ,137064,125,237,17,31,28,1,19047,10,439
14764,06/04/2020T12:40:00 ,137063,126,237,17,31,28,1,19047,10,440
14765,06/04/2020T12:50:00 ,137063,126,237,17,30,28,1,19048,10,439
14766,06/04/2020T13:00:00 ,137063,126,237,17,30,28,1,19048,10,439
14767,06/04/2020T13:10:00 ,137063,126,236,17,30,27,1,19050,10,437
14768,06/04/2020T13:20:00 ,137063,126,236,17,30,27,1,19050,10,437
14769,06/04/2020T13:30:00 ,137063,126,236,17,30,27,1,19050,10,437
14770,06/04/2020T13:40:00 ,137061,128,236,17,30,27,1,19050,10,439
14771,06/04/2020T13:50:00 ,137061,128,236,17,30,27,1,19050,10,439
14772,06/04/2020T14:00:00 ,137061,128,236,17,28,27,1,19052,10,437
14773,06/04/2020T14:10:00 ,137061,127,236,17,28,27,1,19053,10,436
14774,06/04/2020T14:20:00 ,137060,128,236,17,28,27,1,19053,10,437
14775,06/04/2020T14:30:00 ,137059,128,237,17,28,27,1,19053,10,438
14776,06/04/2020T14:40:00 ,137059,128,237,17,28,27,1,19053,10,438
14777,06/04/2020T14:50:00 ,137058,128,235,17,28,27,1,19056,10,436
14778,06/04/2020T15:00:00 ,137058,127,234,18,28,27,1,19057,10,435
14779,06/04/2020T15:10:00 ,137058,127,233,18,28,27,1,19058,10,434
14780,06/04/2020T15:20:00 ,137058,126,233,19,28,27,1,19058,10,434
14781,06/04/2020T15:30:00 ,137058,126,233,18,29,27,1,19058,10,434
14782,06/04/2020T15:40:00 ,137058,126,233,18,29,27,1,19058,10,434
14783,06/04/2020T15:50:00 ,137057,127,233,18,29,27,1,19058,10,435
14784,06/04/2020T16:00:00 ,137056,128,233,18,29,27,1,19058,10,436
14785,06/04/2020T16:10:00 ,137056,128,231,18,29,27,1,19060,10,434
14786,06/04/2020T16:20:00 ,137055,129,231,18,29,27,1,19060,10,435
14787,06/04/2020T16:30:00 ,137055,129,230,18,29,27,1,19061,10,434
14788,06/04/2020T16:40:00 ,137055,129,230,18,29,27,1,19061,10,434
14789,06/04/2020T16:50:00 ,137055,129,229,18,29,27,1,19062,10,433
14790,06/04/2020T17:00:00 ,137055,129,227,18,29,27,1,19064,10,431
14791,06/04/2020T17:10:00 ,137055,129,227,18,29,27,1,19064,10,431
14792,06/04/2020T17:20:00 ,137055,129,226,18,29,27,1,19065,10,430
14793,06/04/2020T17:30:00 ,137055,129,226,18,29,27,1,19065,10,430
14794,06/04/2020T17:40:00 ,137055,128,227,18,29,27,1,19065,10,430
14795,06/04/2020T17:50:00 ,137055,126,227,19,29,27,1,19066,10,429
14796,06/04/2020T18:00:00 ,137055,126,227,19,29,27,1,19066,10,429
14797,06/04/2020T18:10:00 ,137055,126,227,19,29,26,1,19067,10,428
14798,06/04/2020T18:20:00 ,137055,126,227,19,29,26,1,19067,10,428
14799,06/04/2020T18:30:00 ,137054,127,226,19,29,26,1,19068,10,428
14800,06/04/2020T18:40:00 ,137054,127,226,19,29,26,1,19068,10,428
14801,06/04/2020T18:50:00 ,137054,126,227,19,29,26,1,19068,10,428
14802,06/04/2020T19:00:00 ,137054,125,227,20,29,26,1,19068,10,428
14803,06/04/2020T19:10:00 ,137054,125,226,20,29,26,1,19069,10,427
14804,06/04/2020T19:20:00 ,137054,125,226,20,29,26,1,19069,10,427
14805,06/04/2020T19:30:00 ,137054,124,226,20,29,26,1,19070,10,426
14806,06/04/2020T19:40:00 ,137054,124,226,19,30,26,1,19070,10,426
14807,06/04/2020T19:50:00 ,137054,123,227,19,30,26,1,19070,10,426
14808,06/04/2020T20:00:00 ,137054,123,227,19,30,25,1,19071,10,425
14809,06/04/2020T20:10:00 ,137054,123,227,19,29,25,1,19072,10,424
14810,06/04/2020T20:20:00 ,137054,123,226,19,29,25,1,19073,10,423
14811,06/04/2020T20:30:00 ,137054,123,226,19,29,25,1,19073,10,423
14812,06/04/2020T20:40:00 ,137054,122,226,19,29,25,1,19074,10,422
14813,06/04/2020T20:50:00 ,137054,120,228,19,29,25,1,19074,10,422
14814,06/04/2020T21:00:00 ,137054,118,229,20,29,24,1,19075,10,421
14815,06/04/2020T21:10:00 ,137054,117,230,20,29,24,1,19075,10,421
14816,06/04/2020T21:20:00 ,137054,117,229,20,29,24,1,19076,10,420
14817,06/04/2020T21:30:00 ,137054,117,229,20,29,24,1,19076,10,420
14818,06/04/2020T21:40:00 ,137054,116,230,20,29,24,1,19076,10,420
14819,06/04/2020T21:50:00 ,137054,116,230,19,30,24,1,19076,10,420
14820,06/04/2020T22:00:00 ,137054,115,230,19,30,24,1,19077,10,419
14821,06/04/2020T22:10:00 ,137054,114,231,19,30,24,1,19077,10,419
14822,06/04/2020T22:20:00 ,137054,113,232,19,30,24,1,19077,10,419
14823,06/04/2020T22:30:00 ,137054,113,231,19,30,23,1,19079,10,417
14824,06/04/2020T22:40:00 ,137053,113,232,19,30,23,1,19079,10,418
14825,06/04/2020T22:50:00 ,137053,113,231,19,30,23,1,19080,10,417
14826,06/04/2020T23:00:00 ,137053,113,231,19,29,23,1,19081,10,416
14827,06/04/2020T23:10:00 ,137053,113,231,19,29,23,1,19081,10,416
14828,06/04/2020T23:20:00 ,137053,113,231,19,29,23,1,19081,10,416
14829,06/04/2020T23:30:00 ,137053,112,231,20,29,23,1,19081,10,416
14830,06/04/2020T23:40:00 ,137053,112,231,20,29,23,1,19081,10,416
14831,06/04/2020T23:50:00 ,137052,113,231,20,29,23,1,19081,10,417
14832,06/05/2020T00:00:00 ,137052,112,232,20,28,24,1,19081,10,417
14833,06/05/2020T00:10:00 ,137052,112,232,20,28,24,1,19081,10,417
14834,06/05/2020T00:20:00 ,137052,112,231,20,28,24,1,19082,10,416
14835,06/05/2020T00:30:00 ,137052,112,231,20,28,24,1,19082,10,416
14836,06/05/2020T00:40:00 ,137052,112,231,20,28,24,1,19082,10,416
14837,06/05/2020T00:50:00 ,137052,111,232,20,28,24,1,19082,10,416
14838,06/05/2020T01:00:00 ,137052,111,231,20,28,24,1,19083,10,415
14839,06/05/2020T01:10:00 ,137052,111,231,20,28,24,1,19083,10,415
14840,06/05/2020T01:20:00 ,137052,110,232,20,28,24,1,19083,10,415
14841,06/05/2020T01:30:00 ,137052,110,232,20,28,24,1,19083,10,415
14842,06/05/2020T01:40:00 ,137052,110,232,20,28,24,1,19083,10,415
14843,06/05/2020T01:50:00 ,137052,110,232,20,28,24,1,19083,10,415
14844,06/05/2020T02:00:00 ,137052,108,233,20,27,24,1,19085,10,413
14845,06/05/2020T02:10:00 ,137052,108,233,20,27,24,1,19085,10,413
14846,06/05/2020T02:20:00 ,137052,108,233,20,27,24,1,19085,10,413
14847,06/05/2020T02:30:00 ,137052,108,233,20,27,24,1,19085,10,413
14848,06/05/2020T02:40:00 ,137052,108,233,20,27,24,1,19085,10,413
14849,06/05/2020T02:50:00 ,137052,108,233,20,27,24,1,19085,10,413
14850,06/05/2020T03:00:00 ,137052,108,233,19,28,24,1,19085,10,413
14851,06/05/2020T03:10:00 ,137052,108,233,19,28,24,1,19085,10,413
14852,06/05/2020T03:20:00 ,137052,108,232,18,29,23,1,19087,10,411
14853,06/05/2020T03:30:00 ,137052,108,232,17,30,23,1,19087,10,411
14854,06/05/2020T03:40:00 ,137052,108,231,16,31,23,1,19088,10,410
14855,06/05/2020T03:50:00 ,137052,107,232,16,31,23,1,19088,10,410
14856,06/05/2020T04:00:00 ,137052,107,232,16,31,23,1,19088,10,410
14857,06/05/2020T04:10:00 ,137052,107,232,16,31,23,1,19088,10,410
14858,06/05/2020T04:20:00 ,137052,107,232,16,31,23,1,19088,10,410
14859,06/05/2020T04:30:00 ,137052,106,233,16,31,23,1,19088,10,410
14860,06/05/2020T04:40:00 ,137052,105,234,16,31,23,1,19088,10,410
14861,06/05/2020T04:50:00 ,137052,105,232,16,31,23,1,19090,10,408
14862,06/05/2020T05:00:00 ,137052,104,232,16,31,23,1,19091,10,407
14863,06/05/2020T05:10:00 ,137052,103,233,16,31,23,1,19091,10,407
14864,06/05/2020T05:20:00 ,137052,103,232,15,32,23,1,19092,10,406
14865,06/05/2020T05:30:00 ,137052,103,232,15,32,23,1,19092,10,406
14866,06/05/2020T05:40:00 ,137052,102,232,16,32,23,1,19092,10,406
14867,06/05/2020T05:50:00 ,137052,102,232,16,32,23,1,19092,10,406
14868,06/05/2020T06:00:00 ,137051,103,232,16,32,23,1,19092,10,407
14869,06/05/2020T06:10:00 ,137051,103,231,16,32,23,1,19093,10,406
14870,06/05/2020T06:20:00 ,137051,103,229,16,31,23,1,19096,10,403
14871,06/05/2020T06:30:00 ,137051,103,229,16,31,23,1,19096,10,403
14872,06/05/2020T06:40:00 ,137051,103,229,16,31,23,1,19096,10,403
14873,06/05/2020T06:50:00 ,137051,103,229,16,31,23,1,19096,10,403
14874,06/05/2020T07:00:00 ,137051,101,229,16,31,23,1,19098,10,401
14875,06/05/2020T07:10:00 ,137051,101,229,16,30,23,1,19099,10,400
14876,06/05/2020T07:20:00 ,137051,101,229,16,30,23,1,19099,10,400
14877,06/05/2020T07:30:00 ,137051,101,229,16,30,23,1,19099,10,400
14878,06/05/2020T07:40:00 ,137051,101,228,16,30,23,1,19100,10,399
14879,06/05/2020T07:50:00 ,137051,100,229,16,29,23,1,19101,10,398
14880,06/05/2020T08:00:00 ,137050,100,229,16,29,23,1,19102,10,398
14881,06/05/2020T08:10:00 ,137050,100,229,16,29,23,1,19102,10,398
14882,06/05/2020T08:20:00 ,137049,100,230,16,29,23,1,19102,10,399
14883,06/05/2020T08:30:00 ,137048,101,230,16,29,23,1,19102,10,400
14884,06/05/2020T08:40:00 ,137048,101,230,16,29,23,1,19102,10,400
14885,06/05/2020T08:50:00 ,137046,103,230,16,29,23,1,19102,10,402
14886,06/05/2020T09:00:00 ,137046,103,230,16,29,23,1,19102,10,402
14887,06/05/2020T09:10:00 ,137045,104,230,16,29,23,1,19102,10,403
14888,06/05/2020T09:20:00 ,137044,105,230,16,29,23,1,19102,10,404
14889,06/05/2020T09:30:00 ,137044,105,230,15,30,23,1,19102,10,404
14890,06/05/2020T09:40:00 ,137044,105,230,15,29,23,1,19103,10,403
14891,06/05/2020T09:50:00 ,137043,106,229,15,29,23,1,19104,10,403
14892,06/05/2020T10:00:00 ,137043,106,229,15,29,23,1,19104,10,403
14893,06/05/2020T10:10:00 ,137041,108,229,15,29,23,1,19104,10,405
14894,06/05/2020T10:20:00 ,137041,108,228,15,29,23,1,19105,10,404
14895,06/05/2020T10:30:00 ,137041,108,228,15,29,23,1,19105,10,404
14896,06/05/2020T10:40:00 ,137040,109,228,15,29,23,1,19105,10,405
14897,06/05/2020T10:50:00 ,137039,110,228,15,29,23,1,19105,10,406
14898,06/05/2020T11:00:00 ,137037,112,228,15,29,23,1,19105,10,408
14899,06/05/2020T11:10:00 ,137034,115,228,15,29,23,1,19105,10,411
14900,06/05/2020T11:20:00 ,137034,115,228,15,29,23,1,19105,10,411
14901,06/05/2020T11:30:00 ,137033,115,227,16,29,23,1,19106,10,411
14902,06/05/2020T11:40:00 ,137032,116,226,16,28,23,1,19108,10,410
14903,06/05/2020T11:50:00 ,137032,114,228,16,28,23,1,19108,10,410
14904,06/05/2020T12:00:00 ,137032,114,228,15,29,23,1,19108,10,410
14905,06/05/2020T12:10:00 ,137032,112,229,16,29,23,1,19108,10,410
14906,06/05/2020T12:20:00 ,137030,114,228,16,29,23,1,19109,10,411
14907,06/05/2020T12:30:00 ,137030,114,227,16,29,23,1,19110,10,410
14908,06/05/2020T12:40:00 ,137030,114,227,16,29,23,1,19110,10,410
14909,06/05/2020T12:50:00 ,137030,114,225,15,30,23,1,19112,10,408
14910,06/05/2020T13:00:00 ,137030,114,225,15,30,23,1,19112,10,408
14911,06/05/2020T13:10:00 ,137030,114,225,15,30,23,1,19112,10,408
14912,06/05/2020T13:20:00 ,137030,114,225,15,30,23,1,19112,10,408
14913,06/05/2020T13:30:00 ,137029,115,224,15,30,23,1,19113,10,408
14914,06/05/2020T13:40:00 ,137029,115,224,15,30,23,1,19113,10,408
14915,06/05/2020T13:50:00 ,137028,116,224,15,30,23,1,19113,10,409
14916,06/05/2020T14:00:00 ,137028,115,222,15,30,23,1,19116,10,406
14917,06/05/2020T14:10:00 ,137027,115,222,16,30,23,1,19116,10,407
14918,06/05/2020T14:20:00 ,137027,115,221,16,30,23,1,19117,10,406
14919,06/05/2020T14:30:00 ,137027,115,220,16,30,23,1,19118,10,405
14920,06/05/2020T14:40:00 ,137026,115,221,16,30,23,1,19118,10,406
14921,06/05/2020T14:50:00 ,137026,113,223,16,30,23,1,19118,10,406
14922,06/05/2020T15:00:00 ,137026,112,222,17,30,23,1,19119,10,405
14923,06/05/2020T15:10:00 ,137026,112,222,17,30,23,1,19119,10,405
14924,06/05/2020T15:20:00 ,137026,111,222,17,30,23,1,19120,10,404
14925,06/05/2020T15:30:00 ,137026,111,222,17,30,23,1,19120,10,404
14926,06/05/2020T15:40:00 ,137025,111,222,17,30,21,1,19123,10,402
14927,06/05/2020T15:50:00 ,137025,111,221,17,30,21,1,19124,10,401
14928,06/05/2020T16:00:00 ,137023,113,221,17,30,21,1,19124,10,403
14929,06/05/2020T16:10:00 ,137023,113,221,17,30,21,1,19124,10,403
14930,06/05/2020T16:20:00 ,137023,113,221,17,30,21,1,19124,10,403
14931,06/05/2020T16:30:00 ,137023,113,221,17,30,21,1,19124,10,403
14932,06/05/2020T16:40:00 ,137023,113,221,17,30,21,1,19124,10,403
14933,06/05/2020T16:50:00 ,137022,114,221,17,30,21,1,19124,10,404
14934,06/05/2020T17:00:00 ,137021,114,222,17,30,21,1,19124,10,405
14935,06/05/2020T17:10:00 ,137021,114,222,17,30,21,1,19124,10,405
14936,06/05/2020T17:20:00 ,137021,114,222,17,30,21,1,19124,10,405
14937,06/05/2020T17:30:00 ,137021,114,221,17,30,21,1,19125,10,404
14938,06/05/2020T17:40:00 ,137021,114,219,17,30,21,1,19127,10,402
14939,06/05/2020T17:50:00 ,137021,114,217,17,30,21,1,19129,10,400
14940,06/05/2020T18:00:00 ,137021,113,218,17,30,21,1,19129,10,400
14941,06/05/2020T18:10:00 ,137021,113,217,17,30,21,1,19130,10,399
14942,06/05/2020T18:20:00 ,137021,113,217,17,30,21,1,19130,10,399
14943,06/05/2020T18:30:00 ,137021,113,216,17,30,21,1,19131,10,398
14944,06/05/2020T18:40:00 ,137020,114,214,17,30,21,1,19133,10,397
14945,06/05/2020T18:50:00 ,137020,114,214,17,30,20,1,19134,10,396
14946,06/05/2020T19:00:00 ,137020,114,214,17,30,20,1,19134,10,396
14947,06/05/2020T19:10:00 ,137020,114,214,17,30,20,1,19134,10,396
14948,06/05/2020T19:20:00 ,137020,114,214,17,30,20,1,19134,10,396
14949,06/05/2020T19:30:00 ,137020,114,213,17,30,20,1,19135,10,395
14950,06/05/2020T19:40:00 ,137020,113,214,17,30,20,1,19135,10,395
14951,06/05/2020T19:50:00 ,137020,112,214,18,30,20,1,19135,10,395
14952,06/05/2020T20:00:00 ,137020,112,214,18,30,20,1,19135,10,395
14953,06/05/2020T20:10:00 ,137020,112,213,18,30,20,1,19136,10,394
14954,06/05/2020T20:20:00 ,137020,111,211,19,30,20,1,19138,10,392
14955,06/05/2020T20:30:00 ,137020,111,211,19,30,20,1,19138,10,392
14956,06/05/2020T20:40:00 ,137020,111,211,19,30,20,1,19138,10,392
14957,06/05/2020T20:50:00 ,137019,112,211,19,30,19,2,19138,10,393
14958,06/05/2020T21:00:00 ,137019,112,211,19,30,19,2,19138,10,393
14959,06/05/2020T21:10:00 ,137019,111,211,19,30,19,2,19139,10,392
14960,06/05/2020T21:20:00 ,137019,111,211,19,30,19,2,19139,10,392
14961,06/05/2020T21:30:00 ,137018,111,212,18,30,18,2,19141,10,391
14962,06/05/2020T21:40:00 ,137018,111,211,18,30,18,2,19142,10,390
14963,06/05/2020T21:50:00 ,137018,110,212,18,30,18,2,19142,10,390
14964,06/05/2020T22:00:00 ,137018,109,213,18,30,18,2,19142,10,390
14965,06/05/2020T22:10:00 ,137018,109,213,18,30,18,2,19142,10,390
14966,06/05/2020T22:20:00 ,137018,109,213,18,29,18,2,19143,10,389
14967,06/05/2020T22:30:00 ,137018,109,213,18,29,18,2,19143,10,389
14968,06/05/2020T22:40:00 ,137018,109,213,18,29,18,2,19143,10,389
14969,06/05/2020T22:50:00 ,137018,109,213,18,29,18,2,19143,10,389
14970,06/05/2020T23:00:00 ,137018,109,213,18,29,18,2,19143,10,389
14971,06/05/2020T23:10:00 ,137018,109,213,18,29,18,2,19143,10,389
14972,06/05/2020T23:20:00 ,137017,110,213,18,29,18,2,19143,10,390
14973,06/05/2020T23:30:00 ,137017,110,213,18,29,18,2,19143,10,390
14974,06/05/2020T23:40:00 ,137017,110,212,18,29,18,2,19144,10,389
14975,06/05/2020T23:50:00 ,137017,110,212,18,29,18,2,19144,10,389
14976,06/06/2020T00:00:00 ,137017,108,211,19,28,18,2,19147,10,386
14977,06/06/2020T00:10:00 ,137017,108,211,19,28,18,2,19147,10,386
14978,06/06/2020T00:20:00 ,137017,108,210,19,28,18,2,19148,10,385
14979,06/06/2020T00:30:00 ,137016,109,210,19,28,18,2,19148,10,386
14980,06/06/2020T00:40:00 ,137016,109,210,19,28,18,2,19148,10,386
14981,06/06/2020T00:50:00 ,137016,108,210,19,28,18,2,19149,10,385
14982,06/06/2020T01:00:00 ,137015,109,210,19,28,18,2,19149,10,386
14983,06/06/2020T01:10:00 ,137015,108,211,19,28,18,2,19149,10,386
14984,06/06/2020T01:20:00 ,137015,108,210,19,28,18,2,19150,10,385
14985,06/06/2020T01:30:00 ,137015,108,210,19,28,18,2,19150,10,385
14986,06/06/2020T01:40:00 ,137015,108,210,19,28,18,2,19150,10,385
14987,06/06/2020T01:50:00 ,137015,108,210,19,28,18,2,19150,10,385
14988,06/06/2020T02:00:00 ,137015,108,210,19,27,18,2,19151,10,384
14989,06/06/2020T02:10:00 ,137015,107,211,19,27,18,2,19151,10,384
14990,06/06/2020T02:20:00 ,137015,107,211,19,27,18,2,19151,10,384
14991,06/06/2020T02:30:00 ,137015,107,211,19,27,18,2,19151,10,384
14992,06/06/2020T02:40:00 ,137015,107,211,19,27,18,2,19151,10,384
14993,06/06/2020T02:50:00 ,137015,107,210,19,27,18,2,19152,10,383
14994,06/06/2020T03:00:00 ,137015,106,210,19,27,18,2,19153,10,382
14995,06/06/2020T03:10:00 ,137015,106,210,19,27,18,2,19153,10,382
14996,06/06/2020T03:20:00 ,137015,106,210,19,27,18,2,19153,10,382
14997,06/06/2020T03:30:00 ,137015,106,210,18,28,18,2,19153,10,382
14998,06/06/2020T03:40:00 ,137015,106,210,18,28,18,2,19153,10,382
14999,06/06/2020T03:50:00 ,137015,106,210,17,29,18,2,19153,10,382
15000,06/06/2020T04:00:00 ,137015,106,210,17,29,18,2,19153,10,382
15001,06/06/2020T04:10:00 ,137015,106,210,17,28,18,2,19154,10,381
15002,06/06/2020T04:20:00 ,137015,106,210,17,28,18,2,19154,10,381
15003,06/06/2020T04:30:00 ,137015,106,210,17,28,18,2,19154,10,381
15004,06/06/2020T04:40:00 ,137015,106,209,17,28,18,2,19155,10,380
15005,06/06/2020T04:50:00 ,137015,106,208,17,28,18,2,19156,10,379
15006,06/06/2020T05:00:00 ,137015,106,208,17,28,18,2,19156,10,379
15007,06/06/2020T05:10:00 ,137015,106,208,17,28,18,2,19156,10,379
15008,06/06/2020T05:20:00 ,137015,106,208,17,28,18,2,19156,10,379
15009,06/06/2020T05:30:00 ,137015,105,208,17,28,18,2,19157,10,378
15010,06/06/2020T05:40:00 ,137015,105,208,17,28,18,2,19157,10,378
15011,06/06/2020T05:50:00 ,137015,105,208,17,28,18,2,19157,10,378
15012,06/06/2020T06:00:00 ,137015,105,207,17,28,18,2,19158,10,377
15013,06/06/2020T06:10:00 ,137015,105,207,17,28,18,2,19158,10,377
15014,06/06/2020T06:20:00 ,137015,104,207,17,28,18,2,19159,10,376
15015,06/06/2020T06:30:00 ,137015,103,208,17,28,18,2,19159,10,376
15016,06/06/2020T06:40:00 ,137015,103,208,17,28,19,1,19159,10,376
15017,06/06/2020T06:50:00 ,137015,103,206,17,28,19,1,19161,10,374
15018,06/06/2020T07:00:00 ,137015,103,206,17,28,19,1,19161,10,374
15019,06/06/2020T07:10:00 ,137014,104,206,17,28,19,1,19161,10,375
15020,06/06/2020T07:20:00 ,137014,104,206,17,28,19,1,19161,10,375
15021,06/06/2020T07:30:00 ,137013,104,207,17,28,19,1,19161,10,376
15022,06/06/2020T07:40:00 ,137012,104,207,18,28,19,1,19161,10,377
15023,06/06/2020T07:50:00 ,137011,105,207,18,28,19,1,19161,10,378
15024,06/06/2020T08:00:00 ,137011,105,207,18,28,19,1,19161,10,378
15025,06/06/2020T08:10:00 ,137011,105,206,18,28,19,1,19162,10,377
15026,06/06/2020T08:20:00 ,137011,105,206,18,28,19,1,19162,10,377
15027,06/06/2020T08:30:00 ,137011,105,206,18,28,19,1,19162,10,377
15028,06/06/2020T08:40:00 ,137011,104,207,18,28,19,1,19162,10,377
15029,06/06/2020T08:50:00 ,137009,106,207,18,27,19,1,19163,10,378
15030,06/06/2020T09:00:00 ,137009,106,207,18,27,19,1,19163,10,378
15031,06/06/2020T09:10:00 ,137008,107,207,18,27,19,1,19163,10,379
15032,06/06/2020T09:20:00 ,137008,106,208,18,27,19,1,19163,10,379
15033,06/06/2020T09:30:00 ,137008,106,208,18,27,19,1,19163,10,379
15034,06/06/2020T09:40:00 ,137008,106,207,18,27,19,1,19164,10,378
15035,06/06/2020T09:50:00 ,137008,106,206,18,26,20,1,19165,10,377
15036,06/06/2020T10:00:00 ,137007,107,206,18,26,20,1,19165,10,378
15037,06/06/2020T10:10:00 ,137005,109,206,18,26,20,1,19165,10,380
15038,06/06/2020T10:20:00 ,137003,111,205,18,26,20,1,19166,10,381
15039,06/06/2020T10:30:00 ,137003,110,206,17,27,20,1,19166,10,381
15040,06/06/2020T10:40:00 ,137002,111,206,17,26,20,1,19167,10,381
15041,06/06/2020T10:50:00 ,137002,111,206,17,26,20,1,19167,10,381
15042,06/06/2020T11:00:00 ,137002,111,206,17,26,20,1,19167,10,381
15043,06/06/2020T11:10:00 ,137001,112,206,17,26,20,1,19167,10,382
15044,06/06/2020T11:20:00 ,137000,113,206,17,26,20,1,19167,10,383
15045,06/06/2020T11:30:00 ,137000,113,205,17,26,20,1,19168,10,382
15046,06/06/2020T11:40:00 ,137000,112,203,18,26,20,1,19170,10,380
15047,06/06/2020T11:50:00 ,137000,112,203,18,26,20,1,19170,10,380
15048,06/06/2020T12:00:00 ,137000,112,203,18,26,20,1,19170,10,380
15049,06/06/2020T12:10:00 ,137000,112,203,18,26,20,1,19170,10,380
15050,06/06/2020T12:20:00 ,137000,112,203,18,26,20,1,19170,10,380
15051,06/06/2020T12:30:00 ,137000,112,203,18,26,20,1,19170,10,380
15052,06/06/2020T12:40:00 ,136999,113,203,18,26,20,1,19170,10,381
15053,06/06/2020T12:50:00 ,136999,112,203,17,27,20,1,19171,10,380
15054,06/06/2020T13:00:00 ,136999,112,203,17,27,20,1,19171,10,380
15055,06/06/2020T13:10:00 ,136999,112,202,16,28,20,1,19172,10,379
15056,06/06/2020T13:20:00 ,136998,113,202,16,28,20,1,19172,10,380
15057,06/06/2020T13:30:00 ,136998,113,202,16,28,20,1,19172,10,380
15058,06/06/2020T13:40:00 ,136997,113,203,16,28,20,1,19172,10,381
15059,06/06/2020T13:50:00 ,136996,113,204,16,28,20,1,19172,10,382
15060,06/06/2020T14:00:00 ,136996,113,203,16,28,20,1,19173,10,381
15061,06/06/2020T14:10:00 ,136995,114,203,16,28,20,1,19173,10,382
15062,06/06/2020T14:20:00 ,136995,114,203,16,28,20,1,19173,10,382
15063,06/06/2020T14:30:00 ,136995,114,203,16,28,20,1,19173,10,382
15064,06/06/2020T14:40:00 ,136995,114,203,16,28,20,1,19173,10,382
15065,06/06/2020T14:50:00 ,136995,114,203,16,28,20,1,19173,10,382
15066,06/06/2020T15:00:00 ,136994,115,203,16,28,20,1,19173,10,383
15067,06/06/2020T15:10:00 ,136994,115,203,16,28,20,1,19173,10,383
15068,06/06/2020T15:20:00 ,136994,115,203,16,28,20,1,19173,10,383
15069,06/06/2020T15:30:00 ,136994,115,202,16,28,20,1,19174,10,382
15070,06/06/2020T15:40:00 ,136993,115,203,16,28,20,1,19174,10,383
15071,06/06/2020T15:50:00 ,136993,115,201,16,28,20,1,19176,10,381
15072,06/06/2020T16:00:00 ,136993,115,200,16,28,20,1,19177,10,380
15073,06/06/2020T16:10:00 ,136993,115,200,16,28,20,1,19177,10,380
15074,06/06/2020T16:20:00 ,136992,116,200,16,28,20,1,19177,10,381
15075,06/06/2020T16:30:00 ,136992,116,200,16,28,20,1,19177,10,381
15076,06/06/2020T16:40:00 ,136992,116,200,16,27,20,1,19178,10,380
15077,06/06/2020T16:50:00 ,136992,115,200,16,27,20,1,19179,10,379
15078,06/06/2020T17:00:00 ,136992,115,199,16,26,20,1,19181,10,377
15079,06/06/2020T17:10:00 ,136992,114,199,16,26,20,1,19182,10,376
15080,06/06/2020T17:20:00 ,136992,114,199,16,26,20,1,19182,10,376
15081,06/06/2020T17:30:00 ,136992,114,199,16,26,20,1,19182,10,376
15082,06/06/2020T17:40:00 ,136992,114,199,16,26,20,1,19182,10,376
15083,06/06/2020T17:50:00 ,136992,114,199,16,26,19,1,19183,10,375
15084,06/06/2020T18:00:00 ,136992,114,198,16,26,19,1,19184,10,374
15085,06/06/2020T18:10:00 ,136992,114,198,16,26,19,1,19184,10,374
15086,06/06/2020T18:20:00 ,136991,115,198,16,26,19,1,19184,10,375
15087,06/06/2020T18:30:00 ,136991,115,197,16,26,19,1,19185,10,374
15088,06/06/2020T18:40:00 ,136991,115,197,16,26,19,1,19185,10,374
15089,06/06/2020T18:50:00 ,136991,115,196,16,26,19,1,19186,10,373
15090,06/06/2020T19:00:00 ,136991,115,196,16,26,19,1,19186,10,373
15091,06/06/2020T19:10:00 ,136991,115,196,16,26,19,1,19186,10,373
15092,06/06/2020T19:20:00 ,136991,115,195,16,26,19,1,19187,10,372
15093,06/06/2020T19:30:00 ,136991,115,195,16,26,19,1,19187,10,372
15094,06/06/2020T19:40:00 ,136991,114,195,16,26,19,1,19188,10,371
15095,06/06/2020T19:50:00 ,136991,114,195,16,26,19,1,19188,10,371
15096,06/06/2020T20:00:00 ,136991,114,195,16,26,19,1,19188,10,371
15097,06/06/2020T20:10:00 ,136991,113,196,16,26,19,1,19188,10,371
15098,06/06/2020T20:20:00 ,136991,113,196,16,26,19,1,19188,10,371
15099,06/06/2020T20:30:00 ,136991,113,195,16,26,19,1,19189,10,370
15100,06/06/2020T20:40:00 ,136991,113,195,16,26,19,1,19189,10,370
15101,06/06/2020T20:50:00 ,136991,112,196,16,26,19,1,19189,10,370
15102,06/06/2020T21:00:00 ,136991,112,195,16,26,19,1,19190,10,369
15103,06/06/2020T21:10:00 ,136991,112,195,16,26,19,1,19190,10,369
15104,06/06/2020T21:20:00 ,136991,112,195,16,26,19,1,19190,10,369
15105,06/06/2020T21:30:00 ,136991,112,195,16,26,19,1,19190,10,369
15106,06/06/2020T21:40:00 ,136991,112,194,16,26,19,1,19191,10,368
15107,06/06/2020T21:50:00 ,136991,112,193,16,26,19,1,19192,10,367
15108,06/06/2020T22:00:00 ,136991,112,193,16,26,19,1,19192,10,367
15109,06/06/2020T22:10:00 ,136991,112,193,15,27,19,1,19192,10,367
15110,06/06/2020T22:20:00 ,136991,112,193,15,27,19,1,19192,10,367
15111,06/06/2020T22:30:00 ,136991,112,193,15,27,19,1,19192,10,367
15112,06/06/2020T22:40:00 ,136991,112,193,15,27,19,1,19192,10,367
15113,06/06/2020T22:50:00 ,136991,112,192,15,27,19,1,19193,10,366
15114,06/06/2020T23:00:00 ,136991,112,192,15,27,19,1,19193,10,366
15115,06/06/2020T23:10:00 ,136991,112,191,15,27,19,1,19194,10,365
15116,06/06/2020T23:20:00 ,136991,112,191,14,28,19,1,19194,10,365
15117,06/06/2020T23:30:00 ,136991,112,191,14,28,19,1,19194,10,365
15118,06/06/2020T23:40:00 ,136991,112,191,14,28,19,1,19194,10,365
15119,06/06/2020T23:50:00 ,136991,111,192,14,28,19,1,19194,10,365
15120,06/07/2020T00:00:00 ,136991,111,192,14,28,19,1,19194,10,365
15121,06/07/2020T00:10:00 ,136991,111,192,14,28,19,1,19194,10,365
15122,06/07/2020T00:20:00 ,136991,111,192,14,28,19,1,19194,10,365
15123,06/07/2020T00:30:00 ,136991,111,192,14,28,19,1,19194,10,365
15124,06/07/2020T00:40:00 ,136991,110,193,14,28,19,1,19194,10,365
15125,06/07/2020T00:50:00 ,136991,110,193,14,28,19,1,19194,10,365
15126,06/07/2020T01:00:00 ,136990,111,193,14,28,19,1,19194,10,366
15127,06/07/2020T01:10:00 ,136990,109,194,14,29,19,1,19194,10,366
15128,06/07/2020T01:20:00 ,136990,108,194,15,29,19,1,19194,10,366
15129,06/07/2020T01:30:00 ,136990,107,195,15,29,19,1,19194,10,366
15130,06/07/2020T01:40:00 ,136990,107,195,15,29,19,1,19194,10,366
15131,06/07/2020T01:50:00 ,136990,107,194,15,29,19,1,19195,10,365
15132,06/07/2020T02:00:00 ,136989,108,194,15,29,19,1,19195,10,366
15133,06/07/2020T02:10:00 ,136989,108,194,15,29,19,1,19195,10,366
15134,06/07/2020T02:20:00 ,136989,108,193,15,29,19,1,19196,10,365
15135,06/07/2020T02:30:00 ,136989,108,193,15,28,19,1,19197,10,364
15136,06/07/2020T02:40:00 ,136989,108,193,15,28,19,1,19197,10,364
15137,06/07/2020T02:50:00 ,136989,107,192,16,28,19,1,19198,10,363
15138,06/07/2020T03:00:00 ,136989,107,191,16,28,19,1,19199,10,362
15139,06/07/2020T03:10:00 ,136989,107,191,16,28,19,1,19199,10,362
15140,06/07/2020T03:20:00 ,136989,106,190,17,28,19,1,19200,10,361
15141,06/07/2020T03:30:00 ,136989,106,190,17,28,19,1,19200,10,361
15142,06/07/2020T03:40:00 ,136989,106,190,17,28,19,1,19200,10,361
15143,06/07/2020T03:50:00 ,136989,106,190,17,28,19,1,19200,10,361
15144,06/07/2020T04:00:00 ,136989,106,190,17,28,19,1,19200,10,361
15145,06/07/2020T04:10:00 ,136989,106,190,17,28,19,1,19200,10,361
15146,06/07/2020T04:20:00 ,136989,106,190,17,28,19,1,19200,10,361
15147,06/07/2020T04:30:00 ,136989,106,190,16,29,19,1,19200,10,361
15148,06/07/2020T04:40:00 ,136989,106,189,16,28,19,1,19202,10,359
15149,06/07/2020T04:50:00 ,136989,105,190,16,27,19,1,19203,10,358
15150,06/07/2020T05:00:00 ,136988,106,190,16,27,19,1,19203,10,359
15151,06/07/2020T05:10:00 ,136988,105,190,16,27,19,1,19204,10,358
15152,06/07/2020T05:20:00 ,136988,104,190,17,27,19,1,19204,10,358
15153,06/07/2020T05:30:00 ,136988,103,191,17,27,19,1,19204,10,358
15154,06/07/2020T05:40:00 ,136988,103,191,17,27,19,1,19204,10,358
15155,06/07/2020T05:50:00 ,136987,104,191,17,27,19,1,19204,10,359
15156,06/07/2020T06:00:00 ,136987,104,191,17,27,19,1,19204,10,359
15157,06/07/2020T06:10:00 ,136987,104,190,17,26,19,1,19206,10,357
15158,06/07/2020T06:20:00 ,136987,104,190,17,26,19,1,19206,10,357
15159,06/07/2020T06:30:00 ,136987,104,190,17,26,19,1,19206,10,357
15160,06/07/2020T06:40:00 ,136987,104,190,17,26,19,1,19206,10,357
15161,06/07/2020T06:50:00 ,136987,104,190,17,26,19,1,19206,10,357
15162,06/07/2020T07:00:00 ,136987,104,188,17,26,19,1,19208,10,355
15163,06/07/2020T07:10:00 ,136987,104,188,17,26,19,1,19208,10,355
15164,06/07/2020T07:20:00 ,136987,104,187,17,26,19,1,19209,10,354
15165,06/07/2020T07:30:00 ,136987,104,187,17,26,19,1,19209,10,354
15166,06/07/2020T07:40:00 ,136987,104,186,17,26,19,1,19210,10,353
15167,06/07/2020T07:50:00 ,136987,103,187,17,26,19,1,19210,10,353
15168,06/07/2020T08:00:00 ,136987,103,185,17,26,19,1,19212,10,351
15169,06/07/2020T08:10:00 ,136987,103,185,17,26,19,1,19212,10,351
15170,06/07/2020T08:20:00 ,136986,103,185,18,26,19,1,19212,10,352
15171,06/07/2020T08:30:00 ,136986,103,185,18,26,19,1,19212,10,352
15172,06/07/2020T08:40:00 ,136986,103,185,18,26,19,1,19212,10,352
15173,06/07/2020T08:50:00 ,136986,103,185,18,26,19,1,19212,10,352
15174,06/07/2020T09:00:00 ,136986,103,185,18,26,19,1,19212,10,352
15175,06/07/2020T09:10:00 ,136986,103,185,18,26,19,1,19212,10,352
15176,06/07/2020T09:20:00 ,136986,103,185,18,26,19,1,19212,10,352
15177,06/07/2020T09:30:00 ,136986,103,185,18,26,19,1,19212,10,352
15178,06/07/2020T09:40:00 ,136986,102,186,18,26,19,1,19212,10,352
15179,06/07/2020T09:50:00 ,136986,102,186,18,26,19,1,19212,10,352
15180,06/07/2020T10:00:00 ,136986,102,186,18,26,19,1,19212,10,352
15181,06/07/2020T10:10:00 ,136986,102,186,18,26,19,1,19212,10,352
15182,06/07/2020T10:20:00 ,136986,102,186,18,26,19,1,19212,10,352
15183,06/07/2020T10:30:00 ,136986,102,186,18,26,19,1,19212,10,352
15184,06/07/2020T10:40:00 ,136986,101,186,18,26,19,1,19213,10,351
15185,06/07/2020T10:50:00 ,136986,101,186,18,26,19,1,19213,10,351
15186,06/07/2020T11:00:00 ,136986,101,185,18,26,19,1,19214,10,350
15187,06/07/2020T11:10:00 ,136986,101,184,18,26,19,1,19215,10,349
15188,06/07/2020T11:20:00 ,136986,101,182,18,26,19,1,19217,10,347
15189,06/07/2020T11:30:00 ,136986,101,182,18,26,19,1,19217,10,347
15190,06/07/2020T11:40:00 ,136986,101,181,18,26,19,1,19218,10,346
15191,06/07/2020T11:50:00 ,136986,101,181,18,26,19,1,19218,10,346
15192,06/07/2020T12:00:00 ,136986,100,182,18,26,19,1,19218,10,346
15193,06/07/2020T12:10:00 ,136986,99,183,18,26,19,1,19218,10,346
15194,06/07/2020T12:20:00 ,136986,99,182,18,26,19,1,19219,10,345
15195,06/07/2020T12:30:00 ,136986,99,182,18,26,19,1,19219,10,345
15196,06/07/2020T12:40:00 ,136986,98,183,18,26,19,1,19219,10,345
15197,06/07/2020T12:50:00 ,136986,98,183,18,26,19,1,19219,10,345
15198,06/07/2020T13:00:00 ,136986,98,182,18,26,19,1,19220,10,344
15199,06/07/2020T13:10:00 ,136986,97,183,18,26,19,1,19220,10,344
15200,06/07/2020T13:20:00 ,136986,97,183,18,26,19,1,19220,10,344
15201,06/07/2020T13:30:00 ,136986,96,184,18,26,19,1,19220,10,344
15202,06/07/2020T13:40:00 ,136986,96,184,18,26,19,1,19220,10,344
15203,06/07/2020T13:50:00 ,136985,96,184,19,26,19,1,19220,10,345
15204,06/07/2020T14:00:00 ,136985,96,183,19,26,19,1,19221,10,344
15205,06/07/2020T14:10:00 ,136985,95,184,19,25,19,1,19222,10,343
15206,06/07/2020T14:20:00 ,136985,95,184,19,25,19,1,19222,10,343
15207,06/07/2020T14:30:00 ,136985,95,184,19,25,19,1,19222,10,343
15208,06/07/2020T14:40:00 ,136984,96,184,19,25,18,1,19223,10,343
15209,06/07/2020T14:50:00 ,136984,96,183,19,24,18,1,19225,10,341
15210,06/07/2020T15:00:00 ,136984,96,183,19,24,18,1,19225,10,341
15211,06/07/2020T15:10:00 ,136984,96,183,19,24,18,1,19225,10,341
15212,06/07/2020T15:20:00 ,136984,96,183,19,24,18,1,19225,10,341
15213,06/07/2020T15:30:00 ,136984,96,183,19,24,18,1,19225,10,341
15214,06/07/2020T15:40:00 ,136984,95,184,19,24,18,1,19225,10,341
15215,06/07/2020T15:50:00 ,136984,95,184,19,24,18,1,19225,10,341
15216,06/07/2020T16:00:00 ,136984,95,183,18,25,18,1,19226,10,340
15217,06/07/2020T16:10:00 ,136984,95,183,18,25,18,1,19226,10,340
15218,06/07/2020T16:20:00 ,136984,95,183,18,25,18,1,19226,10,340
15219,06/07/2020T16:30:00 ,136984,95,183,18,25,18,1,19226,10,340
15220,06/07/2020T16:40:00 ,136983,96,183,18,25,18,1,19226,10,341
15221,06/07/2020T16:50:00 ,136983,95,182,19,25,18,1,19227,10,340
15222,06/07/2020T17:00:00 ,136983,95,182,19,24,18,1,19228,10,339
15223,06/07/2020T17:10:00 ,136983,95,181,19,24,18,1,19229,10,338
15224,06/07/2020T17:20:00 ,136983,94,181,19,24,18,1,19230,10,337
15225,06/07/2020T17:30:00 ,136983,92,183,19,24,18,1,19230,10,337
15226,06/07/2020T17:40:00 ,136983,92,183,19,24,18,1,19230,10,337
15227,06/07/2020T17:50:00 ,136983,92,183,19,23,18,1,19231,10,336
15228,06/07/2020T18:00:00 ,136983,92,183,19,22,18,1,19232,10,335
15229,06/07/2020T18:10:00 ,136983,92,183,19,22,18,1,19232,10,335
15230,06/07/2020T18:20:00 ,136983,92,183,18,23,18,1,19232,10,335
15231,06/07/2020T18:30:00 ,136983,92,182,18,23,18,1,19233,10,334
15232,06/07/2020T18:40:00 ,136983,92,180,18,23,18,1,19235,10,332
15233,06/07/2020T18:50:00 ,136983,92,180,18,23,18,1,19235,10,332
15234,06/07/2020T19:00:00 ,136983,92,180,17,23,18,1,19236,10,331
15235,06/07/2020T19:10:00 ,136982,93,180,17,23,18,1,19236,10,332
15236,06/07/2020T19:20:00 ,136982,93,180,17,23,18,1,19236,10,332
15237,06/07/2020T19:30:00 ,136982,92,180,17,23,18,1,19237,10,331
15238,06/07/2020T19:40:00 ,136982,92,178,17,23,18,1,19239,10,329
15239,06/07/2020T19:50:00 ,136982,91,177,18,23,18,1,19240,10,328
15240,06/07/2020T20:00:00 ,136982,91,177,18,23,18,1,19240,10,328
15241,06/07/2020T20:10:00 ,136982,91,177,18,23,18,1,19240,10,328
15242,06/07/2020T20:20:00 ,136981,92,177,18,23,18,1,19240,10,329
15243,06/07/2020T20:30:00 ,136980,93,177,18,23,18,1,19240,10,330
15244,06/07/2020T20:40:00 ,136980,93,177,18,23,18,1,19240,10,330
15245,06/07/2020T20:50:00 ,136980,93,177,18,23,18,1,19240,10,330
15246,06/07/2020T21:00:00 ,136979,94,175,18,23,18,1,19242,10,329
15247,06/07/2020T21:10:00 ,136979,94,174,18,23,19,0,19243,10,328
15248,06/07/2020T21:20:00 ,136979,92,176,18,23,19,0,19243,10,328
15249,06/07/2020T21:30:00 ,136979,92,175,18,23,19,0,19244,10,327
15250,06/07/2020T21:40:00 ,136979,92,175,18,23,19,0,19244,10,327
15251,06/07/2020T21:50:00 ,136978,93,175,18,23,19,0,19244,10,328
15252,06/07/2020T22:00:00 ,136978,93,174,18,22,19,0,19246,10,326
15253,06/07/2020T22:10:00 ,136978,93,174,18,22,19,0,19246,10,326
15254,06/07/2020T22:20:00 ,136978,93,172,18,22,19,0,19248,10,324
15255,06/07/2020T22:30:00 ,136978,93,172,18,22,19,0,19248,10,324
15256,06/07/2020T22:40:00 ,136978,92,172,18,22,19,0,19249,10,323
15257,06/07/2020T22:50:00 ,136978,92,172,18,22,19,0,19249,10,323
15258,06/07/2020T23:00:00 ,136977,92,173,18,22,19,0,19249,10,324
15259,06/07/2020T23:10:00 ,136977,92,172,18,22,19,0,19250,10,323
15260,06/07/2020T23:20:00 ,136977,92,171,18,22,19,0,19251,10,322
15261,06/07/2020T23:30:00 ,136977,91,172,18,22,19,0,19251,10,322
15262,06/07/2020T23:40:00 ,136977,91,172,17,23,19,0,19251,10,322
15263,06/07/2020T23:50:00 ,136977,90,172,17,23,19,0,19252,10,321
15264,06/08/2020T00:00:00 ,136977,89,173,17,23,19,0,19252,10,321
15265,06/08/2020T00:10:00 ,136977,89,173,17,22,19,0,19253,10,320
15266,06/08/2020T00:20:00 ,136977,89,173,17,22,19,0,19253,10,320
15267,06/08/2020T00:30:00 ,136977,88,174,17,22,19,0,19253,10,320
15268,06/08/2020T00:40:00 ,136977,88,173,17,22,19,0,19254,10,319
15269,06/08/2020T00:50:00 ,136977,86,175,17,22,19,0,19254,10,319
15270,06/08/2020T01:00:00 ,136977,86,175,17,22,19,0,19254,10,319
15271,06/08/2020T01:10:00 ,136977,84,176,17,22,19,0,19255,10,318
15272,06/08/2020T01:20:00 ,136977,83,177,17,22,19,0,19255,10,318
15273,06/08/2020T01:30:00 ,136977,81,179,17,22,19,0,19255,10,318
15274,06/08/2020T01:40:00 ,136977,81,178,17,22,19,0,19256,10,317
15275,06/08/2020T01:50:00 ,136977,81,178,17,22,19,0,19256,10,317
15276,06/08/2020T02:00:00 ,136977,81,177,17,22,19,0,19257,10,316
15277,06/08/2020T02:10:00 ,136977,81,177,17,22,19,0,19257,10,316
15278,06/08/2020T02:20:00 ,136977,81,176,17,21,19,0,19259,10,314
15279,06/08/2020T02:30:00 ,136977,80,176,17,21,19,0,19260,10,313
15280,06/08/2020T02:40:00 ,136977,80,176,17,21,19,0,19260,10,313
15281,06/08/2020T02:50:00 ,136977,80,176,17,21,19,0,19260,10,313
15282,06/08/2020T03:00:00 ,136977,80,176,17,21,19,0,19260,10,313
15283,06/08/2020T03:10:00 ,136977,80,175,17,20,19,0,19262,10,311
15284,06/08/2020T03:20:00 ,136977,80,175,17,20,19,0,19262,10,311
15285,06/08/2020T03:30:00 ,136977,80,175,17,20,19,0,19262,10,311
15286,06/08/2020T03:40:00 ,136977,80,174,17,20,19,0,19263,10,310
15287,06/08/2020T03:50:00 ,136977,80,173,17,19,19,0,19265,10,308
15288,06/08/2020T04:00:00 ,136977,79,174,17,19,19,0,19265,10,308
15289,06/08/2020T04:10:00 ,136977,79,173,17,19,19,0,19266,10,307
15290,06/08/2020T04:20:00 ,136977,78,173,17,19,19,0,19267,10,306
15291,06/08/2020T04:30:00 ,136977,77,174,17,19,19,0,19267,10,306
15292,06/08/2020T04:40:00 ,136977,77,174,17,19,19,0,19267,10,306
15293,06/08/2020T04:50:00 ,136977,77,174,17,19,19,0,19267,10,306
15294,06/08/2020T05:00:00 ,136977,76,174,17,19,19,0,19268,10,305
15295,06/08/2020T05:10:00 ,136977,76,174,17,19,19,0,19268,10,305
15296,06/08/2020T05:20:00 ,136977,76,174,17,19,19,0,19268,10,305
15297,06/08/2020T05:30:00 ,136977,76,174,17,19,19,0,19268,10,305
15298,06/08/2020T05:40:00 ,136977,76,174,17,19,19,0,19268,10,305
15299,06/08/2020T05:50:00 ,136977,76,174,17,19,19,0,19268,10,305
15300,06/08/2020T06:00:00 ,136977,76,174,17,19,19,0,19268,10,305
15301,06/08/2020T06:10:00 ,136977,75,175,17,19,19,0,19268,10,305
15302,06/08/2020T06:20:00 ,136977,75,175,17,19,19,0,19268,10,305
15303,06/08/2020T06:30:00 ,136977,75,175,17,19,19,0,19268,10,305
15304,06/08/2020T06:40:00 ,136977,74,176,17,19,19,0,19268,10,305
15305,06/08/2020T06:50:00 ,136977,74,175,17,19,19,0,19269,10,304
15306,06/08/2020T07:00:00 ,136977,74,175,17,19,19,0,19269,10,304
15307,06/08/2020T07:10:00 ,136977,73,174,17,20,19,0,19270,10,303
15308,06/08/2020T07:20:00 ,136977,73,174,17,20,19,0,19270,10,303
15309,06/08/2020T07:30:00 ,136977,73,174,17,20,19,0,19270,10,303
15310,06/08/2020T07:40:00 ,136977,73,173,17,20,19,0,19271,10,302
15311,06/08/2020T07:50:00 ,136977,72,173,17,20,18,0,19273,10,300
15312,06/08/2020T08:00:00 ,136977,72,173,17,20,18,0,19273,10,300
15313,06/08/2020T08:10:00 ,136977,72,173,17,20,18,0,19273,10,300
15314,06/08/2020T08:20:00 ,136976,72,172,17,20,18,0,19275,10,299
15315,06/08/2020T08:30:00 ,136976,72,172,17,20,18,0,19275,10,299
15316,06/08/2020T08:40:00 ,136976,72,172,17,20,18,0,19275,10,299
15317,06/08/2020T08:50:00 ,136976,71,173,17,20,18,0,19275,10,299
15318,06/08/2020T09:00:00 ,136976,71,171,17,20,18,0,19277,10,297
15319,06/08/2020T09:10:00 ,136976,71,171,17,20,18,0,19277,10,297
15320,06/08/2020T09:20:00 ,136976,71,170,17,20,18,0,19278,10,296
15321,06/08/2020T09:30:00 ,136976,71,170,17,20,18,0,19278,10,296
15322,06/08/2020T09:40:00 ,136976,71,169,17,19,18,0,19280,10,294
15323,06/08/2020T09:50:00 ,136976,71,169,17,19,18,0,19280,10,294
15324,06/08/2020T10:00:00 ,136976,70,169,18,19,18,0,19280,10,294
15325,06/08/2020T10:10:00 ,136976,70,169,17,20,18,0,19280,10,294
15326,06/08/2020T10:20:00 ,136976,70,169,17,20,18,0,19280,10,294
15327,06/08/2020T10:30:00 ,136976,69,170,17,20,18,0,19280,10,294
15328,06/08/2020T10:40:00 ,136976,69,170,16,21,18,0,19280,10,294
15329,06/08/2020T10:50:00 ,136976,68,170,16,21,18,0,19281,10,293
15330,06/08/2020T11:00:00 ,136976,68,169,16,21,18,0,19282,10,292
15331,06/08/2020T11:10:00 ,136976,66,170,16,21,18,0,19283,10,291
15332,06/08/2020T11:20:00 ,136976,66,170,15,22,18,0,19283,10,291
15333,06/08/2020T11:30:00 ,136976,66,170,15,22,18,0,19283,10,291
15334,06/08/2020T11:40:00 ,136976,65,171,15,22,18,0,19283,10,291
15335,06/08/2020T11:50:00 ,136976,65,171,15,22,18,0,19283,10,291
15336,06/08/2020T12:00:00 ,136976,65,169,15,22,18,0,19285,10,289
15337,06/08/2020T12:10:00 ,136976,65,169,15,22,18,0,19285,10,289
15338,06/08/2020T12:20:00 ,136976,65,168,14,23,18,0,19286,10,288
15339,06/08/2020T12:30:00 ,136976,64,168,13,24,18,0,19287,10,287
15340,06/08/2020T12:40:00 ,136976,64,168,13,24,18,0,19287,10,287
15341,06/08/2020T12:50:00 ,136976,64,167,13,24,18,0,19288,10,286
15342,06/08/2020T13:00:00 ,136976,64,167,13,24,18,0,19288,10,286
15343,06/08/2020T13:10:00 ,136976,64,165,13,24,18,0,19290,10,284
15344,06/08/2020T13:20:00 ,136976,63,166,13,24,18,0,19290,10,284
15345,06/08/2020T13:30:00 ,136976,63,166,13,24,18,0,19290,10,284
15346,06/08/2020T13:40:00 ,136976,63,166,13,24,18,0,19290,10,284
15347,06/08/2020T13:50:00 ,136976,63,166,12,25,18,0,19290,10,284
15348,06/08/2020T14:00:00 ,136976,63,164,12,25,18,0,19292,10,282
15349,06/08/2020T14:10:00 ,136976,63,163,12,25,18,0,19293,10,281
15350,06/08/2020T14:20:00 ,136976,62,164,12,25,18,0,19293,10,281
15351,06/08/2020T14:30:00 ,136976,62,164,12,25,18,0,19293,10,281
15352,06/08/2020T14:40:00 ,136975,63,164,12,25,18,0,19293,10,282
15353,06/08/2020T14:50:00 ,136975,63,164,12,25,18,0,19293,10,282
15354,06/08/2020T15:00:00 ,136975,63,163,12,24,18,0,19295,10,280
15355,06/08/2020T15:10:00 ,136975,63,163,12,24,18,0,19295,10,280
15356,06/08/2020T15:20:00 ,136975,62,163,13,24,18,0,19295,10,280
15357,06/08/2020T15:30:00 ,136975,62,163,13,23,18,0,19296,10,279
15358,06/08/2020T15:40:00 ,136975,61,162,14,23,18,0,19297,10,278
15359,06/08/2020T15:50:00 ,136975,61,162,14,23,18,0,19297,10,278
15360,06/08/2020T16:00:00 ,136975,61,162,14,23,18,0,19297,10,278
15361,06/08/2020T16:10:00 ,136975,60,163,14,23,18,0,19297,10,278
15362,06/08/2020T16:20:00 ,136975,60,163,14,23,18,0,19297,10,278
15363,06/08/2020T16:30:00 ,136975,60,163,14,23,18,0,19297,10,278
15364,06/08/2020T16:40:00 ,136975,60,163,14,23,18,0,19297,10,278
15365,06/08/2020T16:50:00 ,136975,59,163,14,23,18,0,19298,10,277
15366,06/08/2020T17:00:00 ,136975,59,163,14,23,18,0,19298,10,277
15367,06/08/2020T17:10:00 ,136975,59,162,14,23,18,0,19299,10,276
15368,06/08/2020T17:20:00 ,136975,59,161,14,23,18,0,19300,10,275
15369,06/08/2020T17:30:00 ,136975,59,161,14,23,18,0,19300,10,275
15370,06/08/2020T17:40:00 ,136975,59,161,14,23,18,0,19300,10,275
15371,06/08/2020T17:50:00 ,136975,59,161,14,23,18,0,19300,10,275
15372,06/08/2020T18:00:00 ,136974,60,161,14,23,18,0,19300,10,276
15373,06/08/2020T18:10:00 ,136974,60,161,14,23,18,0,19300,10,276
15374,06/08/2020T18:20:00 ,136974,60,161,13,24,18,0,19300,10,276
15375,06/08/2020T18:30:00 ,136974,60,160,13,24,18,0,19301,10,275
15376,06/08/2020T18:40:00 ,136974,59,160,14,24,18,0,19301,10,275
15377,06/08/2020T18:50:00 ,136974,59,160,14,24,18,0,19301,10,275
15378,06/08/2020T19:00:00 ,136974,59,160,14,24,18,0,19301,10,275
15379,06/08/2020T19:10:00 ,136974,58,160,14,23,18,0,19303,10,273
15380,06/08/2020T19:20:00 ,136974,58,158,14,23,18,0,19305,10,271
15381,06/08/2020T19:30:00 ,136974,58,158,14,23,18,0,19305,10,271
15382,06/08/2020T19:40:00 ,136974,58,158,14,23,18,0,19305,10,271
15383,06/08/2020T19:50:00 ,136973,59,157,14,23,18,0,19306,10,271
15384,06/08/2020T20:00:00 ,136972,60,157,14,23,18,0,19306,10,272
15385,06/08/2020T20:10:00 ,136972,59,158,14,23,18,0,19306,10,272
15386,06/08/2020T20:20:00 ,136972,58,159,14,23,18,0,19306,10,272
15387,06/08/2020T20:30:00 ,136971,59,159,14,23,18,0,19306,10,273
15388,06/08/2020T20:40:00 ,136971,59,159,14,23,18,0,19306,10,273
15389,06/08/2020T20:50:00 ,136970,60,159,13,23,18,0,19307,10,273
15390,06/08/2020T21:00:00 ,136970,60,159,13,23,18,0,19307,10,273
15391,06/08/2020T21:10:00 ,136969,61,159,13,23,18,0,19307,10,274
15392,06/08/2020T21:20:00 ,136969,61,158,13,23,18,0,19308,10,273
15393,06/08/2020T21:30:00 ,136969,61,158,13,23,18,0,19308,10,273
15394,06/08/2020T21:40:00 ,136969,61,158,12,24,18,0,19308,10,273
15395,06/08/2020T21:50:00 ,136969,60,159,12,24,18,0,19308,10,273
15396,06/08/2020T22:00:00 ,136969,59,160,12,23,18,0,19309,10,272
15397,06/08/2020T22:10:00 ,136969,59,160,12,23,18,0,19309,10,272
15398,06/08/2020T22:20:00 ,136969,59,160,12,23,18,0,19309,10,272
15399,06/08/2020T22:30:00 ,136969,59,160,12,23,18,0,19309,10,272
15400,06/08/2020T22:40:00 ,136969,59,160,12,23,18,0,19309,10,272
15401,06/08/2020T22:50:00 ,136969,59,160,12,23,18,0,19309,10,272
15402,06/08/2020T23:00:00 ,136969,59,160,12,23,18,0,19309,10,272
15403,06/08/2020T23:10:00 ,136969,59,160,12,23,18,0,19309,10,272
15404,06/08/2020T23:20:00 ,136969,58,160,12,23,18,0,19310,10,271
15405,06/08/2020T23:30:00 ,136969,56,161,13,23,18,0,19310,10,271
15406,06/08/2020T23:40:00 ,136969,56,161,13,23,18,0,19310,10,271
15407,06/08/2020T23:50:00 ,136969,56,160,13,23,18,0,19311,10,270
15408,06/09/2020T00:00:00 ,136969,56,160,13,23,18,0,19311,10,270
15409,06/09/2020T00:10:00 ,136969,56,159,13,23,18,0,19312,10,269
15410,06/09/2020T00:20:00 ,136969,56,159,13,23,18,0,19312,10,269
15411,06/09/2020T00:30:00 ,136969,56,159,13,23,18,0,19312,10,269
15412,06/09/2020T00:40:00 ,136969,56,158,13,23,18,0,19313,10,268
15413,06/09/2020T00:50:00 ,136969,56,158,13,23,18,0,19313,10,268
15414,06/09/2020T01:00:00 ,136969,56,158,13,23,18,0,19313,10,268
15415,06/09/2020T01:10:00 ,136969,55,159,12,24,18,0,19313,10,268
15416,06/09/2020T01:20:00 ,136969,55,159,12,24,18,0,19313,10,268
15417,06/09/2020T01:30:00 ,136969,55,159,12,24,18,0,19313,10,268
15418,06/09/2020T01:40:00 ,136969,55,159,12,24,18,0,19313,10,268
15419,06/09/2020T01:50:00 ,136969,55,159,12,24,18,0,19313,10,268
15420,06/09/2020T02:00:00 ,136969,54,159,13,24,18,0,19313,10,268
15421,06/09/2020T02:10:00 ,136969,53,160,13,24,18,0,19313,10,268
15422,06/09/2020T02:20:00 ,136969,53,160,13,24,18,0,19313,10,268
15423,06/09/2020T02:30:00 ,136969,53,160,13,24,18,0,19313,10,268
15424,06/09/2020T02:40:00 ,136969,53,160,13,24,18,0,19313,10,268
15425,06/09/2020T02:50:00 ,136969,53,160,13,24,18,0,19313,10,268
15426,06/09/2020T03:00:00 ,136969,53,160,13,24,18,0,19313,10,268
15427,06/09/2020T03:10:00 ,136969,53,160,13,24,18,0,19313,10,268
15428,06/09/2020T03:20:00 ,136969,53,160,13,24,18,0,19313,10,268
15429,06/09/2020T03:30:00 ,136969,52,161,13,24,18,0,19313,10,268
15430,06/09/2020T03:40:00 ,136969,51,162,13,24,18,0,19313,10,268
15431,06/09/2020T03:50:00 ,136969,51,162,13,24,18,0,19313,10,268
15432,06/09/2020T04:00:00 ,136969,51,162,13,24,18,0,19313,10,268
15433,06/09/2020T04:10:00 ,136969,51,161,13,24,18,0,19314,10,267
15434,06/09/2020T04:20:00 ,136969,51,160,13,24,18,0,19315,10,266
15435,06/09/2020T04:30:00 ,136969,51,160,13,24,18,0,19315,10,266
15436,06/09/2020T04:40:00 ,136969,51,160,13,23,18,0,19316,10,265
15437,06/09/2020T04:50:00 ,136969,51,160,13,23,18,0,19316,10,265
15438,06/09/2020T05:00:00 ,136969,51,160,13,22,19,0,19316,10,265
15439,06/09/2020T05:10:00 ,136969,51,160,13,22,19,0,19316,10,265
15440,06/09/2020T05:20:00 ,136969,51,160,12,23,19,0,19316,10,265
15441,06/09/2020T05:30:00 ,136969,51,160,12,23,19,0,19316,10,265
15442,06/09/2020T05:40:00 ,136969,51,160,12,23,19,0,19316,10,265
15443,06/09/2020T05:50:00 ,136969,50,158,13,23,19,0,19318,10,263
15444,06/09/2020T06:00:00 ,136969,50,158,12,24,19,0,19318,10,263
15445,06/09/2020T06:10:00 ,136969,50,158,12,24,19,0,19318,10,263
15446,06/09/2020T06:20:00 ,136969,50,158,12,24,19,0,19318,10,263
15447,06/09/2020T06:30:00 ,136969,49,159,12,24,19,0,19318,10,263
15448,06/09/2020T06:40:00 ,136969,48,160,12,24,19,0,19318,10,263
15449,06/09/2020T06:50:00 ,136969,48,160,12,24,19,0,19318,10,263
15450,06/09/2020T07:00:00 ,136968,49,160,12,24,18,0,19319,10,263
15451,06/09/2020T07:10:00 ,136967,50,160,12,24,18,0,19319,10,264
15452,06/09/2020T07:20:00 ,136967,50,159,12,24,18,0,19320,10,263
15453,06/09/2020T07:30:00 ,136967,50,156,12,23,19,0,19323,10,260
15454,06/09/2020T07:40:00 ,136967,50,156,12,23,19,0,19323,10,260
15455,06/09/2020T07:50:00 ,136967,50,156,12,23,19,0,19323,10,260
15456,06/09/2020T08:00:00 ,136966,51,156,12,23,19,0,19323,10,261
15457,06/09/2020T08:10:00 ,136966,51,155,12,23,19,0,19324,10,260
15458,06/09/2020T08:20:00 ,136966,51,154,12,23,19,0,19325,10,259
15459,06/09/2020T08:30:00 ,136966,51,154,12,23,19,0,19325,10,259
15460,06/09/2020T08:40:00 ,136965,52,154,12,22,19,0,19326,10,259
15461,06/09/2020T08:50:00 ,136965,52,154,12,22,19,0,19326,10,259
15462,06/09/2020T09:00:00 ,136965,52,153,12,22,19,0,19327,10,258
15463,06/09/2020T09:10:00 ,136965,52,152,12,22,19,0,19328,10,257
15464,06/09/2020T09:20:00 ,136965,52,152,12,22,19,0,19328,10,257
15465,06/09/2020T09:30:00 ,136965,52,152,11,23,19,0,19328,10,257
15466,06/09/2020T09:40:00 ,136965,52,152,11,23,19,0,19328,10,257
15467,06/09/2020T09:50:00 ,136965,52,152,11,23,19,0,19328,10,257
15468,06/09/2020T10:00:00 ,136965,52,152,11,23,19,0,19328,10,257
15469,06/09/2020T10:10:00 ,136965,52,152,11,23,19,0,19328,10,257
15470,06/09/2020T10:20:00 ,136965,52,152,11,23,19,0,19328,10,257
15471,06/09/2020T10:30:00 ,136964,53,152,11,23,19,0,19328,10,258
15472,06/09/2020T10:40:00 ,136964,53,152,11,23,19,0,19328,10,258
15473,06/09/2020T10:50:00 ,136964,53,152,11,23,19,0,19328,10,258
15474,06/09/2020T11:00:00 ,136964,53,152,11,23,19,0,19328,10,258
15475,06/09/2020T11:10:00 ,136964,53,152,11,23,19,0,19328,10,258
15476,06/09/2020T11:20:00 ,136962,55,151,11,23,19,0,19329,10,259
15477,06/09/2020T11:30:00 ,136961,56,150,10,24,19,0,19330,10,259
15478,06/09/2020T11:40:00 ,136960,57,150,10,24,19,0,19330,10,260
15479,06/09/2020T11:50:00 ,136960,57,150,10,24,19,0,19330,10,260
15480,06/09/2020T12:00:00 ,136960,57,149,10,24,19,0,19331,10,259
15481,06/09/2020T12:10:00 ,136960,57,149,10,24,19,0,19331,10,259
15482,06/09/2020T12:20:00 ,136960,56,149,10,24,19,0,19332,10,258
15483,06/09/2020T12:30:00 ,136960,56,149,10,24,19,0,19332,10,258
15484,06/09/2020T12:40:00 ,136960,56,149,9,25,19,0,19332,10,258
15485,06/09/2020T12:50:00 ,136960,55,149,9,25,19,0,19333,10,257
15486,06/09/2020T13:00:00 ,136959,56,148,9,24,19,0,19335,10,256
15487,06/09/2020T13:10:00 ,136959,55,149,9,24,19,0,19335,10,256
15488,06/09/2020T13:20:00 ,136958,56,149,9,24,19,0,19335,10,257
15489,06/09/2020T13:30:00 ,136957,56,149,9,24,19,0,19336,10,257
15490,06/09/2020T13:40:00 ,136957,55,149,9,24,19,0,19337,10,256
15491,06/09/2020T13:50:00 ,136957,55,148,9,24,19,0,19338,10,255
15492,06/09/2020T14:00:00 ,136957,55,148,9,24,19,0,19338,10,255
15493,06/09/2020T14:10:00 ,136957,55,146,9,24,19,0,19340,10,253
15494,06/09/2020T14:20:00 ,136957,55,146,9,24,19,0,19340,10,253
15495,06/09/2020T14:30:00 ,136957,55,146,8,25,19,0,19340,10,253
15496,06/09/2020T14:40:00 ,136956,56,146,8,25,19,0,19340,10,254
15497,06/09/2020T14:50:00 ,136956,56,146,8,25,19,0,19340,10,254
15498,06/09/2020T15:00:00 ,136955,56,146,8,25,19,0,19341,10,254
15499,06/09/2020T15:10:00 ,136955,56,146,8,25,19,0,19341,10,254
15500,06/09/2020T15:20:00 ,136955,56,146,8,25,19,0,19341,10,254
15501,06/09/2020T15:30:00 ,136954,56,145,9,25,19,0,19342,10,254
15502,06/09/2020T15:40:00 ,136954,56,145,9,25,19,0,19342,10,254
15503,06/09/2020T15:50:00 ,136954,56,145,9,25,19,0,19342,10,254
15504,06/09/2020T16:00:00 ,136954,56,145,9,24,19,0,19343,10,253
15505,06/09/2020T16:10:00 ,136954,56,145,9,24,19,0,19343,10,253
15506,06/09/2020T16:20:00 ,136952,58,145,9,24,19,0,19343,10,255
15507,06/09/2020T16:30:00 ,136952,58,145,9,24,19,0,19343,10,255
15508,06/09/2020T16:40:00 ,136952,58,144,9,24,19,0,19344,10,254
15509,06/09/2020T16:50:00 ,136952,58,144,9,24,19,0,19344,10,254
15510,06/09/2020T17:00:00 ,136950,60,143,9,24,19,0,19345,10,255
15511,06/09/2020T17:10:00 ,136950,60,143,9,24,19,0,19345,10,255
15512,06/09/2020T17:20:00 ,136950,60,142,9,24,19,0,19346,10,254
15513,06/09/2020T17:30:00 ,136950,60,142,9,24,19,0,19346,10,254
15514,06/09/2020T17:40:00 ,136950,59,143,9,24,19,0,19346,10,254
15515,06/09/2020T17:50:00 ,136950,59,142,9,24,19,0,19347,10,253
15516,06/09/2020T18:00:00 ,136950,59,142,8,25,19,0,19347,10,253
15517,06/09/2020T18:10:00 ,136950,59,142,8,25,19,0,19347,10,253
15518,06/09/2020T18:20:00 ,136950,59,142,8,25,19,0,19347,10,253
15519,06/09/2020T18:30:00 ,136950,59,141,8,25,19,0,19348,10,252
15520,06/09/2020T18:40:00 ,136950,59,140,8,25,19,0,19349,10,251
15521,06/09/2020T18:50:00 ,136950,59,140,8,25,19,0,19349,10,251
15522,06/09/2020T19:00:00 ,136950,59,139,8,25,19,0,19350,10,250
15523,06/09/2020T19:10:00 ,136950,59,139,8,25,19,0,19350,10,250
15524,06/09/2020T19:20:00 ,136950,59,138,8,25,19,0,19351,10,249
15525,06/09/2020T19:30:00 ,136950,59,138,8,25,19,0,19351,10,249
15526,06/09/2020T19:40:00 ,136950,59,138,8,25,19,0,19351,10,249
15527,06/09/2020T19:50:00 ,136950,59,138,8,25,19,0,19351,10,249
15528,06/09/2020T20:00:00 ,136950,58,139,8,25,19,0,19351,10,249
15529,06/09/2020T20:10:00 ,136950,58,139,8,25,19,0,19351,10,249
15530,06/09/2020T20:20:00 ,136950,57,140,8,25,19,0,19351,10,249
15531,06/09/2020T20:30:00 ,136950,57,140,8,25,19,0,19351,10,249
15532,06/09/2020T20:40:00 ,136950,57,139,8,25,19,0,19352,10,248
15533,06/09/2020T20:50:00 ,136950,56,139,9,25,18,0,19353,10,247
15534,06/09/2020T21:00:00 ,136950,56,139,9,25,18,0,19353,10,247
15535,06/09/2020T21:10:00 ,136950,56,138,9,25,18,0,19354,10,246
15536,06/09/2020T21:20:00 ,136950,56,138,9,25,18,0,19354,10,246
15537,06/09/2020T21:30:00 ,136949,57,138,9,25,18,0,19354,10,247
15538,06/09/2020T21:40:00 ,136949,57,138,9,25,18,0,19354,10,247
15539,06/09/2020T21:50:00 ,136949,57,138,9,25,18,0,19354,10,247
15540,06/09/2020T22:00:00 ,136949,57,138,9,25,18,0,19354,10,247
15541,06/09/2020T22:10:00 ,136949,56,139,9,25,18,0,19354,10,247
15542,06/09/2020T22:20:00 ,136949,56,139,9,25,18,0,19354,10,247
15543,06/09/2020T22:30:00 ,136949,55,139,9,25,18,0,19355,10,246
15544,06/09/2020T22:40:00 ,136949,55,139,9,25,18,0,19355,10,246
15545,06/09/2020T22:50:00 ,136949,53,141,9,25,18,0,19355,10,246
15546,06/09/2020T23:00:00 ,136949,53,140,9,25,18,0,19356,10,245
15547,06/09/2020T23:10:00 ,136949,53,140,9,25,18,0,19356,10,245
15548,06/09/2020T23:20:00 ,136949,53,140,9,25,17,0,19357,10,244
15549,06/09/2020T23:30:00 ,136949,53,140,9,25,17,0,19357,10,244
15550,06/09/2020T23:40:00 ,136949,53,140,9,25,17,0,19357,10,244
15551,06/09/2020T23:50:00 ,136949,53,139,8,26,17,0,19358,10,243
15552,06/10/2020T00:00:00 ,136949,53,139,8,26,17,0,19358,10,243
15553,06/10/2020T00:10:00 ,136949,53,138,8,26,17,0,19359,10,242
15554,06/10/2020T00:20:00 ,136949,53,137,8,25,17,0,19361,10,240
15555,06/10/2020T00:30:00 ,136949,53,137,8,25,17,0,19361,10,240
15556,06/10/2020T00:40:00 ,136949,53,137,8,25,17,0,19361,10,240
15557,06/10/2020T00:50:00 ,136949,53,137,8,25,17,0,19361,10,240
15558,06/10/2020T01:00:00 ,136948,54,137,8,25,17,0,19361,10,241
15559,06/10/2020T01:10:00 ,136948,54,137,8,25,17,0,19361,10,241
15560,06/10/2020T01:20:00 ,136948,54,137,8,25,17,0,19361,10,241
15561,06/10/2020T01:30:00 ,136948,53,138,8,25,17,0,19361,10,241
15562,06/10/2020T01:40:00 ,136948,53,138,8,25,17,0,19361,10,241
15563,06/10/2020T01:50:00 ,136948,53,137,8,24,17,0,19363,10,239
15564,06/10/2020T02:00:00 ,136948,53,137,8,24,17,0,19363,10,239
15565,06/10/2020T02:10:00 ,136948,53,137,8,24,17,0,19363,10,239
15566,06/10/2020T02:20:00 ,136948,53,137,8,24,17,0,19363,10,239
15567,06/10/2020T02:30:00 ,136948,53,137,8,24,17,0,19363,10,239
15568,06/10/2020T02:40:00 ,136948,53,135,8,24,17,0,19365,10,237
15569,06/10/2020T02:50:00 ,136948,53,135,8,23,17,0,19366,10,236
15570,06/10/2020T03:00:00 ,136948,53,135,8,23,17,0,19366,10,236
15571,06/10/2020T03:10:00 ,136948,53,134,8,23,17,0,19367,10,235
15572,06/10/2020T03:20:00 ,136948,53,134,8,23,17,0,19367,10,235
15573,06/10/2020T03:30:00 ,136948,53,133,8,23,17,0,19368,10,234
15574,06/10/2020T03:40:00 ,136948,53,133,8,23,17,0,19368,10,234
15575,06/10/2020T03:50:00 ,136948,53,133,8,23,17,0,19368,10,234
15576,06/10/2020T04:00:00 ,136948,53,133,8,23,17,0,19368,10,234
15577,06/10/2020T04:10:00 ,136948,53,133,8,23,17,0,19368,10,234
15578,06/10/2020T04:20:00 ,136948,53,133,8,23,17,0,19368,10,234
15579,06/10/2020T04:30:00 ,136948,53,133,8,23,17,0,19368,10,234
15580,06/10/2020T04:40:00 ,136948,53,133,8,23,17,0,19368,10,234
15581,06/10/2020T04:50:00 ,136948,53,133,8,23,17,0,19368,10,234
15582,06/10/2020T05:00:00 ,136948,53,133,8,22,17,0,19369,10,233
15583,06/10/2020T05:10:00 ,136948,53,133,8,22,17,0,19369,10,233
15584,06/10/2020T05:20:00 ,136948,53,133,8,22,17,0,19369,10,233
15585,06/10/2020T05:30:00 ,136948,53,133,8,22,17,0,19369,10,233
15586,06/10/2020T05:40:00 ,136948,53,133,8,22,17,0,19369,10,233
15587,06/10/2020T05:50:00 ,136948,53,133,8,22,17,0,19369,10,233
15588,06/10/2020T06:00:00 ,136948,53,132,8,22,17,0,19370,10,232
15589,06/10/2020T06:10:00 ,136948,53,132,8,22,17,0,19370,10,232
15590,06/10/2020T06:20:00 ,136948,53,132,8,22,17,0,19370,10,232
15591,06/10/2020T06:30:00 ,136948,53,132,8,22,17,0,19370,10,232
15592,06/10/2020T06:40:00 ,136948,53,132,8,22,17,0,19370,10,232
15593,06/10/2020T06:50:00 ,136948,52,133,8,22,17,0,19370,10,232
15594,06/10/2020T07:00:00 ,136948,52,133,8,22,17,0,19370,10,232
15595,06/10/2020T07:10:00 ,136948,51,134,8,22,17,0,19370,10,232
15596,06/10/2020T07:20:00 ,136948,51,134,8,22,17,0,19370,10,232
15597,06/10/2020T07:30:00 ,136948,50,134,8,22,17,0,19371,10,231
15598,06/10/2020T07:40:00 ,136947,51,134,8,22,17,0,19371,10,232
15599,06/10/2020T07:50:00 ,136947,51,134,8,22,17,0,19371,10,232
15600,06/10/2020T08:00:00 ,136947,51,134,8,22,17,0,19371,10,232
15601,06/10/2020T08:10:00 ,136945,53,134,8,22,17,0,19371,10,234
15602,06/10/2020T08:20:00 ,136943,55,134,8,22,17,0,19371,10,236
15603,06/10/2020T08:30:00 ,136943,55,133,8,22,17,0,19372,10,235
15604,06/10/2020T08:40:00 ,136942,56,133,8,22,17,0,19372,10,236
15605,06/10/2020T08:50:00 ,136942,56,133,8,22,17,0,19372,10,236
15606,06/10/2020T09:00:00 ,136942,56,132,8,22,17,0,19373,10,235
15607,06/10/2020T09:10:00 ,136942,56,131,8,22,17,0,19374,10,234
15608,06/10/2020T09:20:00 ,136941,56,131,9,22,17,0,19374,10,235
15609,06/10/2020T09:30:00 ,136941,56,131,9,22,17,0,19374,10,235
15610,06/10/2020T09:40:00 ,136941,55,132,9,22,17,0,19374,10,235
15611,06/10/2020T09:50:00 ,136941,55,132,9,22,17,0,19374,10,235
15612,06/10/2020T10:00:00 ,136941,55,132,9,22,17,0,19374,10,235
15613,06/10/2020T10:10:00 ,136941,55,132,9,22,17,0,19374,10,235
15614,06/10/2020T10:20:00 ,136940,55,133,9,22,17,0,19374,10,236
15615,06/10/2020T10:30:00 ,136938,57,133,9,22,17,0,19374,10,238
15616,06/10/2020T10:40:00 ,136938,57,133,9,22,17,0,19374,10,238
15617,06/10/2020T10:50:00 ,136938,57,133,9,22,17,0,19374,10,238
15618,06/10/2020T11:00:00 ,136936,58,132,9,22,17,0,19376,10,238
15619,06/10/2020T11:10:00 ,136935,59,132,9,22,17,0,19376,10,239
15620,06/10/2020T11:20:00 ,136934,60,132,9,22,17,0,19376,10,240
15621,06/10/2020T11:30:00 ,136934,60,132,9,22,17,0,19376,10,240
15622,06/10/2020T11:40:00 ,136934,60,132,9,22,16,0,19377,10,239
15623,06/10/2020T11:50:00 ,136934,60,132,9,22,16,0,19377,10,239
15624,06/10/2020T12:00:00 ,136934,60,132,9,22,16,0,19377,10,239
15625,06/10/2020T12:10:00 ,136933,61,131,9,22,16,0,19378,10,239
15626,06/10/2020T12:20:00 ,136933,61,131,9,22,16,0,19378,10,239
15627,06/10/2020T12:30:00 ,136933,61,131,9,22,16,0,19378,10,239
15628,06/10/2020T12:40:00 ,136933,61,131,9,22,16,0,19378,10,239
15629,06/10/2020T12:50:00 ,136933,61,131,9,22,16,0,19378,10,239
15630,06/10/2020T13:00:00 ,136932,61,132,9,22,16,0,19378,10,240
15631,06/10/2020T13:10:00 ,136931,62,132,9,22,16,0,19378,10,241
15632,06/10/2020T13:20:00 ,136931,62,132,9,22,16,0,19378,10,241
15633,06/10/2020T13:30:00 ,136931,62,131,9,22,16,0,19379,10,240
15634,06/10/2020T13:40:00 ,136931,62,131,9,22,16,0,19379,10,240
15635,06/10/2020T13:50:00 ,136931,62,131,9,22,16,0,19379,10,240
15636,06/10/2020T14:00:00 ,136931,62,131,9,22,16,0,19379,10,240
15637,06/10/2020T14:10:00 ,136930,63,131,9,22,16,0,19379,10,241
15638,06/10/2020T14:20:00 ,136929,64,131,9,22,16,0,19379,10,242
15639,06/10/2020T14:30:00 ,136929,64,131,9,22,16,0,19379,10,242
15640,06/10/2020T14:40:00 ,136928,65,130,8,23,16,0,19380,10,242
15641,06/10/2020T14:50:00 ,136928,65,130,8,23,15,0,19381,10,241
15642,06/10/2020T15:00:00 ,136928,65,130,8,23,15,0,19381,10,241
15643,06/10/2020T15:10:00 ,136927,66,130,8,23,15,0,19381,10,242
15644,06/10/2020T15:20:00 ,136925,68,130,8,23,15,0,19381,10,244
15645,06/10/2020T15:30:00 ,136925,68,130,8,22,15,0,19382,10,243
15646,06/10/2020T15:40:00 ,136925,67,130,8,22,15,0,19383,10,242
15647,06/10/2020T15:50:00 ,136925,67,130,8,22,15,0,19383,10,242
15648,06/10/2020T16:00:00 ,136925,67,130,8,22,15,0,19383,10,242
15649,06/10/2020T16:10:00 ,136925,67,130,8,22,15,0,19383,10,242
15650,06/10/2020T16:20:00 ,136925,67,130,7,23,15,0,19383,10,242
15651,06/10/2020T16:30:00 ,136925,67,130,7,23,15,0,19383,10,242
15652,06/10/2020T16:40:00 ,136924,68,130,7,23,15,0,19383,10,243
15653,06/10/2020T16:50:00 ,136923,69,130,7,23,15,0,19383,10,244
15654,06/10/2020T17:00:00 ,136923,69,129,7,23,15,0,19384,10,243
15655,06/10/2020T17:10:00 ,136923,69,129,7,23,15,0,19384,10,243
15656,06/10/2020T17:20:00 ,136923,68,130,7,23,15,0,19384,10,243
15657,06/10/2020T17:30:00 ,136923,68,130,6,24,15,0,19384,10,243
15658,06/10/2020T17:40:00 ,136923,66,131,6,24,15,0,19385,10,242
15659,06/10/2020T17:50:00 ,136923,66,131,6,24,15,0,19385,10,242
15660,06/10/2020T18:00:00 ,136923,66,131,6,24,15,0,19385,10,242
15661,06/10/2020T18:10:00 ,136923,66,130,6,24,15,0,19386,10,241
15662,06/10/2020T18:20:00 ,136923,66,130,6,24,15,0,19386,10,241
15663,06/10/2020T18:30:00 ,136923,66,130,6,24,15,0,19386,10,241
15664,06/10/2020T18:40:00 ,136923,66,130,6,24,15,0,19386,10,241
15665,06/10/2020T18:50:00 ,136923,65,128,7,24,15,0,19388,10,239
15666,06/10/2020T19:00:00 ,136923,65,128,7,24,15,0,19388,10,239
15667,06/10/2020T19:10:00 ,136922,66,128,7,24,15,0,19388,10,240
15668,06/10/2020T19:20:00 ,136922,66,128,7,24,15,0,19388,10,240
15669,06/10/2020T19:30:00 ,136922,66,128,7,24,15,0,19388,10,240
15670,06/10/2020T19:40:00 ,136922,66,128,7,24,15,0,19388,10,240
15671,06/10/2020T19:50:00 ,136922,66,128,7,24,15,0,19388,10,240
15672,06/10/2020T20:00:00 ,136922,66,128,6,25,15,0,19388,10,240
15673,06/10/2020T20:10:00 ,136922,66,128,6,24,15,0,19389,10,239
15674,06/10/2020T20:20:00 ,136922,66,128,6,24,15,0,19389,10,239
15675,06/10/2020T20:30:00 ,136922,66,128,6,24,15,0,19389,10,239
15676,06/10/2020T20:40:00 ,136922,66,127,6,24,15,0,19390,10,238
15677,06/10/2020T20:50:00 ,136922,65,128,6,24,15,0,19390,10,238
15678,06/10/2020T21:00:00 ,136922,65,127,6,24,15,0,19391,10,237
15679,06/10/2020T21:10:00 ,136922,65,127,6,24,15,0,19391,10,237
15680,06/10/2020T21:20:00 ,136922,65,127,6,24,15,0,19391,10,237
15681,06/10/2020T21:30:00 ,136922,65,127,6,24,14,0,19392,10,236
15682,06/10/2020T21:40:00 ,136922,65,127,6,24,14,0,19392,10,236
15683,06/10/2020T21:50:00 ,136922,65,127,6,24,14,0,19392,10,236
15684,06/10/2020T22:00:00 ,136922,65,126,6,24,14,0,19393,10,235
15685,06/10/2020T22:10:00 ,136922,65,126,6,24,14,0,19393,10,235
15686,06/10/2020T22:20:00 ,136922,65,126,6,24,14,0,19393,10,235
15687,06/10/2020T22:30:00 ,136922,65,126,6,24,14,0,19393,10,235
15688,06/10/2020T22:40:00 ,136922,65,126,6,24,14,0,19393,10,235
15689,06/10/2020T22:50:00 ,136922,65,126,6,24,14,0,19393,10,235
15690,06/10/2020T23:00:00 ,136922,64,126,7,24,14,0,19393,10,235
15691,06/10/2020T23:10:00 ,136922,64,126,7,24,14,0,19393,10,235
15692,06/10/2020T23:20:00 ,136922,64,126,7,24,14,0,19393,10,235
15693,06/10/2020T23:30:00 ,136922,64,124,7,24,14,0,19395,10,233
15694,06/10/2020T23:40:00 ,136922,63,124,8,24,14,0,19395,10,233
15695,06/10/2020T23:50:00 ,136922,63,124,8,24,14,0,19395,10,233
15696,06/11/2020T00:00:00 ,136922,63,124,8,24,14,0,19395,10,233
15697,06/11/2020T00:10:00 ,136922,63,124,8,24,14,0,19395,10,233
15698,06/11/2020T00:20:00 ,136922,63,124,8,24,14,0,19395,10,233
15699,06/11/2020T00:30:00 ,136922,63,124,8,24,14,0,19395,10,233
15700,06/11/2020T00:40:00 ,136922,63,124,8,23,14,0,19396,10,232
15701,06/11/2020T00:50:00 ,136922,63,124,8,23,14,0,19396,10,232
15702,06/11/2020T01:00:00 ,136922,63,124,8,23,14,0,19396,10,232
15703,06/11/2020T01:10:00 ,136922,63,123,8,23,14,0,19397,10,231
15704,06/11/2020T01:20:00 ,136922,63,123,8,23,14,0,19397,10,231
15705,06/11/2020T01:30:00 ,136922,63,123,8,23,14,0,19397,10,231
15706,06/11/2020T01:40:00 ,136922,63,122,8,23,14,0,19398,10,230
15707,06/11/2020T01:50:00 ,136922,63,122,8,23,14,0,19398,10,230
15708,06/11/2020T02:00:00 ,136922,63,122,8,23,14,0,19398,10,230
15709,06/11/2020T02:10:00 ,136922,63,122,8,23,14,0,19398,10,230
15710,06/11/2020T02:20:00 ,136922,63,122,7,24,14,0,19398,10,230
15711,06/11/2020T02:30:00 ,136922,63,121,7,24,14,0,19399,10,229
15712,06/11/2020T02:40:00 ,136922,63,121,7,24,14,0,19399,10,229
15713,06/11/2020T02:50:00 ,136922,62,122,7,24,14,0,19399,10,229
15714,06/11/2020T03:00:00 ,136922,62,122,7,24,14,0,19399,10,229
15715,06/11/2020T03:10:00 ,136922,62,122,7,24,14,0,19399,10,229
15716,06/11/2020T03:20:00 ,136922,62,122,7,24,14,0,19399,10,229
15717,06/11/2020T03:30:00 ,136922,62,122,7,24,14,0,19399,10,229
15718,06/11/2020T03:40:00 ,136922,61,123,7,24,14,0,19399,10,229
15719,06/11/2020T03:50:00 ,136922,61,123,7,23,15,0,19399,10,229
15720,06/11/2020T04:00:00 ,136922,61,123,7,23,15,0,19399,10,229
15721,06/11/2020T04:10:00 ,136922,61,123,7,23,15,0,19399,10,229
15722,06/11/2020T04:20:00 ,136922,61,123,7,23,14,0,19400,10,228
15723,06/11/2020T04:30:00 ,136922,61,123,7,23,14,0,19400,10,228
15724,06/11/2020T04:40:00 ,136922,61,123,7,23,14,0,19400,10,228
15725,06/11/2020T04:50:00 ,136922,61,122,7,23,14,0,19401,10,227
15726,06/11/2020T05:00:00 ,136922,61,122,7,23,14,0,19401,10,227
15727,06/11/2020T05:10:00 ,136922,61,122,7,23,14,0,19401,10,227
15728,06/11/2020T05:20:00 ,136922,61,122,7,23,14,0,19401,10,227
15729,06/11/2020T05:30:00 ,136922,61,122,7,23,14,0,19401,10,227
15730,06/11/2020T05:40:00 ,136922,61,121,7,23,14,0,19402,10,226
15731,06/11/2020T05:50:00 ,136922,60,121,7,23,14,0,19403,10,225
15732,06/11/2020T06:00:00 ,136922,60,121,7,23,14,0,19403,10,225
15733,06/11/2020T06:10:00 ,136922,60,121,7,23,14,0,19403,10,225
15734,06/11/2020T06:20:00 ,136922,60,121,7,23,14,0,19403,10,225
15735,06/11/2020T06:30:00 ,136922,60,120,7,23,14,0,19404,10,224
15736,06/11/2020T06:40:00 ,136922,60,119,7,23,14,0,19405,10,223
15737,06/11/2020T06:50:00 ,136922,60,117,7,23,14,0,19407,10,221
15738,06/11/2020T07:00:00 ,136922,60,117,7,23,14,0,19407,10,221
15739,06/11/2020T07:10:00 ,136922,60,117,7,23,14,0,19407,10,221
15740,06/11/2020T07:20:00 ,136922,59,117,7,23,14,0,19408,10,220
15741,06/11/2020T07:30:00 ,136922,59,117,7,22,14,0,19409,10,219
15742,06/11/2020T07:40:00 ,136922,59,117,7,22,14,0,19409,10,219
15743,06/11/2020T07:50:00 ,136922,59,117,7,22,14,0,19409,10,219
15744,06/11/2020T08:00:00 ,136921,60,117,7,21,14,0,19410,10,219
15745,06/11/2020T08:10:00 ,136920,61,116,7,21,14,0,19411,10,219
15746,06/11/2020T08:20:00 ,136920,61,116,7,21,14,0,19411,10,219
15747,06/11/2020T08:30:00 ,136920,61,116,7,21,14,0,19411,10,219
15748,06/11/2020T08:40:00 ,136920,61,116,7,21,14,0,19411,10,219
15749,06/11/2020T08:50:00 ,136920,61,116,7,21,14,0,19411,10,219
15750,06/11/2020T09:00:00 ,136920,60,114,8,21,14,0,19413,10,217
15751,06/11/2020T09:10:00 ,136920,59,115,8,21,14,0,19413,10,217
15752,06/11/2020T09:20:00 ,136920,59,115,8,21,14,0,19413,10,217
15753,06/11/2020T09:30:00 ,136920,58,116,8,21,14,0,19413,10,217
15754,06/11/2020T09:40:00 ,136920,58,116,8,21,14,0,19413,10,217
15755,06/11/2020T09:50:00 ,136920,57,116,8,20,14,0,19415,10,215
15756,06/11/2020T10:00:00 ,136920,57,115,8,19,14,0,19417,10,213
15757,06/11/2020T10:10:00 ,136920,57,115,8,19,14,0,19417,10,213
15758,06/11/2020T10:20:00 ,136920,57,115,8,19,14,0,19417,10,213
15759,06/11/2020T10:30:00 ,136919,58,115,8,19,14,0,19417,10,214
15760,06/11/2020T10:40:00 ,136919,58,115,8,19,14,0,19417,10,214
15761,06/11/2020T10:50:00 ,136919,58,115,8,19,14,0,19417,10,214
15762,06/11/2020T11:00:00 ,136919,58,115,8,19,14,0,19417,10,214
15763,06/11/2020T11:10:00 ,136919,58,115,8,19,14,0,19417,10,214
15764,06/11/2020T11:20:00 ,136919,58,115,8,19,14,0,19417,10,214
15765,06/11/2020T11:30:00 ,136919,58,115,8,19,14,0,19417,10,214
15766,06/11/2020T11:40:00 ,136919,58,114,8,19,14,0,19418,10,213
15767,06/11/2020T11:50:00 ,136919,58,114,8,19,14,0,19418,10,213
15768,06/11/2020T12:00:00 ,136919,58,114,8,19,14,0,19418,10,213
15769,06/11/2020T12:10:00 ,136919,58,114,8,19,14,0,19418,10,213
15770,06/11/2020T12:20:00 ,136919,56,116,8,19,14,0,19418,10,213
15771,06/11/2020T12:30:00 ,136919,56,116,8,19,14,0,19418,10,213
15772,06/11/2020T12:40:00 ,136918,57,116,8,19,14,0,19418,10,214
15773,06/11/2020T12:50:00 ,136917,58,116,8,19,14,0,19418,10,215
15774,06/11/2020T13:00:00 ,136917,58,116,8,19,14,0,19418,10,215
15775,06/11/2020T13:10:00 ,136917,58,116,8,19,14,0,19418,10,215
15776,06/11/2020T13:20:00 ,136917,58,116,8,19,14,0,19418,10,215
15777,06/11/2020T13:30:00 ,136917,58,116,8,19,14,0,19418,10,215
15778,06/11/2020T13:40:00 ,136917,58,116,8,19,14,0,19418,10,215
15779,06/11/2020T13:50:00 ,136917,58,116,8,19,14,0,19418,10,215
15780,06/11/2020T14:00:00 ,136917,58,116,8,19,14,0,19418,10,215
15781,06/11/2020T14:10:00 ,136917,58,116,8,19,14,0,19418,10,215
15782,06/11/2020T14:20:00 ,136916,59,116,8,19,14,0,19418,10,216
15783,06/11/2020T14:30:00 ,136916,59,116,8,19,14,0,19418,10,216
15784,06/11/2020T14:40:00 ,136916,59,116,8,19,14,0,19418,10,216
15785,06/11/2020T14:50:00 ,136915,60,115,8,19,14,0,19419,10,216
15786,06/11/2020T15:00:00 ,136915,60,114,8,19,14,0,19420,10,215
15787,06/11/2020T15:10:00 ,136915,60,114,8,19,14,0,19420,10,215
15788,06/11/2020T15:20:00 ,136915,60,112,8,19,14,0,19422,10,213
15789,06/11/2020T15:30:00 ,136915,60,112,8,19,14,0,19422,10,213
15790,06/11/2020T15:40:00 ,136915,60,110,8,19,14,0,19424,10,211
15791,06/11/2020T15:50:00 ,136915,60,109,8,19,14,0,19425,10,210
15792,06/11/2020T16:00:00 ,136915,60,109,8,19,14,0,19425,10,210
15793,06/11/2020T16:10:00 ,136915,60,109,7,20,14,0,19425,10,210
15794,06/11/2020T16:20:00 ,136915,60,109,7,20,14,0,19425,10,210
15795,06/11/2020T16:30:00 ,136915,60,109,7,20,14,0,19425,10,210
15796,06/11/2020T16:40:00 ,136915,59,110,7,20,14,0,19425,10,210
15797,06/11/2020T16:50:00 ,136915,59,110,7,20,14,0,19425,10,210
15798,06/11/2020T17:00:00 ,136914,60,110,7,20,14,0,19425,10,211
15799,06/11/2020T17:10:00 ,136914,60,110,7,20,14,0,19425,10,211
15800,06/11/2020T17:20:00 ,136914,60,110,7,20,14,0,19425,10,211
15801,06/11/2020T17:30:00 ,136914,59,111,7,20,14,0,19425,10,211
15802,06/11/2020T17:40:00 ,136914,59,111,7,20,14,0,19425,10,211
15803,06/11/2020T17:50:00 ,136914,59,111,7,20,14,0,19425,10,211
15804,06/11/2020T18:00:00 ,136914,59,111,7,20,14,0,19425,10,211
15805,06/11/2020T18:10:00 ,136914,59,110,7,20,14,0,19426,10,210
15806,06/11/2020T18:20:00 ,136914,59,110,7,20,14,0,19426,10,210
15807,06/11/2020T18:30:00 ,136914,59,110,7,20,14,0,19426,10,210
15808,06/11/2020T18:40:00 ,136914,59,110,7,20,14,0,19426,10,210
15809,06/11/2020T18:50:00 ,136914,59,110,7,20,14,0,19426,10,210
15810,06/11/2020T19:00:00 ,136914,59,110,7,20,14,0,19426,10,210
15811,06/11/2020T19:10:00 ,136914,59,110,7,20,14,0,19426,10,210
15812,06/11/2020T19:20:00 ,136914,58,111,7,19,14,0,19427,10,209
15813,06/11/2020T19:30:00 ,136914,57,112,7,18,14,0,19428,10,208
15814,06/11/2020T19:40:00 ,136914,57,111,7,18,14,0,19429,10,207
15815,06/11/2020T19:50:00 ,136914,57,110,7,18,14,0,19430,10,206
15816,06/11/2020T20:00:00 ,136913,58,110,7,18,14,0,19430,10,207
15817,06/11/2020T20:10:00 ,136913,58,110,7,18,14,0,19430,10,207
15818,06/11/2020T20:20:00 ,136913,58,110,7,18,14,0,19430,10,207
15819,06/11/2020T20:30:00 ,136913,58,110,7,18,14,0,19430,10,207
15820,06/11/2020T20:40:00 ,136913,57,111,6,19,14,0,19430,10,207
15821,06/11/2020T20:50:00 ,136913,57,109,5,20,14,0,19432,10,205
15822,06/11/2020T21:00:00 ,136913,57,109,5,20,14,0,19432,10,205
15823,06/11/2020T21:10:00 ,136913,57,109,5,20,14,0,19432,10,205
15824,06/11/2020T21:20:00 ,136913,57,109,5,20,14,0,19432,10,205
15825,06/11/2020T21:30:00 ,136913,57,109,5,20,14,0,19432,10,205
15826,06/11/2020T21:40:00 ,136913,57,109,5,19,14,0,19433,10,204
15827,06/11/2020T21:50:00 ,136913,57,109,5,19,14,0,19433,10,204
15828,06/11/2020T22:00:00 ,136912,58,109,5,19,14,0,19433,10,205
15829,06/11/2020T22:10:00 ,136912,58,109,5,19,14,0,19433,10,205
15830,06/11/2020T22:20:00 ,136912,58,109,5,19,14,0,19433,10,205
15831,06/11/2020T22:30:00 ,136912,58,108,5,18,14,0,19435,10,203
15832,06/11/2020T22:40:00 ,136912,57,109,5,18,14,0,19435,10,203
15833,06/11/2020T22:50:00 ,136912,57,109,5,18,14,0,19435,10,203
15834,06/11/2020T23:00:00 ,136912,57,109,5,18,14,0,19435,10,203
15835,06/11/2020T23:10:00 ,136912,57,108,5,18,14,0,19436,10,202
15836,06/11/2020T23:20:00 ,136912,57,108,5,18,14,0,19436,10,202
15837,06/11/2020T23:30:00 ,136912,57,107,5,18,14,0,19437,10,201
15838,06/11/2020T23:40:00 ,136912,57,107,5,18,14,0,19437,10,201
15839,06/11/2020T23:50:00 ,136912,56,108,5,18,14,0,19437,10,201
15840,06/12/2020T00:00:00 ,136912,55,108,6,18,14,0,19437,10,201
15841,06/12/2020T00:10:00 ,136912,55,108,6,18,14,0,19437,10,201
15842,06/12/2020T00:20:00 ,136912,55,108,6,18,14,0,19437,10,201
15843,06/12/2020T00:30:00 ,136912,55,108,6,18,14,0,19437,10,201
15844,06/12/2020T00:40:00 ,136912,55,108,6,18,14,0,19437,10,201
15845,06/12/2020T00:50:00 ,136912,55,108,6,18,14,0,19437,10,201
15846,06/12/2020T01:00:00 ,136912,55,107,6,18,14,0,19438,10,200
15847,06/12/2020T01:10:00 ,136912,55,107,6,18,14,0,19438,10,200
15848,06/12/2020T01:20:00 ,136912,55,106,6,18,14,0,19439,10,199
15849,06/12/2020T01:30:00 ,136912,55,106,6,18,14,0,19439,10,199
15850,06/12/2020T01:40:00 ,136912,54,106,7,18,14,0,19439,10,199
15851,06/12/2020T01:50:00 ,136912,53,107,7,18,14,0,19439,10,199
15852,06/12/2020T02:00:00 ,136912,52,108,7,18,14,0,19439,10,199
15853,06/12/2020T02:10:00 ,136912,52,108,7,18,14,0,19439,10,199
15854,06/12/2020T02:20:00 ,136912,52,108,7,18,14,0,19439,10,199
15855,06/12/2020T02:30:00 ,136912,52,108,7,18,14,0,19439,10,199
15856,06/12/2020T02:40:00 ,136912,52,107,7,18,14,0,19440,10,198
15857,06/12/2020T02:50:00 ,136912,52,107,7,18,14,0,19440,10,198
15858,06/12/2020T03:00:00 ,136912,52,107,7,18,14,0,19440,10,198
15859,06/12/2020T03:10:00 ,136912,52,107,7,18,14,0,19440,10,198
15860,06/12/2020T03:20:00 ,136912,51,107,8,18,14,0,19440,10,198
15861,06/12/2020T03:30:00 ,136912,51,107,8,18,14,0,19440,10,198
15862,06/12/2020T03:40:00 ,136912,51,106,8,18,14,0,19441,10,197
15863,06/12/2020T03:50:00 ,136912,51,106,8,18,14,0,19441,10,197
15864,06/12/2020T04:00:00 ,136911,52,106,8,18,14,0,19441,10,198
15865,06/12/2020T04:10:00 ,136911,51,107,8,18,14,0,19441,10,198
15866,06/12/2020T04:20:00 ,136911,50,108,8,18,14,0,19441,10,198
15867,06/12/2020T04:30:00 ,136911,50,108,8,18,14,0,19441,10,198
15868,06/12/2020T04:40:00 ,136911,50,108,8,18,14,0,19441,10,198
15869,06/12/2020T04:50:00 ,136911,50,108,8,18,14,0,19441,10,198
15870,06/12/2020T05:00:00 ,136911,50,105,8,18,14,0,19444,10,195
15871,06/12/2020T05:10:00 ,136911,49,106,8,18,14,0,19444,10,195
15872,06/12/2020T05:20:00 ,136911,49,106,8,18,14,0,19444,10,195
15873,06/12/2020T05:30:00 ,136911,49,105,8,18,14,0,19445,10,194
15874,06/12/2020T05:40:00 ,136911,49,104,8,18,14,0,19446,10,193
15875,06/12/2020T05:50:00 ,136911,49,103,8,18,14,0,19447,10,192
15876,06/12/2020T06:00:00 ,136911,49,103,8,18,14,0,19447,10,192
15877,06/12/2020T06:10:00 ,136911,48,104,8,18,14,0,19447,10,192
15878,06/12/2020T06:20:00 ,136911,48,104,8,18,14,0,19447,10,192
15879,06/12/2020T06:30:00 ,136911,46,106,8,18,14,0,19447,10,192
15880,06/12/2020T06:40:00 ,136911,46,105,8,18,14,0,19448,10,191
15881,06/12/2020T06:50:00 ,136911,46,105,8,18,14,0,19448,10,191
15882,06/12/2020T07:00:00 ,136911,46,105,8,18,14,0,19448,10,191
15883,06/12/2020T07:10:00 ,136910,47,105,8,18,14,0,19448,10,192
15884,06/12/2020T07:20:00 ,136910,46,105,8,18,14,0,19449,10,191
15885,06/12/2020T07:30:00 ,136910,46,105,8,18,14,0,19449,10,191
15886,06/12/2020T07:40:00 ,136910,46,105,8,18,14,0,19449,10,191
15887,06/12/2020T07:50:00 ,136910,46,105,8,18,14,0,19449,10,191
15888,06/12/2020T08:00:00 ,136910,46,105,8,18,14,0,19449,10,191
15889,06/12/2020T08:10:00 ,136910,46,105,8,18,14,0,19449,10,191
15890,06/12/2020T08:20:00 ,136910,46,105,8,18,14,0,19449,10,191
15891,06/12/2020T08:30:00 ,136910,46,105,8,18,14,0,19449,10,191
15892,06/12/2020T08:40:00 ,136909,47,105,7,19,14,0,19449,10,192
15893,06/12/2020T08:50:00 ,136909,47,105,7,19,14,0,19449,10,192
15894,06/12/2020T09:00:00 ,136909,46,105,7,19,14,0,19450,10,191
15895,06/12/2020T09:10:00 ,136909,46,105,7,19,13,0,19451,10,190
15896,06/12/2020T09:20:00 ,136909,46,105,7,19,12,0,19452,10,189
15897,06/12/2020T09:30:00 ,136908,47,105,7,19,11,0,19453,10,189
15898,06/12/2020T09:40:00 ,136907,48,105,7,19,11,0,19453,10,190
15899,06/12/2020T09:50:00 ,136906,49,105,7,19,11,0,19453,10,191
15900,06/12/2020T10:00:00 ,136906,49,105,7,19,11,0,19453,10,191
15901,06/12/2020T10:10:00 ,136906,49,104,7,19,11,0,19454,10,190
15902,06/12/2020T10:20:00 ,136906,49,104,7,19,11,0,19454,10,190
15903,06/12/2020T10:30:00 ,136905,49,105,7,19,11,0,19454,10,191
15904,06/12/2020T10:40:00 ,136905,49,105,7,19,11,0,19454,10,191
15905,06/12/2020T10:50:00 ,136904,50,105,7,19,11,0,19454,10,192
15906,06/12/2020T11:00:00 ,136904,50,104,7,19,11,0,19455,10,191
15907,06/12/2020T11:10:00 ,136904,50,104,7,19,11,0,19455,10,191
15908,06/12/2020T11:20:00 ,136903,51,103,7,19,11,0,19456,10,191
15909,06/12/2020T11:30:00 ,136903,51,103,7,19,11,0,19456,10,191
15910,06/12/2020T11:40:00 ,136902,52,103,7,19,11,0,19456,10,192
15911,06/12/2020T11:50:00 ,136902,52,103,7,19,11,0,19456,10,192
15912,06/12/2020T12:00:00 ,136902,52,103,7,19,11,0,19456,10,192
15913,06/12/2020T12:10:00 ,136902,52,102,7,19,11,0,19457,10,191
15914,06/12/2020T12:20:00 ,136902,52,102,7,19,11,0,19457,10,191
15915,06/12/2020T12:30:00 ,136900,54,102,7,19,11,0,19457,10,193
15916,06/12/2020T12:40:00 ,136900,54,102,7,19,11,0,19457,10,193
15917,06/12/2020T12:50:00 ,136900,54,102,7,19,11,0,19457,10,193
15918,06/12/2020T13:00:00 ,136900,54,102,7,19,11,0,19457,10,193
15919,06/12/2020T13:10:00 ,136900,54,102,7,18,12,0,19457,10,193
15920,06/12/2020T13:20:00 ,136900,54,101,7,18,12,0,19458,10,192
15921,06/12/2020T13:30:00 ,136900,54,101,7,18,12,0,19458,10,192
15922,06/12/2020T13:40:00 ,136899,55,101,7,18,12,0,19458,10,193
15923,06/12/2020T13:50:00 ,136899,55,101,7,18,12,0,19458,10,193
15924,06/12/2020T14:00:00 ,136899,55,101,7,18,12,0,19458,10,193
15925,06/12/2020T14:10:00 ,136897,57,101,7,18,12,0,19458,10,195
15926,06/12/2020T14:20:00 ,136897,57,101,7,18,12,0,19458,10,195
15927,06/12/2020T14:30:00 ,136897,57,101,7,17,12,0,19459,10,194
15928,06/12/2020T14:40:00 ,136897,56,101,8,17,12,0,19459,10,194
15929,06/12/2020T14:50:00 ,136897,55,102,8,17,12,0,19459,10,194
15930,06/12/2020T15:00:00 ,136897,55,102,8,17,12,0,19459,10,194
15931,06/12/2020T15:10:00 ,136897,55,102,8,17,12,0,19459,10,194
15932,06/12/2020T15:20:00 ,136897,55,102,8,17,12,0,19459,10,194
15933,06/12/2020T15:30:00 ,136897,54,103,8,17,12,0,19459,10,194
15934,06/12/2020T15:40:00 ,136897,54,103,8,17,12,0,19459,10,194
15935,06/12/2020T15:50:00 ,136897,54,103,8,17,12,0,19459,10,194
15936,06/12/2020T16:00:00 ,136897,54,103,8,17,12,0,19459,10,194
15937,06/12/2020T16:10:00 ,136897,54,103,8,17,12,0,19459,10,194
15938,06/12/2020T16:20:00 ,136897,54,103,8,17,12,0,19459,10,194
15939,06/12/2020T16:30:00 ,136897,54,103,8,17,12,0,19459,10,194
15940,06/12/2020T16:40:00 ,136897,54,103,8,17,12,0,19459,10,194
15941,06/12/2020T16:50:00 ,136897,54,103,8,17,12,0,19459,10,194
15942,06/12/2020T17:00:00 ,136897,54,102,8,17,12,0,19460,10,193
15943,06/12/2020T17:10:00 ,136897,54,102,8,17,12,0,19460,10,193
15944,06/12/2020T17:20:00 ,136897,54,102,8,17,12,0,19460,10,193
15945,06/12/2020T17:30:00 ,136897,54,102,8,17,12,0,19460,10,193
15946,06/12/2020T17:40:00 ,136897,53,103,8,17,12,0,19460,10,193
15947,06/12/2020T17:50:00 ,136897,53,103,8,17,12,0,19460,10,193
15948,06/12/2020T18:00:00 ,136897,53,103,8,17,12,0,19460,10,193
15949,06/12/2020T18:10:00 ,136897,53,103,8,17,12,0,19460,10,193
15950,06/12/2020T18:20:00 ,136897,53,103,8,17,12,0,19460,10,193
15951,06/12/2020T18:30:00 ,136897,53,103,8,17,12,0,19460,10,193
15952,06/12/2020T18:40:00 ,136897,53,103,8,17,12,0,19460,10,193
15953,06/12/2020T18:50:00 ,136897,53,103,8,17,12,0,19460,10,193
15954,06/12/2020T19:00:00 ,136897,53,103,8,17,12,0,19460,10,193
15955,06/12/2020T19:10:00 ,136897,53,101,8,17,12,0,19462,10,191
15956,06/12/2020T19:20:00 ,136897,52,102,8,17,12,0,19462,10,191
15957,06/12/2020T19:30:00 ,136897,52,102,8,17,12,0,19462,10,191
15958,06/12/2020T19:40:00 ,136897,52,102,8,17,12,0,19462,10,191
15959,06/12/2020T19:50:00 ,136897,52,102,8,17,12,0,19462,10,191
15960,06/12/2020T20:00:00 ,136897,52,100,8,17,12,0,19464,10,189
15961,06/12/2020T20:10:00 ,136897,52,100,8,17,12,0,19464,10,189
15962,06/12/2020T20:20:00 ,136897,51,101,8,17,12,0,19464,10,189
15963,06/12/2020T20:30:00 ,136897,51,100,8,17,12,0,19465,10,188
15964,06/12/2020T20:40:00 ,136897,51,100,8,17,12,0,19465,10,188
15965,06/12/2020T20:50:00 ,136897,50,100,9,17,11,0,19466,10,187
15966,06/12/2020T21:00:00 ,136897,50,99,9,17,11,0,19467,10,186
15967,06/12/2020T21:10:00 ,136897,50,99,9,17,11,0,19467,10,186
15968,06/12/2020T21:20:00 ,136897,50,99,9,17,11,0,19467,10,186
15969,06/12/2020T21:30:00 ,136897,50,99,9,17,11,0,19467,10,186
15970,06/12/2020T21:40:00 ,136897,49,100,9,17,11,0,19467,10,186
15971,06/12/2020T21:50:00 ,136897,49,100,9,17,11,0,19467,10,186
15972,06/12/2020T22:00:00 ,136897,49,100,9,17,11,0,19467,10,186
15973,06/12/2020T22:10:00 ,136897,49,100,8,17,11,0,19468,10,185
15974,06/12/2020T22:20:00 ,136897,49,99,8,17,11,0,19469,10,184
15975,06/12/2020T22:30:00 ,136897,49,98,8,17,11,0,19470,10,183
15976,06/12/2020T22:40:00 ,136897,49,98,8,17,11,0,19470,10,183
15977,06/12/2020T22:50:00 ,136897,49,98,8,17,11,0,19470,10,183
15978,06/12/2020T23:00:00 ,136897,49,98,8,17,11,0,19470,10,183
15979,06/12/2020T23:10:00 ,136897,49,98,8,17,11,0,19470,10,183
15980,06/12/2020T23:20:00 ,136897,49,98,8,17,11,0,19470,10,183
15981,06/12/2020T23:30:00 ,136897,49,98,8,17,11,0,19470,10,183
15982,06/12/2020T23:40:00 ,136897,49,98,8,17,11,0,19470,10,183
15983,06/12/2020T23:50:00 ,136897,49,98,8,17,11,0,19470,10,183
15984,06/13/2020T00:00:00 ,136897,49,98,8,17,11,0,19470,10,183
15985,06/13/2020T00:10:00 ,136897,49,98,8,17,11,0,19470,10,183
15986,06/13/2020T00:20:00 ,136897,49,98,8,17,11,0,19470,10,183
15987,06/13/2020T00:30:00 ,136897,49,98,7,18,11,0,19470,10,183
15988,06/13/2020T00:40:00 ,136897,49,98,7,18,11,0,19470,10,183
15989,06/13/2020T00:50:00 ,136897,49,98,7,18,11,0,19470,10,183
15990,06/13/2020T01:00:00 ,136897,49,98,7,18,11,0,19470,10,183
15991,06/13/2020T01:10:00 ,136897,49,98,7,18,11,0,19470,10,183
15992,06/13/2020T01:20:00 ,136896,50,98,7,18,11,0,19470,10,184
15993,06/13/2020T01:30:00 ,136896,50,98,7,18,11,0,19470,10,184
15994,06/13/2020T01:40:00 ,136896,49,99,7,18,11,0,19470,10,184
15995,06/13/2020T01:50:00 ,136896,49,99,7,18,11,0,19470,10,184
15996,06/13/2020T02:00:00 ,136896,49,99,7,18,11,0,19470,10,184
15997,06/13/2020T02:10:00 ,136895,50,99,7,18,11,0,19470,10,185
15998,06/13/2020T02:20:00 ,136895,50,99,7,18,11,0,19470,10,185
15999,06/13/2020T02:30:00 ,136895,50,98,7,18,11,0,19471,10,184
16000,06/13/2020T02:40:00 ,136895,50,98,7,18,11,0,19471,10,184
16001,06/13/2020T02:50:00 ,136895,50,98,7,18,11,0,19471,10,184
16002,06/13/2020T03:00:00 ,136895,50,98,7,18,11,0,19471,10,184
16003,06/13/2020T03:10:00 ,136895,50,98,7,18,11,0,19471,10,184
16004,06/13/2020T03:20:00 ,136894,51,98,7,18,11,0,19471,10,185
16005,06/13/2020T03:30:00 ,136894,51,98,7,18,11,0,19471,10,185
16006,06/13/2020T03:40:00 ,136894,51,98,7,18,11,0,19471,10,185
16007,06/13/2020T03:50:00 ,136894,51,98,7,18,11,0,19471,10,185
16008,06/13/2020T04:00:00 ,136894,51,98,7,18,11,0,19471,10,185
16009,06/13/2020T04:10:00 ,136894,51,98,7,18,11,0,19471,10,185
16010,06/13/2020T04:20:00 ,136894,51,97,7,18,11,0,19472,10,184
16011,06/13/2020T04:30:00 ,136894,51,96,7,18,11,0,19473,10,183
16012,06/13/2020T04:40:00 ,136894,51,96,7,18,11,0,19473,10,183
16013,06/13/2020T04:50:00 ,136894,51,96,7,18,11,0,19473,10,183
16014,06/13/2020T05:00:00 ,136894,50,97,7,18,11,0,19473,10,183
16015,06/13/2020T05:10:00 ,136894,50,96,7,18,11,0,19474,10,182
16016,06/13/2020T05:20:00 ,136894,50,96,7,18,11,0,19474,10,182
16017,06/13/2020T05:30:00 ,136894,50,96,7,18,11,0,19474,10,182
16018,06/13/2020T05:40:00 ,136893,51,96,7,18,11,0,19474,10,183
16019,06/13/2020T05:50:00 ,136893,51,96,7,18,11,0,19474,10,183
16020,06/13/2020T06:00:00 ,136893,50,97,7,18,11,0,19474,10,183
16021,06/13/2020T06:10:00 ,136893,49,98,7,18,11,0,19474,10,183
16022,06/13/2020T06:20:00 ,136893,49,97,7,18,11,0,19475,10,182
16023,06/13/2020T06:30:00 ,136893,49,97,7,18,11,0,19475,10,182
16024,06/13/2020T06:40:00 ,136893,48,98,7,18,11,0,19475,10,182
16025,06/13/2020T06:50:00 ,136893,48,98,7,18,11,0,19475,10,182
16026,06/13/2020T07:00:00 ,136893,48,98,7,18,11,0,19475,10,182
16027,06/13/2020T07:10:00 ,136893,48,98,7,18,11,0,19475,10,182
16028,06/13/2020T07:20:00 ,136893,48,97,7,18,11,0,19476,10,181
16029,06/13/2020T07:30:00 ,136893,48,97,7,17,11,0,19477,10,180
16030,06/13/2020T07:40:00 ,136893,48,97,7,17,11,0,19477,10,180
16031,06/13/2020T07:50:00 ,136893,48,97,7,17,11,0,19477,10,180
16032,06/13/2020T08:00:00 ,136893,47,97,8,17,11,0,19477,10,180
16033,06/13/2020T08:10:00 ,136893,47,97,8,17,10,0,19478,10,179
16034,06/13/2020T08:20:00 ,136893,47,97,8,17,10,0,19478,10,179
16035,06/13/2020T08:30:00 ,136893,47,97,8,17,10,0,19478,10,179
16036,06/13/2020T08:40:00 ,136892,48,97,8,17,10,0,19478,10,180
16037,06/13/2020T08:50:00 ,136891,49,97,8,17,10,0,19478,10,181
16038,06/13/2020T09:00:00 ,136891,49,97,8,17,10,0,19478,10,181
16039,06/13/2020T09:10:00 ,136891,48,98,8,17,10,0,19478,10,181
16040,06/13/2020T09:20:00 ,136891,48,98,8,17,10,0,19478,10,181
16041,06/13/2020T09:30:00 ,136891,48,98,8,17,10,0,19478,10,181
16042,06/13/2020T09:40:00 ,136891,48,98,8,17,10,0,19478,10,181
16043,06/13/2020T09:50:00 ,136890,48,98,9,17,10,0,19478,10,182
16044,06/13/2020T10:00:00 ,136889,49,97,9,17,10,0,19479,10,182
16045,06/13/2020T10:10:00 ,136889,49,97,9,16,10,0,19480,10,181
16046,06/13/2020T10:20:00 ,136888,50,97,9,16,10,0,19480,10,182
16047,06/13/2020T10:30:00 ,136888,50,97,9,16,10,0,19480,10,182
16048,06/13/2020T10:40:00 ,136887,51,97,9,16,10,0,19480,10,183
16049,06/13/2020T10:50:00 ,136885,52,98,9,16,10,0,19480,10,185
16050,06/13/2020T11:00:00 ,136884,53,98,9,16,10,0,19480,10,186
16051,06/13/2020T11:10:00 ,136884,53,97,9,16,10,0,19481,10,185
16052,06/13/2020T11:20:00 ,136884,53,97,9,15,10,0,19482,10,184
16053,06/13/2020T11:30:00 ,136884,53,97,9,14,10,0,19483,10,183
16054,06/13/2020T11:40:00 ,136884,53,96,9,14,10,0,19484,10,182
16055,06/13/2020T11:50:00 ,136884,53,96,9,14,10,0,19484,10,182
16056,06/13/2020T12:00:00 ,136884,52,96,10,14,10,0,19484,10,182
16057,06/13/2020T12:10:00 ,136884,52,96,10,14,10,0,19484,10,182
16058,06/13/2020T12:20:00 ,136884,52,96,10,14,10,0,19484,10,182
16059,06/13/2020T12:30:00 ,136884,52,96,10,14,10,0,19484,10,182
16060,06/13/2020T12:40:00 ,136883,53,96,10,14,10,0,19484,10,183
16061,06/13/2020T12:50:00 ,136882,53,96,10,14,10,0,19485,10,183
16062,06/13/2020T13:00:00 ,136882,53,96,10,14,10,0,19485,10,183
16063,06/13/2020T13:10:00 ,136882,53,96,10,14,10,0,19485,10,183
16064,06/13/2020T13:20:00 ,136882,52,97,10,14,10,0,19485,10,183
16065,06/13/2020T13:30:00 ,136882,52,97,10,14,10,0,19485,10,183
16066,06/13/2020T13:40:00 ,136882,52,97,10,14,10,0,19485,10,183
16067,06/13/2020T13:50:00 ,136882,51,98,10,14,10,0,19485,10,183
16068,06/13/2020T14:00:00 ,136882,51,98,10,14,10,0,19485,10,183
16069,06/13/2020T14:10:00 ,136881,52,98,10,14,10,0,19485,10,184
16070,06/13/2020T14:20:00 ,136881,52,98,10,14,10,0,19485,10,184
16071,06/13/2020T14:30:00 ,136880,52,98,11,14,10,0,19485,10,185
16072,06/13/2020T14:40:00 ,136880,52,98,11,14,10,0,19485,10,185
16073,06/13/2020T14:50:00 ,136880,52,98,11,14,10,0,19485,10,185
16074,06/13/2020T15:00:00 ,136880,52,98,11,14,10,0,19485,10,185
16075,06/13/2020T15:10:00 ,136880,52,98,11,14,10,0,19485,10,185
16076,06/13/2020T15:20:00 ,136880,52,98,11,14,10,0,19485,10,185
16077,06/13/2020T15:30:00 ,136880,52,97,11,14,10,0,19486,10,184
16078,06/13/2020T15:40:00 ,136880,52,97,11,14,10,0,19486,10,184
16079,06/13/2020T15:50:00 ,136880,52,96,11,14,10,0,19487,10,183
16080,06/13/2020T16:00:00 ,136880,52,95,11,14,10,0,19488,10,182
16081,06/13/2020T16:10:00 ,136880,52,95,11,14,10,0,19488,10,182
16082,06/13/2020T16:20:00 ,136880,52,95,11,13,10,0,19489,10,181
16083,06/13/2020T16:30:00 ,136880,52,95,11,13,10,0,19489,10,181
16084,06/13/2020T16:40:00 ,136880,51,95,11,13,10,0,19490,10,180
16085,06/13/2020T16:50:00 ,136880,51,95,11,13,10,0,19490,10,180
16086,06/13/2020T17:00:00 ,136880,51,95,11,13,10,0,19490,10,180
16087,06/13/2020T17:10:00 ,136880,50,95,12,13,10,0,19490,10,180
16088,06/13/2020T17:20:00 ,136880,50,95,12,13,10,0,19490,10,180
16089,06/13/2020T17:30:00 ,136880,50,95,12,13,10,0,19490,10,180
16090,06/13/2020T17:40:00 ,136880,50,95,12,13,10,0,19490,10,180
16091,06/13/2020T17:50:00 ,136880,50,95,12,13,10,0,19490,10,180
16092,06/13/2020T18:00:00 ,136880,50,95,12,13,10,0,19490,10,180
16093,06/13/2020T18:10:00 ,136880,50,95,12,13,10,0,19490,10,180
16094,06/13/2020T18:20:00 ,136880,49,96,12,13,10,0,19490,10,180
16095,06/13/2020T18:30:00 ,136880,49,96,12,13,10,0,19490,10,180
16096,06/13/2020T18:40:00 ,136880,49,96,12,13,10,0,19490,10,180
16097,06/13/2020T18:50:00 ,136880,49,96,12,13,10,0,19490,10,180
16098,06/13/2020T19:00:00 ,136880,49,96,12,13,10,0,19490,10,180
16099,06/13/2020T19:10:00 ,136880,49,96,12,13,10,0,19490,10,180
16100,06/13/2020T19:20:00 ,136880,49,96,12,13,10,0,19490,10,180
16101,06/13/2020T19:30:00 ,136880,49,96,12,12,10,0,19491,10,179
16102,06/13/2020T19:40:00 ,136879,50,96,12,12,10,0,19491,10,180
16103,06/13/2020T19:50:00 ,136879,50,96,12,11,10,0,19492,10,179
16104,06/13/2020T20:00:00 ,136879,50,96,12,11,10,0,19492,10,179
16105,06/13/2020T20:10:00 ,136879,50,96,12,11,10,0,19492,10,179
16106,06/13/2020T20:20:00 ,136879,50,96,11,12,10,0,19492,10,179
16107,06/13/2020T20:30:00 ,136879,49,97,11,12,10,0,19492,10,179
16108,06/13/2020T20:40:00 ,136879,49,96,11,12,10,0,19493,10,178
16109,06/13/2020T20:50:00 ,136879,48,97,11,12,10,0,19493,10,178
16110,06/13/2020T21:00:00 ,136879,48,97,11,12,10,0,19493,10,178
16111,06/13/2020T21:10:00 ,136879,48,97,11,12,10,0,19493,10,178
16112,06/13/2020T21:20:00 ,136879,48,97,11,12,10,0,19493,10,178
16113,06/13/2020T21:30:00 ,136879,48,97,11,12,10,0,19493,10,178
16114,06/13/2020T21:40:00 ,136879,48,97,11,11,10,0,19494,10,177
16115,06/13/2020T21:50:00 ,136879,48,97,11,11,10,0,19494,10,177
16116,06/13/2020T22:00:00 ,136879,48,97,11,11,10,0,19494,10,177
16117,06/13/2020T22:10:00 ,136879,48,97,11,11,10,0,19494,10,177
16118,06/13/2020T22:20:00 ,136879,48,97,11,11,10,0,19494,10,177
16119,06/13/2020T22:30:00 ,136879,48,97,11,11,10,0,19494,10,177
16120,06/13/2020T22:40:00 ,136879,48,97,11,11,10,0,19494,10,177
16121,06/13/2020T22:50:00 ,136879,47,98,11,11,10,0,19494,10,177
16122,06/13/2020T23:00:00 ,136879,47,98,11,11,10,0,19494,10,177
16123,06/13/2020T23:10:00 ,136878,48,98,11,11,10,0,19494,10,178
16124,06/13/2020T23:20:00 ,136878,48,98,11,11,10,0,19494,10,178
16125,06/13/2020T23:30:00 ,136878,48,98,11,11,10,0,19494,10,178
16126,06/13/2020T23:40:00 ,136878,48,98,11,11,10,0,19494,10,178
16127,06/13/2020T23:50:00 ,136878,48,98,11,11,10,0,19494,10,178
16128,06/14/2020T00:00:00 ,136878,48,98,11,11,10,0,19494,10,178
16129,06/14/2020T00:10:00 ,136878,48,97,11,11,10,0,19495,10,177
16130,06/14/2020T00:20:00 ,136878,47,98,11,11,10,0,19495,10,177
16131,06/14/2020T00:30:00 ,136878,47,98,11,11,10,0,19495,10,177
16132,06/14/2020T00:40:00 ,136878,47,98,11,11,10,0,19495,10,177
16133,06/14/2020T00:50:00 ,136878,47,97,11,11,10,0,19496,10,176
16134,06/14/2020T01:00:00 ,136878,47,97,11,11,10,0,19496,10,176
16135,06/14/2020T01:10:00 ,136878,47,97,11,11,10,0,19496,10,176
16136,06/14/2020T01:20:00 ,136878,47,97,11,11,10,0,19496,10,176
16137,06/14/2020T01:30:00 ,136878,46,98,11,10,11,0,19496,10,176
16138,06/14/2020T01:40:00 ,136878,46,98,11,10,11,0,19496,10,176
16139,06/14/2020T01:50:00 ,136878,46,98,11,10,11,0,19496,10,176
16140,06/14/2020T02:00:00 ,136878,46,98,11,10,11,0,19496,10,176
16141,06/14/2020T02:10:00 ,136878,46,98,11,10,11,0,19496,10,176
16142,06/14/2020T02:20:00 ,136878,46,97,11,10,11,0,19497,10,175
16143,06/14/2020T02:30:00 ,136878,46,97,11,10,11,0,19497,10,175
16144,06/14/2020T02:40:00 ,136878,45,97,12,10,11,0,19497,10,175
16145,06/14/2020T02:50:00 ,136878,45,97,12,10,11,0,19497,10,175
16146,06/14/2020T03:00:00 ,136878,45,97,12,10,11,0,19497,10,175
16147,06/14/2020T03:10:00 ,136878,45,97,12,10,11,0,19497,10,175
16148,06/14/2020T03:20:00 ,136878,45,97,12,10,11,0,19497,10,175
16149,06/14/2020T03:30:00 ,136878,45,97,12,10,11,0,19497,10,175
16150,06/14/2020T03:40:00 ,136878,45,97,12,10,11,0,19497,10,175
16151,06/14/2020T03:50:00 ,136878,45,97,12,10,11,0,19497,10,175
16152,06/14/2020T04:00:00 ,136878,45,96,12,10,11,0,19498,10,174
16153,06/14/2020T04:10:00 ,136878,45,95,12,10,11,0,19499,10,173
16154,06/14/2020T04:20:00 ,136878,45,95,12,10,11,0,19499,10,173
16155,06/14/2020T04:30:00 ,136878,45,95,12,10,11,0,19499,10,173
16156,06/14/2020T04:40:00 ,136878,45,95,12,10,11,0,19499,10,173
16157,06/14/2020T04:50:00 ,136878,45,94,12,10,11,0,19500,10,172
16158,06/14/2020T05:00:00 ,136878,45,94,12,10,11,0,19500,10,172
16159,06/14/2020T05:10:00 ,136878,45,94,12,10,11,0,19500,10,172
16160,06/14/2020T05:20:00 ,136878,45,94,12,10,11,0,19500,10,172
16161,06/14/2020T05:30:00 ,136878,45,93,12,10,11,0,19501,10,171
16162,06/14/2020T05:40:00 ,136877,46,92,12,10,11,0,19502,10,171
16163,06/14/2020T05:50:00 ,136877,46,92,12,10,11,0,19502,10,171
16164,06/14/2020T06:00:00 ,136877,46,92,12,10,11,0,19502,10,171
16165,06/14/2020T06:10:00 ,136877,46,92,12,10,11,0,19502,10,171
16166,06/14/2020T06:20:00 ,136877,46,92,12,10,11,0,19502,10,171
16167,06/14/2020T06:30:00 ,136877,46,92,12,10,11,0,19502,10,171
16168,06/14/2020T06:40:00 ,136877,46,92,12,10,11,0,19502,10,171
16169,06/14/2020T06:50:00 ,136877,46,92,12,10,11,0,19502,10,171
16170,06/14/2020T07:00:00 ,136877,46,92,12,10,11,0,19502,10,171
16171,06/14/2020T07:10:00 ,136877,46,92,12,10,11,0,19502,10,171
16172,06/14/2020T07:20:00 ,136877,46,92,12,10,10,0,19503,10,170
16173,06/14/2020T07:30:00 ,136877,46,92,12,10,10,0,19503,10,170
16174,06/14/2020T07:40:00 ,136877,45,92,13,10,10,0,19503,10,170
16175,06/14/2020T07:50:00 ,136876,46,92,13,10,10,0,19503,10,171
16176,06/14/2020T08:00:00 ,136876,46,92,13,10,10,0,19503,10,171
16177,06/14/2020T08:10:00 ,136876,46,92,13,10,10,0,19503,10,171
16178,06/14/2020T08:20:00 ,136876,46,92,13,10,10,0,19503,10,171
16179,06/14/2020T08:30:00 ,136876,46,92,13,10,10,0,19503,10,171
16180,06/14/2020T08:40:00 ,136876,46,92,13,10,10,0,19503,10,171
16181,06/14/2020T08:50:00 ,136876,46,91,13,10,10,0,19504,10,170
16182,06/14/2020T09:00:00 ,136876,46,90,13,10,10,0,19505,10,169
16183,06/14/2020T09:10:00 ,136876,46,90,13,10,10,0,19505,10,169
16184,06/14/2020T09:20:00 ,136876,46,89,13,10,10,0,19506,10,168
16185,06/14/2020T09:30:00 ,136876,46,89,13,10,10,0,19506,10,168
16186,06/14/2020T09:40:00 ,136876,46,89,13,10,10,0,19506,10,168
16187,06/14/2020T09:50:00 ,136876,45,88,14,10,10,0,19507,10,167
16188,06/14/2020T10:00:00 ,136876,45,88,14,10,10,0,19507,10,167
16189,06/14/2020T10:10:00 ,136876,45,87,14,10,10,0,19508,10,166
16190,06/14/2020T10:20:00 ,136876,45,87,14,10,10,0,19508,10,166
16191,06/14/2020T10:30:00 ,136876,45,87,14,10,10,0,19508,10,166
16192,06/14/2020T10:40:00 ,136876,45,87,14,10,10,0,19508,10,166
16193,06/14/2020T10:50:00 ,136876,45,86,14,10,10,0,19509,10,165
16194,06/14/2020T11:00:00 ,136876,45,86,14,10,10,0,19509,10,165
16195,06/14/2020T11:10:00 ,136876,45,86,14,10,10,0,19509,10,165
16196,06/14/2020T11:20:00 ,136876,44,87,14,10,10,0,19509,10,165
16197,06/14/2020T11:30:00 ,136875,45,87,14,10,10,0,19509,10,166
16198,06/14/2020T11:40:00 ,136875,45,87,14,9,11,0,19509,10,166
16199,06/14/2020T11:50:00 ,136875,45,87,14,9,11,0,19509,10,166
16200,06/14/2020T12:00:00 ,136875,44,88,14,9,11,0,19509,10,166
16201,06/14/2020T12:10:00 ,136875,44,88,14,9,11,0,19509,10,166
16202,06/14/2020T12:20:00 ,136875,44,88,14,9,11,0,19509,10,166
16203,06/14/2020T12:30:00 ,136875,43,88,15,9,11,0,19509,10,166
16204,06/14/2020T12:40:00 ,136875,42,89,15,9,11,0,19509,10,166
16205,06/14/2020T12:50:00 ,136875,42,89,15,9,11,0,19509,10,166
16206,06/14/2020T13:00:00 ,136875,42,88,15,9,11,0,19510,10,165
16207,06/14/2020T13:10:00 ,136875,41,89,15,9,11,0,19510,10,165
16208,06/14/2020T13:20:00 ,136875,41,89,15,8,11,0,19511,10,164
16209,06/14/2020T13:30:00 ,136875,41,89,15,8,11,0,19511,10,164
16210,06/14/2020T13:40:00 ,136875,41,89,15,8,11,0,19511,10,164
16211,06/14/2020T13:50:00 ,136875,41,89,15,8,11,0,19511,10,164
16212,06/14/2020T14:00:00 ,136875,41,89,15,8,11,0,19511,10,164
16213,06/14/2020T14:10:00 ,136875,40,89,16,8,11,0,19511,10,164
16214,06/14/2020T14:20:00 ,136875,39,90,16,8,11,0,19511,10,164
16215,06/14/2020T14:30:00 ,136875,39,90,16,8,11,0,19511,10,164
16216,06/14/2020T14:40:00 ,136875,39,90,16,8,11,0,19511,10,164
16217,06/14/2020T14:50:00 ,136874,40,90,16,7,12,0,19511,10,165
16218,06/14/2020T15:00:00 ,136874,40,90,16,7,12,0,19511,10,165
16219,06/14/2020T15:10:00 ,136874,40,90,16,7,12,0,19511,10,165
16220,06/14/2020T15:20:00 ,136874,40,90,16,7,12,0,19511,10,165
16221,06/14/2020T15:30:00 ,136874,39,91,16,6,12,0,19512,10,164
16222,06/14/2020T15:40:00 ,136874,39,91,16,6,12,0,19512,10,164
16223,06/14/2020T15:50:00 ,136874,39,91,16,6,12,0,19512,10,164
16224,06/14/2020T16:00:00 ,136874,39,91,16,6,12,0,19512,10,164
16225,06/14/2020T16:10:00 ,136874,39,91,16,6,12,0,19512,10,164
16226,06/14/2020T16:20:00 ,136874,39,91,16,6,12,0,19512,10,164
16227,06/14/2020T16:30:00 ,136874,39,91,16,6,12,0,19512,10,164
16228,06/14/2020T16:40:00 ,136874,39,91,16,6,12,0,19512,10,164
16229,06/14/2020T16:50:00 ,136874,39,91,15,7,12,0,19512,10,164
16230,06/14/2020T17:00:00 ,136874,39,91,15,7,12,0,19512,10,164
16231,06/14/2020T17:10:00 ,136874,39,91,15,7,12,0,19512,10,164
16232,06/14/2020T17:20:00 ,136874,39,91,15,7,12,0,19512,10,164
16233,06/14/2020T17:30:00 ,136874,39,91,15,7,12,0,19512,10,164
16234,06/14/2020T17:40:00 ,136874,39,91,15,7,12,0,19512,10,164
16235,06/14/2020T17:50:00 ,136874,39,91,15,7,12,0,19512,10,164
16236,06/14/2020T18:00:00 ,136874,39,90,15,7,12,0,19513,10,163
16237,06/14/2020T18:10:00 ,136874,39,90,15,7,12,0,19513,10,163
16238,06/14/2020T18:20:00 ,136873,39,90,15,7,12,0,19514,10,163
16239,06/14/2020T18:30:00 ,136873,39,90,15,7,12,0,19514,10,163
16240,06/14/2020T18:40:00 ,136873,39,90,15,7,12,0,19514,10,163
16241,06/14/2020T18:50:00 ,136873,38,90,15,7,12,0,19515,10,162
16242,06/14/2020T19:00:00 ,136873,38,90,15,7,12,0,19515,10,162
16243,06/14/2020T19:10:00 ,136873,38,90,15,7,12,0,19515,10,162
16244,06/14/2020T19:20:00 ,136873,38,90,15,7,12,0,19515,10,162
16245,06/14/2020T19:30:00 ,136873,38,90,15,7,12,0,19515,10,162
16246,06/14/2020T19:40:00 ,136873,38,89,15,7,12,0,19516,10,161
16247,06/14/2020T19:50:00 ,136871,40,88,15,7,12,0,19517,10,162
16248,06/14/2020T20:00:00 ,136871,39,86,16,7,12,0,19519,10,160
16249,06/14/2020T20:10:00 ,136871,39,86,16,7,12,0,19519,10,160
16250,06/14/2020T20:20:00 ,136871,39,86,16,7,12,0,19519,10,160
16251,06/14/2020T20:30:00 ,136871,39,85,16,7,12,0,19520,10,159
16252,06/14/2020T20:40:00 ,136871,39,85,16,7,12,0,19520,10,159
16253,06/14/2020T20:50:00 ,136871,39,85,16,7,12,0,19520,10,159
16254,06/14/2020T21:00:00 ,136870,40,85,16,7,12,0,19520,10,160
16255,06/14/2020T21:10:00 ,136870,39,86,16,7,12,0,19520,10,160
16256,06/14/2020T21:20:00 ,136870,39,86,16,7,12,0,19520,10,160
16257,06/14/2020T21:30:00 ,136870,39,86,16,7,12,0,19520,10,160
16258,06/14/2020T21:40:00 ,136870,39,86,16,7,12,0,19520,10,160
16259,06/14/2020T21:50:00 ,136870,39,86,16,7,12,0,19520,10,160
16260,06/14/2020T22:00:00 ,136870,39,86,16,7,12,0,19520,10,160
16261,06/14/2020T22:10:00 ,136870,39,86,16,7,12,0,19520,10,160
16262,06/14/2020T22:20:00 ,136870,39,86,16,7,12,0,19520,10,160
16263,06/14/2020T22:30:00 ,136869,40,86,16,7,12,0,19520,10,161
16264,06/14/2020T22:40:00 ,136869,40,86,16,7,12,0,19520,10,161
16265,06/14/2020T22:50:00 ,136869,40,86,16,7,12,0,19520,10,161
16266,06/14/2020T23:00:00 ,136869,40,86,16,7,12,0,19520,10,161
16267,06/14/2020T23:10:00 ,136869,40,85,16,7,12,0,19521,10,160
16268,06/14/2020T23:20:00 ,136869,40,85,16,7,12,0,19521,10,160
16269,06/14/2020T23:30:00 ,136869,40,84,16,7,12,0,19522,10,159
16270,06/14/2020T23:40:00 ,136869,40,84,16,7,12,0,19522,10,159
16271,06/14/2020T23:50:00 ,136869,40,84,16,7,12,0,19522,10,159
16272,06/15/2020T00:00:00 ,136869,40,84,16,7,12,0,19522,10,159
16273,06/15/2020T00:10:00 ,136869,40,84,16,7,12,0,19522,10,159
16274,06/15/2020T00:20:00 ,136869,40,84,16,7,12,0,19522,10,159
16275,06/15/2020T00:30:00 ,136869,40,84,16,7,12,0,19522,10,159
16276,06/15/2020T00:40:00 ,136869,40,84,16,7,12,0,19522,10,159
16277,06/15/2020T00:50:00 ,136869,40,84,16,7,12,0,19522,10,159
16278,06/15/2020T01:00:00 ,136869,40,83,16,7,12,0,19523,10,158
16279,06/15/2020T01:10:00 ,136869,40,83,16,7,12,0,19523,10,158
16280,06/15/2020T01:20:00 ,136869,40,83,16,7,12,0,19523,10,158
16281,06/15/2020T01:30:00 ,136869,39,84,16,7,12,0,19523,10,158
16282,06/15/2020T01:40:00 ,136868,40,84,16,7,12,0,19523,10,159
16283,06/15/2020T01:50:00 ,136868,40,83,16,7,12,0,19524,10,158
16284,06/15/2020T02:00:00 ,136868,39,83,17,7,12,0,19524,10,158
16285,06/15/2020T02:10:00 ,136868,39,83,17,7,12,0,19524,10,158
16286,06/15/2020T02:20:00 ,136868,38,84,17,7,12,0,19524,10,158
16287,06/15/2020T02:30:00 ,136868,37,84,17,7,12,0,19525,10,157
16288,06/15/2020T02:40:00 ,136868,37,84,17,7,12,0,19525,10,157
16289,06/15/2020T02:50:00 ,136868,37,84,17,7,12,0,19525,10,157
16290,06/15/2020T03:00:00 ,136868,37,83,17,7,12,0,19526,10,156
16291,06/15/2020T03:10:00 ,136868,37,83,17,7,12,0,19526,10,156
16292,06/15/2020T03:20:00 ,136868,37,83,17,7,12,0,19526,10,156
16293,06/15/2020T03:30:00 ,136868,37,83,17,7,12,0,19526,10,156
16294,06/15/2020T03:40:00 ,136868,37,83,17,7,12,0,19526,10,156
16295,06/15/2020T03:50:00 ,136868,37,83,17,7,12,0,19526,10,156
16296,06/15/2020T04:00:00 ,136868,37,82,17,7,12,0,19527,10,155
16297,06/15/2020T04:10:00 ,136868,37,82,17,7,12,0,19527,10,155
16298,06/15/2020T04:20:00 ,136868,37,82,17,7,12,0,19527,10,155
16299,06/15/2020T04:30:00 ,136868,36,82,18,7,12,0,19527,10,155
16300,06/15/2020T04:40:00 ,136868,36,82,18,7,12,0,19527,10,155
16301,06/15/2020T04:50:00 ,136868,36,82,18,7,12,0,19527,10,155
16302,06/15/2020T05:00:00 ,136868,36,82,18,7,12,0,19527,10,155
16303,06/15/2020T05:10:00 ,136868,36,82,18,7,12,0,19527,10,155
16304,06/15/2020T05:20:00 ,136868,34,83,18,7,12,0,19528,10,154
16305,06/15/2020T05:30:00 ,136868,34,83,18,7,12,0,19528,10,154
16306,06/15/2020T05:40:00 ,136868,34,83,18,7,12,0,19528,10,154
16307,06/15/2020T05:50:00 ,136868,34,83,18,7,12,0,19528,10,154
16308,06/15/2020T06:00:00 ,136868,33,84,18,7,12,0,19528,10,154
16309,06/15/2020T06:10:00 ,136868,33,84,17,8,12,0,19528,10,154
16310,06/15/2020T06:20:00 ,136868,33,84,17,8,12,0,19528,10,154
16311,06/15/2020T06:30:00 ,136868,33,84,17,8,12,0,19528,10,154
16312,06/15/2020T06:40:00 ,136868,33,83,17,8,12,0,19529,10,153
16313,06/15/2020T06:50:00 ,136868,33,83,17,8,12,0,19529,10,153
16314,06/15/2020T07:00:00 ,136868,33,83,17,8,12,0,19529,10,153
16315,06/15/2020T07:10:00 ,136868,32,84,17,8,12,0,19529,10,153
16316,06/15/2020T07:20:00 ,136868,32,84,17,8,12,0,19529,10,153
16317,06/15/2020T07:30:00 ,136868,32,84,17,8,12,0,19529,10,153
16318,06/15/2020T07:40:00 ,136868,31,85,17,8,12,0,19529,10,153
16319,06/15/2020T07:50:00 ,136868,31,85,17,8,12,0,19529,10,153
16320,06/15/2020T08:00:00 ,136868,31,85,16,9,12,0,19529,10,153
16321,06/15/2020T08:10:00 ,136868,31,85,16,9,12,0,19529,10,153
16322,06/15/2020T08:20:00 ,136868,31,83,16,9,12,0,19531,10,151
16323,06/15/2020T08:30:00 ,136868,31,83,16,9,12,0,19531,10,151
16324,06/15/2020T08:40:00 ,136868,31,83,16,8,12,0,19532,10,150
16325,06/15/2020T08:50:00 ,136868,31,83,16,8,12,0,19532,10,150
16326,06/15/2020T09:00:00 ,136868,31,82,16,7,12,0,19534,10,148
16327,06/15/2020T09:10:00 ,136868,31,82,16,7,12,0,19534,10,148
16328,06/15/2020T09:20:00 ,136868,31,82,16,7,12,0,19534,10,148
16329,06/15/2020T09:30:00 ,136868,31,81,16,7,12,0,19535,10,147
16330,06/15/2020T09:40:00 ,136868,30,81,17,7,12,0,19535,10,147
16331,06/15/2020T09:50:00 ,136868,30,80,17,7,12,0,19536,10,146
16332,06/15/2020T10:00:00 ,136868,30,80,17,7,12,0,19536,10,146
16333,06/15/2020T10:10:00 ,136868,30,79,17,7,12,0,19537,10,145
16334,06/15/2020T10:20:00 ,136868,30,79,17,7,12,0,19537,10,145
16335,06/15/2020T10:30:00 ,136868,30,79,17,7,12,0,19537,10,145
16336,06/15/2020T10:40:00 ,136868,30,79,17,7,12,0,19537,10,145
16337,06/15/2020T10:50:00 ,136868,30,79,17,7,12,0,19537,10,145
16338,06/15/2020T11:00:00 ,136868,30,79,17,7,12,0,19537,10,145
16339,06/15/2020T11:10:00 ,136868,30,79,17,7,12,0,19537,10,145
16340,06/15/2020T11:20:00 ,136868,30,79,17,7,12,0,19537,10,145
16341,06/15/2020T11:30:00 ,136868,30,79,17,7,12,0,19537,10,145
16342,06/15/2020T11:40:00 ,136868,30,79,17,7,12,0,19537,10,145
16343,06/15/2020T11:50:00 ,136868,30,79,17,7,12,0,19537,10,145
16344,06/15/2020T12:00:00 ,136868,30,79,17,7,12,0,19537,10,145
16345,06/15/2020T12:10:00 ,136868,30,79,17,7,12,0,19537,10,145
16346,06/15/2020T12:20:00 ,136868,30,79,17,7,12,0,19537,10,145
16347,06/15/2020T12:30:00 ,136868,30,79,17,7,12,0,19537,10,145
16348,06/15/2020T12:40:00 ,136868,30,79,17,7,12,0,19537,10,145
16349,06/15/2020T12:50:00 ,136868,30,79,17,7,12,0,19537,10,145
16350,06/15/2020T13:00:00 ,136868,30,79,17,7,12,0,19537,10,145
16351,06/15/2020T13:10:00 ,136868,30,78,17,7,12,0,19538,10,144
16352,06/15/2020T13:20:00 ,136868,30,78,17,7,12,0,19538,10,144
16353,06/15/2020T13:30:00 ,136868,30,78,17,7,11,1,19538,10,144
16354,06/15/2020T13:40:00 ,136868,30,78,17,7,11,1,19538,10,144
16355,06/15/2020T13:50:00 ,136868,30,78,17,7,11,1,19538,10,144
16356,06/15/2020T14:00:00 ,136868,30,78,17,7,11,1,19538,10,144
16357,06/15/2020T14:10:00 ,136868,30,78,17,7,11,1,19538,10,144
16358,06/15/2020T14:20:00 ,136868,30,78,17,7,11,1,19538,10,144
16359,06/15/2020T14:30:00 ,136868,30,78,17,7,11,1,19538,10,144
16360,06/15/2020T14:40:00 ,136868,30,78,16,8,11,1,19538,10,144
16361,06/15/2020T14:50:00 ,136868,30,78,16,8,11,1,19538,10,144
16362,06/15/2020T15:00:00 ,136868,30,77,16,8,11,1,19539,10,143
16363,06/15/2020T15:10:00 ,136868,30,77,16,8,11,1,19539,10,143
16364,06/15/2020T15:20:00 ,136868,30,77,16,8,11,1,19539,10,143
16365,06/15/2020T15:30:00 ,136868,30,77,16,8,11,1,19539,10,143
16366,06/15/2020T15:40:00 ,136868,30,77,16,8,11,1,19539,10,143
16367,06/15/2020T15:50:00 ,136868,29,78,16,8,11,1,19539,10,143
16368,06/15/2020T16:00:00 ,136868,29,78,16,7,11,1,19540,10,142
16369,06/15/2020T16:10:00 ,136868,29,78,16,7,11,1,19540,10,142
16370,06/15/2020T16:20:00 ,136868,29,78,16,7,10,1,19541,10,141
16371,06/15/2020T16:30:00 ,136868,29,78,16,7,10,1,19541,10,141
16372,06/15/2020T16:40:00 ,136868,29,78,16,7,10,1,19541,10,141
16373,06/15/2020T16:50:00 ,136868,29,78,15,8,10,1,19541,10,141
16374,06/15/2020T17:00:00 ,136868,29,78,15,8,10,1,19541,10,141
16375,06/15/2020T17:10:00 ,136868,29,78,15,8,10,1,19541,10,141
16376,06/15/2020T17:20:00 ,136868,29,78,15,8,10,1,19541,10,141
16377,06/15/2020T17:30:00 ,136868,29,78,15,8,10,1,19541,10,141
16378,06/15/2020T17:40:00 ,136868,29,78,15,8,10,1,19541,10,141
16379,06/15/2020T17:50:00 ,136868,29,78,15,8,10,1,19541,10,141
16380,06/15/2020T18:00:00 ,136867,30,78,15,8,10,1,19541,10,142
16381,06/15/2020T18:10:00 ,136867,29,79,15,8,10,1,19541,10,142
16382,06/15/2020T18:20:00 ,136867,28,79,16,8,10,1,19541,10,142
16383,06/15/2020T18:30:00 ,136867,28,79,16,8,10,1,19541,10,142
16384,06/15/2020T18:40:00 ,136867,28,79,16,8,10,1,19541,10,142
16385,06/15/2020T18:50:00 ,136867,27,80,16,8,10,1,19541,10,142
16386,06/15/2020T19:00:00 ,136867,26,81,16,8,10,1,19541,10,142
16387,06/15/2020T19:10:00 ,136867,26,81,16,8,10,1,19541,10,142
16388,06/15/2020T19:20:00 ,136867,26,81,16,8,10,1,19541,10,142
16389,06/15/2020T19:30:00 ,136867,25,82,16,8,10,1,19541,10,142
16390,06/15/2020T19:40:00 ,136867,25,81,16,8,10,1,19542,10,141
16391,06/15/2020T19:50:00 ,136867,25,81,16,8,10,1,19542,10,141
16392,06/15/2020T20:00:00 ,136867,25,81,16,8,10,1,19542,10,141
16393,06/15/2020T20:10:00 ,136867,25,81,16,8,10,1,19542,10,141
16394,06/15/2020T20:20:00 ,136867,25,81,16,8,10,1,19542,10,141
16395,06/15/2020T20:30:00 ,136867,25,81,16,8,10,1,19542,10,141
16396,06/15/2020T20:40:00 ,136867,25,80,16,8,10,1,19543,10,140
16397,06/15/2020T20:50:00 ,136866,26,79,16,8,10,1,19544,10,140
16398,06/15/2020T21:00:00 ,136866,26,79,16,8,10,1,19544,10,140
16399,06/15/2020T21:10:00 ,136866,25,80,16,8,10,1,19544,10,140
16400,06/15/2020T21:20:00 ,136866,25,80,16,8,10,1,19544,10,140
16401,06/15/2020T21:30:00 ,136866,25,80,16,8,10,1,19544,10,140
16402,06/15/2020T21:40:00 ,136866,25,80,16,8,10,1,19544,10,140
16403,06/15/2020T21:50:00 ,136866,25,80,16,8,10,1,19544,10,140
16404,06/15/2020T22:00:00 ,136866,24,81,16,8,10,1,19544,10,140
16405,06/15/2020T22:10:00 ,136865,25,81,16,8,10,1,19544,10,141
16406,06/15/2020T22:20:00 ,136865,25,81,16,8,10,1,19544,10,141
16407,06/15/2020T22:30:00 ,136865,25,81,16,8,10,1,19544,10,141
16408,06/15/2020T22:40:00 ,136865,25,81,16,8,10,1,19544,10,141
16409,06/15/2020T22:50:00 ,136865,25,81,16,8,10,1,19544,10,141
16410,06/15/2020T23:00:00 ,136865,25,81,16,8,10,1,19544,10,141
16411,06/15/2020T23:10:00 ,136865,25,81,16,8,10,1,19544,10,141
16412,06/15/2020T23:20:00 ,136865,25,81,16,8,10,1,19544,10,141
16413,06/15/2020T23:30:00 ,136865,25,81,15,9,10,1,19544,10,141
16414,06/15/2020T23:40:00 ,136865,25,81,15,8,10,1,19545,10,140
16415,06/15/2020T23:50:00 ,136865,25,81,15,8,10,1,19545,10,140
16416,06/16/2020T00:00:00 ,136865,25,81,15,8,10,1,19545,10,140
16417,06/16/2020T00:10:00 ,136865,25,81,15,8,10,1,19545,10,140
16418,06/16/2020T00:20:00 ,136865,25,80,15,8,10,1,19546,10,139
16419,06/16/2020T00:30:00 ,136865,25,80,15,8,10,1,19546,10,139
16420,06/16/2020T00:40:00 ,136865,25,80,14,9,10,1,19546,10,139
16421,06/16/2020T00:50:00 ,136865,25,80,14,9,10,1,19546,10,139
16422,06/16/2020T01:00:00 ,136865,25,80,14,9,10,1,19546,10,139
16423,06/16/2020T01:10:00 ,136865,25,80,14,9,10,1,19546,10,139
16424,06/16/2020T01:20:00 ,136865,25,80,14,9,10,1,19546,10,139
16425,06/16/2020T01:30:00 ,136865,25,80,14,9,10,1,19546,10,139
16426,06/16/2020T01:40:00 ,136865,25,80,14,9,10,1,19546,10,139
16427,06/16/2020T01:50:00 ,136865,25,79,13,10,10,1,19547,10,138
16428,06/16/2020T02:00:00 ,136865,25,79,13,10,10,1,19547,10,138
16429,06/16/2020T02:10:00 ,136865,25,79,13,10,10,1,19547,10,138
16430,06/16/2020T02:20:00 ,136865,25,79,13,10,10,1,19547,10,138
16431,06/16/2020T02:30:00 ,136865,25,79,13,10,10,1,19547,10,138
16432,06/16/2020T02:40:00 ,136865,25,79,13,10,10,1,19547,10,138
16433,06/16/2020T02:50:00 ,136865,25,78,13,10,10,1,19548,10,137
16434,06/16/2020T03:00:00 ,136865,25,78,13,10,10,1,19548,10,137
16435,06/16/2020T03:10:00 ,136865,25,78,13,10,10,1,19548,10,137
16436,06/16/2020T03:20:00 ,136865,25,77,13,10,10,1,19549,10,136
16437,06/16/2020T03:30:00 ,136865,25,77,13,10,10,1,19549,10,136
16438,06/16/2020T03:40:00 ,136865,24,77,12,11,10,1,19550,10,135
16439,06/16/2020T03:50:00 ,136865,24,77,12,11,10,1,19550,10,135
16440,06/16/2020T04:00:00 ,136865,24,77,12,11,10,1,19550,10,135
16441,06/16/2020T04:10:00 ,136865,24,77,12,11,10,1,19550,10,135
16442,06/16/2020T04:20:00 ,136865,24,76,12,11,10,1,19551,10,134
16443,06/16/2020T04:30:00 ,136865,24,76,12,11,10,1,19551,10,134
16444,06/16/2020T04:40:00 ,136865,24,75,12,11,10,1,19552,10,133
16445,06/16/2020T04:50:00 ,136865,24,74,12,11,10,1,19553,10,132
16446,06/16/2020T05:00:00 ,136865,24,73,12,11,10,1,19554,10,131
16447,06/16/2020T05:10:00 ,136865,24,73,12,11,10,1,19554,10,131
16448,06/16/2020T05:20:00 ,136865,24,73,12,11,10,1,19554,10,131
16449,06/16/2020T05:30:00 ,136865,24,73,12,11,10,1,19554,10,131
16450,06/16/2020T05:40:00 ,136865,24,73,10,13,10,1,19554,10,131
16451,06/16/2020T05:50:00 ,136865,24,73,10,13,10,1,19554,10,131
16452,06/16/2020T06:00:00 ,136865,24,73,10,13,10,1,19554,10,131
16453,06/16/2020T06:10:00 ,136865,24,73,10,13,10,1,19554,10,131
16454,06/16/2020T06:20:00 ,136865,24,73,10,13,10,1,19554,10,131
16455,06/16/2020T06:30:00 ,136865,24,73,10,13,10,1,19554,10,131
16456,06/16/2020T06:40:00 ,136865,24,73,10,13,10,1,19554,10,131
16457,06/16/2020T06:50:00 ,136865,24,72,10,13,10,1,19555,10,130
16458,06/16/2020T07:00:00 ,136865,24,72,10,13,10,1,19555,10,130
16459,06/16/2020T07:10:00 ,136865,24,72,10,13,10,1,19555,10,130
16460,06/16/2020T07:20:00 ,136865,24,71,10,13,10,1,19556,10,129
16461,06/16/2020T07:30:00 ,136865,24,71,10,13,10,1,19556,10,129
16462,06/16/2020T07:40:00 ,136865,24,71,10,13,10,1,19556,10,129
16463,06/16/2020T07:50:00 ,136865,24,71,10,13,10,1,19556,10,129
16464,06/16/2020T08:00:00 ,136862,27,71,10,13,10,1,19556,10,132
16465,06/16/2020T08:10:00 ,136862,27,71,10,13,10,1,19556,10,132
16466,06/16/2020T08:20:00 ,136862,27,70,10,13,10,1,19557,10,131
16467,06/16/2020T08:30:00 ,136862,27,70,10,13,10,1,19557,10,131
16468,06/16/2020T08:40:00 ,136862,27,70,10,13,10,1,19557,10,131
16469,06/16/2020T08:50:00 ,136862,27,70,10,13,10,1,19557,10,131
16470,06/16/2020T09:00:00 ,136861,28,70,10,13,10,1,19557,10,132
16471,06/16/2020T09:10:00 ,136861,28,70,10,13,10,1,19557,10,132
16472,06/16/2020T09:20:00 ,136861,28,70,10,13,10,1,19557,10,132
16473,06/16/2020T09:30:00 ,136860,29,70,10,13,10,1,19557,10,133
16474,06/16/2020T09:40:00 ,136860,29,70,10,13,10,1,19557,10,133
16475,06/16/2020T09:50:00 ,136859,30,70,10,13,10,1,19557,10,134
16476,06/16/2020T10:00:00 ,136859,29,71,10,13,10,1,19557,10,134
16477,06/16/2020T10:10:00 ,136859,29,71,10,13,10,1,19557,10,134
16478,06/16/2020T10:20:00 ,136859,29,71,10,13,10,1,19557,10,134
16479,06/16/2020T10:30:00 ,136858,30,71,10,13,10,1,19557,10,135
16480,06/16/2020T10:40:00 ,136857,31,71,10,13,10,1,19557,10,136
16481,06/16/2020T10:50:00 ,136857,31,70,10,13,10,1,19558,10,135
16482,06/16/2020T11:00:00 ,136857,31,70,10,13,10,1,19558,10,135
16483,06/16/2020T11:10:00 ,136857,31,70,10,13,10,1,19558,10,135
16484,06/16/2020T11:20:00 ,136857,30,70,11,13,10,1,19558,10,135
16485,06/16/2020T11:30:00 ,136857,30,70,11,13,10,1,19558,10,135
16486,06/16/2020T11:40:00 ,136856,31,70,11,13,10,1,19558,10,136
16487,06/16/2020T11:50:00 ,136856,31,70,11,13,10,1,19558,10,136
16488,06/16/2020T12:00:00 ,136856,31,70,11,13,10,1,19558,10,136
16489,06/16/2020T12:10:00 ,136856,31,70,11,13,10,1,19558,10,136
16490,06/16/2020T12:20:00 ,136856,31,70,11,13,10,1,19558,10,136
16491,06/16/2020T12:30:00 ,136856,31,69,11,13,10,1,19559,10,135
16492,06/16/2020T12:40:00 ,136856,31,68,11,13,10,1,19560,10,134
16493,06/16/2020T12:50:00 ,136855,32,68,11,13,10,1,19560,10,135
16494,06/16/2020T13:00:00 ,136855,32,68,11,13,10,1,19560,10,135
16495,06/16/2020T13:10:00 ,136855,32,68,11,13,10,1,19560,10,135
16496,06/16/2020T13:20:00 ,136855,32,68,11,13,10,1,19560,10,135
16497,06/16/2020T13:30:00 ,136855,32,68,11,13,10,1,19560,10,135
16498,06/16/2020T13:40:00 ,136855,32,68,10,14,10,1,19560,10,135
16499,06/16/2020T13:50:00 ,136853,34,68,10,14,10,1,19560,10,137
16500,06/16/2020T14:00:00 ,136853,34,68,10,14,10,1,19560,10,137
16501,06/16/2020T14:10:00 ,136853,34,68,10,14,10,1,19560,10,137
16502,06/16/2020T14:20:00 ,136853,34,68,10,14,10,1,19560,10,137
16503,06/16/2020T14:30:00 ,136853,34,68,10,14,10,1,19560,10,137
16504,06/16/2020T14:40:00 ,136853,34,68,10,14,10,1,19560,10,137
16505,06/16/2020T14:50:00 ,136853,34,67,9,15,10,1,19561,10,136
16506,06/16/2020T15:00:00 ,136853,34,67,9,15,10,1,19561,10,136
16507,06/16/2020T15:10:00 ,136853,34,67,9,15,10,1,19561,10,136
16508,06/16/2020T15:20:00 ,136853,34,67,8,16,10,1,19561,10,136
16509,06/16/2020T15:30:00 ,136853,34,67,8,16,10,1,19561,10,136
16510,06/16/2020T15:40:00 ,136853,34,67,8,16,10,1,19561,10,136
16511,06/16/2020T15:50:00 ,136853,34,67,8,16,10,1,19561,10,136
16512,06/16/2020T16:00:00 ,136853,34,67,8,16,10,1,19561,10,136
16513,06/16/2020T16:10:00 ,136853,34,67,8,16,10,1,19561,10,136
16514,06/16/2020T16:20:00 ,136853,34,66,8,16,10,1,19562,10,135
16515,06/16/2020T16:30:00 ,136853,33,67,8,16,10,1,19562,10,135
16516,06/16/2020T16:40:00 ,136853,33,66,8,16,10,1,19563,10,134
16517,06/16/2020T16:50:00 ,136853,33,65,8,16,10,1,19564,10,133
16518,06/16/2020T17:00:00 ,136853,32,66,8,16,10,1,19564,10,133
16519,06/16/2020T17:10:00 ,136853,32,66,8,16,10,1,19564,10,133
16520,06/16/2020T17:20:00 ,136853,32,66,8,16,10,1,19564,10,133
16521,06/16/2020T17:30:00 ,136853,32,66,8,16,10,1,19564,10,133
16522,06/16/2020T17:40:00 ,136853,32,66,8,16,9,1,19565,10,132
16523,06/16/2020T17:50:00 ,136853,32,66,8,16,9,1,19565,10,132
16524,06/16/2020T18:00:00 ,136853,32,66,8,16,9,1,19565,10,132
16525,06/16/2020T18:10:00 ,136853,32,66,8,16,9,1,19565,10,132
16526,06/16/2020T18:20:00 ,136853,32,66,8,16,9,1,19565,10,132
16527,06/16/2020T18:30:00 ,136853,32,65,8,16,9,1,19566,10,131
16528,06/16/2020T18:40:00 ,136853,32,64,8,16,9,1,19567,10,130
16529,06/16/2020T18:50:00 ,136853,32,64,8,16,9,1,19567,10,130
16530,06/16/2020T19:00:00 ,136853,32,64,8,16,9,1,19567,10,130
16531,06/16/2020T19:10:00 ,136853,31,64,8,16,9,1,19568,10,129
16532,06/16/2020T19:20:00 ,136853,31,64,8,16,9,1,19568,10,129
16533,06/16/2020T19:30:00 ,136853,31,64,8,16,9,1,19568,10,129
16534,06/16/2020T19:40:00 ,136853,30,65,8,16,9,1,19568,10,129
16535,06/16/2020T19:50:00 ,136853,30,65,8,16,9,1,19568,10,129
16536,06/16/2020T20:00:00 ,136853,30,65,8,16,9,1,19568,10,129
16537,06/16/2020T20:10:00 ,136853,30,65,8,16,9,1,19568,10,129
16538,06/16/2020T20:20:00 ,136853,30,65,8,16,9,1,19568,10,129
16539,06/16/2020T20:30:00 ,136853,30,65,8,16,9,1,19568,10,129
16540,06/16/2020T20:40:00 ,136853,30,65,8,16,9,1,19568,10,129
16541,06/16/2020T20:50:00 ,136853,30,65,8,16,9,1,19568,10,129
16542,06/16/2020T21:00:00 ,136853,30,65,8,16,9,1,19568,10,129
16543,06/16/2020T21:10:00 ,136853,30,65,8,16,9,1,19568,10,129
16544,06/16/2020T21:20:00 ,136853,30,65,8,16,9,1,19568,10,129
16545,06/16/2020T21:30:00 ,136853,29,66,8,16,9,1,19568,10,129
16546,06/16/2020T21:40:00 ,136853,29,66,8,16,9,1,19568,10,129
16547,06/16/2020T21:50:00 ,136853,29,66,8,15,9,1,19569,10,128
16548,06/16/2020T22:00:00 ,136853,29,66,8,15,9,1,19569,10,128
16549,06/16/2020T22:10:00 ,136853,29,66,8,15,9,1,19569,10,128
16550,06/16/2020T22:20:00 ,136853,29,66,8,15,9,1,19569,10,128
16551,06/16/2020T22:30:00 ,136853,29,66,8,15,9,1,19569,10,128
16552,06/16/2020T22:40:00 ,136853,29,64,8,15,9,1,19571,10,126
16553,06/16/2020T22:50:00 ,136853,29,64,8,15,9,1,19571,10,126
16554,06/16/2020T23:00:00 ,136853,29,64,8,15,9,1,19571,10,126
16555,06/16/2020T23:10:00 ,136853,29,64,8,15,9,1,19571,10,126
16556,06/16/2020T23:20:00 ,136853,28,65,8,15,9,1,19571,10,126
16557,06/16/2020T23:30:00 ,136853,28,65,8,15,9,1,19571,10,126
16558,06/16/2020T23:40:00 ,136853,28,64,8,15,9,1,19572,10,125
16559,06/16/2020T23:50:00 ,136853,28,64,8,15,9,1,19572,10,125
16560,06/17/2020T00:00:00 ,136853,28,64,8,15,9,1,19572,10,125
16561,06/17/2020T00:10:00 ,136853,28,64,8,15,9,1,19572,10,125
16562,06/17/2020T00:20:00 ,136853,28,64,8,15,9,1,19572,10,125
16563,06/17/2020T00:30:00 ,136853,28,64,8,15,9,1,19572,10,125
16564,06/17/2020T00:40:00 ,136853,28,64,8,15,9,1,19572,10,125
16565,06/17/2020T00:50:00 ,136853,28,64,8,15,9,1,19572,10,125
16566,06/17/2020T01:00:00 ,136853,28,64,8,15,9,1,19572,10,125
16567,06/17/2020T01:10:00 ,136853,28,64,8,15,9,1,19572,10,125
16568,06/17/2020T01:20:00 ,136853,27,65,8,15,9,1,19572,10,125
16569,06/17/2020T01:30:00 ,136853,27,65,8,15,9,1,19572,10,125
16570,06/17/2020T01:40:00 ,136853,27,65,7,16,9,1,19572,10,125
16571,06/17/2020T01:50:00 ,136853,27,65,7,16,9,1,19572,10,125
16572,06/17/2020T02:00:00 ,136853,27,65,7,16,9,1,19572,10,125
16573,06/17/2020T02:10:00 ,136853,27,65,7,16,9,1,19572,10,125
16574,06/17/2020T02:20:00 ,136853,27,65,7,16,9,1,19572,10,125
16575,06/17/2020T02:30:00 ,136853,27,65,7,16,9,1,19572,10,125
16576,06/17/2020T02:40:00 ,136853,27,65,7,16,9,1,19572,10,125
16577,06/17/2020T02:50:00 ,136853,27,65,7,16,9,1,19572,10,125
16578,06/17/2020T03:00:00 ,136853,27,65,7,16,9,1,19572,10,125
16579,06/17/2020T03:10:00 ,136853,27,65,7,16,9,1,19572,10,125
16580,06/17/2020T03:20:00 ,136853,27,65,7,16,9,1,19572,10,125
16581,06/17/2020T03:30:00 ,136853,27,65,7,16,9,1,19572,10,125
16582,06/17/2020T03:40:00 ,136853,27,65,7,16,9,1,19572,10,125
16583,06/17/2020T03:50:00 ,136853,27,65,6,17,9,1,19572,10,125
16584,06/17/2020T04:00:00 ,136853,27,65,6,17,9,1,19572,10,125
16585,06/17/2020T04:10:00 ,136853,27,65,6,17,9,1,19572,10,125
16586,06/17/2020T04:20:00 ,136853,27,65,6,17,9,1,19572,10,125
16587,06/17/2020T04:30:00 ,136853,27,64,6,17,9,1,19573,10,124
16588,06/17/2020T04:40:00 ,136853,27,64,6,17,9,1,19573,10,124
16589,06/17/2020T04:50:00 ,136853,27,64,6,17,9,1,19573,10,124
16590,06/17/2020T05:00:00 ,136853,27,64,6,17,9,1,19573,10,124
16591,06/17/2020T05:10:00 ,136853,27,64,6,17,9,1,19573,10,124
16592,06/17/2020T05:20:00 ,136853,27,64,6,17,9,1,19573,10,124
16593,06/17/2020T05:30:00 ,136853,27,64,6,17,9,1,19573,10,124
16594,06/17/2020T05:40:00 ,136853,27,64,6,16,9,1,19574,10,123
16595,06/17/2020T05:50:00 ,136853,27,63,6,16,9,1,19575,10,122
16596,06/17/2020T06:00:00 ,136853,27,63,6,16,9,1,19575,10,122
16597,06/17/2020T06:10:00 ,136853,27,63,6,16,9,1,19575,10,122
16598,06/17/2020T06:20:00 ,136853,27,63,6,16,9,1,19575,10,122
16599,06/17/2020T06:30:00 ,136853,26,64,6,16,9,1,19575,10,122
16600,06/17/2020T06:40:00 ,136853,26,64,6,16,9,1,19575,10,122
16601,06/17/2020T06:50:00 ,136853,26,64,6,16,9,1,19575,10,122
16602,06/17/2020T07:00:00 ,136853,26,64,6,16,9,1,19575,10,122
16603,06/17/2020T07:10:00 ,136853,26,64,6,16,9,1,19575,10,122
16604,06/17/2020T07:20:00 ,136853,26,64,6,16,9,1,19575,10,122
16605,06/17/2020T07:30:00 ,136853,26,64,6,16,9,1,19575,10,122
16606,06/17/2020T07:40:00 ,136853,26,64,6,15,9,1,19576,10,121
16607,06/17/2020T07:50:00 ,136853,26,64,6,15,9,1,19576,10,121
16608,06/17/2020T08:00:00 ,136853,26,63,5,16,9,1,19577,10,120
16609,06/17/2020T08:10:00 ,136852,27,63,5,16,9,1,19577,10,121
16610,06/17/2020T08:20:00 ,136852,27,63,5,16,9,1,19577,10,121
16611,06/17/2020T08:30:00 ,136852,27,62,5,16,9,1,19578,10,120
16612,06/17/2020T08:40:00 ,136852,27,62,5,16,9,1,19578,10,120
16613,06/17/2020T08:50:00 ,136852,27,62,5,16,9,1,19578,10,120
16614,06/17/2020T09:00:00 ,136852,27,62,5,16,9,1,19578,10,120
16615,06/17/2020T09:10:00 ,136852,27,62,5,16,9,1,19578,10,120
16616,06/17/2020T09:20:00 ,136852,27,62,5,16,9,1,19578,10,120
16617,06/17/2020T09:30:00 ,136852,27,62,5,16,9,1,19578,10,120
16618,06/17/2020T09:40:00 ,136852,27,62,5,16,9,1,19578,10,120
16619,06/17/2020T09:50:00 ,136852,26,62,6,16,9,1,19578,10,120
16620,06/17/2020T10:00:00 ,136852,26,62,6,16,9,1,19578,10,120
16621,06/17/2020T10:10:00 ,136852,26,62,6,16,9,1,19578,10,120
16622,06/17/2020T10:20:00 ,136852,26,61,6,16,9,1,19579,10,119
16623,06/17/2020T10:30:00 ,136851,27,61,6,16,9,1,19579,10,120
16624,06/17/2020T10:40:00 ,136851,27,61,6,16,9,1,19579,10,120
16625,06/17/2020T10:50:00 ,136850,27,61,7,16,9,1,19579,10,121
16626,06/17/2020T11:00:00 ,136850,27,61,7,16,9,1,19579,10,121
16627,06/17/2020T11:10:00 ,136850,27,61,7,16,9,1,19579,10,121
16628,06/17/2020T11:20:00 ,136850,27,61,7,16,9,1,19579,10,121
16629,06/17/2020T11:30:00 ,136850,27,60,7,16,9,1,19580,10,120
16630,06/17/2020T11:40:00 ,136850,27,60,7,16,9,1,19580,10,120
16631,06/17/2020T11:50:00 ,136850,27,60,7,16,9,1,19580,10,120
16632,06/17/2020T12:00:00 ,136850,27,60,7,16,9,1,19580,10,120
16633,06/17/2020T12:10:00 ,136850,27,60,7,16,9,1,19580,10,120
16634,06/17/2020T12:20:00 ,136850,27,59,7,16,9,1,19581,10,119
16635,06/17/2020T12:30:00 ,136850,27,59,7,16,9,1,19581,10,119
16636,06/17/2020T12:40:00 ,136850,27,58,7,16,9,1,19582,10,118
16637,06/17/2020T12:50:00 ,136850,26,59,7,16,9,1,19582,10,118
16638,06/17/2020T13:00:00 ,136850,26,59,7,16,9,1,19582,10,118
16639,06/17/2020T13:10:00 ,136850,26,59,6,17,9,1,19582,10,118
16640,06/17/2020T13:20:00 ,136850,26,59,6,16,9,1,19583,10,117
16641,06/17/2020T13:30:00 ,136850,26,59,6,16,9,1,19583,10,117
16642,06/17/2020T13:40:00 ,136850,26,59,5,17,9,1,19583,10,117
16643,06/17/2020T13:50:00 ,136850,26,59,5,17,9,1,19583,10,117
16644,06/17/2020T14:00:00 ,136850,26,59,5,17,9,1,19583,10,117
16645,06/17/2020T14:10:00 ,136850,26,59,5,17,9,1,19583,10,117
16646,06/17/2020T14:20:00 ,136850,26,59,5,17,9,1,19583,10,117
16647,06/17/2020T14:30:00 ,136850,26,59,5,17,9,1,19583,10,117
16648,06/17/2020T14:40:00 ,136850,26,59,5,17,9,1,19583,10,117
16649,06/17/2020T14:50:00 ,136850,26,59,5,17,9,1,19583,10,117
16650,06/17/2020T15:00:00 ,136850,26,59,5,17,9,1,19583,10,117
16651,06/17/2020T15:10:00 ,136850,26,59,5,17,9,1,19583,10,117
16652,06/17/2020T15:20:00 ,136850,26,59,5,17,9,1,19583,10,117
16653,06/17/2020T15:30:00 ,136850,26,59,5,17,9,1,19583,10,117
16654,06/17/2020T15:40:00 ,136849,27,59,5,17,9,1,19583,10,118
16655,06/17/2020T15:50:00 ,136849,27,59,5,17,9,1,19583,10,118
16656,06/17/2020T16:00:00 ,136849,27,59,5,17,9,1,19583,10,118
16657,06/17/2020T16:10:00 ,136849,27,59,5,17,9,1,19583,10,118
16658,06/17/2020T16:20:00 ,136849,27,59,5,17,9,1,19583,10,118
16659,06/17/2020T16:30:00 ,136849,27,58,5,17,9,1,19584,10,117
16660,06/17/2020T16:40:00 ,136849,27,58,5,17,9,1,19584,10,117
16661,06/17/2020T16:50:00 ,136849,27,57,5,17,9,1,19585,10,116
16662,06/17/2020T17:00:00 ,136849,27,57,5,17,9,1,19585,10,116
16663,06/17/2020T17:10:00 ,136849,27,57,5,17,9,1,19585,10,116
16664,06/17/2020T17:20:00 ,136849,27,57,5,17,9,1,19585,10,116
16665,06/17/2020T17:30:00 ,136848,28,57,5,17,9,1,19585,10,117
16666,06/17/2020T17:40:00 ,136848,28,57,5,17,9,1,19585,10,117
16667,06/17/2020T17:50:00 ,136848,28,57,5,17,9,1,19585,10,117
16668,06/17/2020T18:00:00 ,136848,28,57,5,17,9,1,19585,10,117
16669,06/17/2020T18:10:00 ,136848,28,57,5,17,9,1,19585,10,117
16670,06/17/2020T18:20:00 ,136848,28,57,5,17,9,1,19585,10,117
16671,06/17/2020T18:30:00 ,136848,28,57,5,17,9,1,19585,10,117
16672,06/17/2020T18:40:00 ,136848,28,57,5,17,9,1,19585,10,117
16673,06/17/2020T18:50:00 ,136848,28,57,5,17,9,1,19585,10,117
16674,06/17/2020T19:00:00 ,136848,28,57,5,17,9,1,19585,10,117
16675,06/17/2020T19:10:00 ,136847,29,57,5,17,9,1,19585,10,118
16676,06/17/2020T19:20:00 ,136847,29,57,5,16,9,1,19586,10,117
16677,06/17/2020T19:30:00 ,136847,29,57,5,16,9,1,19586,10,117
16678,06/17/2020T19:40:00 ,136847,29,57,5,16,9,1,19586,10,117
16679,06/17/2020T19:50:00 ,136847,29,56,5,15,9,1,19588,10,115
16680,06/17/2020T20:00:00 ,136847,29,56,5,15,9,1,19588,10,115
16681,06/17/2020T20:10:00 ,136847,29,55,5,15,9,1,19589,10,114
16682,06/17/2020T20:20:00 ,136847,29,55,5,15,9,1,19589,10,114
16683,06/17/2020T20:30:00 ,136847,29,55,5,15,9,1,19589,10,114
16684,06/17/2020T20:40:00 ,136847,29,55,5,15,9,1,19589,10,114
16685,06/17/2020T20:50:00 ,136847,29,55,5,15,9,1,19589,10,114
16686,06/17/2020T21:00:00 ,136847,29,55,5,15,9,1,19589,10,114
16687,06/17/2020T21:10:00 ,136847,29,54,5,15,9,1,19590,10,113
16688,06/17/2020T21:20:00 ,136847,29,54,5,15,9,1,19590,10,113
16689,06/17/2020T21:30:00 ,136847,29,54,5,15,9,1,19590,10,113
16690,06/17/2020T21:40:00 ,136847,29,54,5,15,9,1,19590,10,113
16691,06/17/2020T21:50:00 ,136847,29,54,5,15,9,1,19590,10,113
16692,06/17/2020T22:00:00 ,136847,28,55,3,17,9,1,19590,10,113
16693,06/17/2020T22:10:00 ,136847,28,55,3,17,9,1,19590,10,113
16694,06/17/2020T22:20:00 ,136847,28,55,3,17,9,1,19590,10,113
16695,06/17/2020T22:30:00 ,136847,28,55,3,17,9,1,19590,10,113
16696,06/17/2020T22:40:00 ,136847,28,55,3,17,9,1,19590,10,113
16697,06/17/2020T22:50:00 ,136847,28,55,3,17,9,1,19590,10,113
16698,06/17/2020T23:00:00 ,136847,28,54,3,17,9,1,19591,10,112
16699,06/17/2020T23:10:00 ,136847,28,54,3,17,9,1,19591,10,112
16700,06/17/2020T23:20:00 ,136847,28,54,3,17,9,1,19591,10,112
16701,06/17/2020T23:30:00 ,136847,28,54,3,17,9,1,19591,10,112
16702,06/17/2020T23:40:00 ,136847,28,54,3,17,9,1,19591,10,112
16703,06/17/2020T23:50:00 ,136847,28,54,3,17,9,1,19591,10,112
16704,06/18/2020T00:00:00 ,136847,28,54,3,17,9,1,19591,10,112
16705,06/18/2020T00:10:00 ,136847,28,54,3,17,9,1,19591,10,112
16706,06/18/2020T00:20:00 ,136847,28,54,3,17,9,1,19591,10,112
16707,06/18/2020T00:30:00 ,136847,28,54,3,17,9,1,19591,10,112
16708,06/18/2020T00:40:00 ,136847,28,54,3,17,9,1,19591,10,112
16709,06/18/2020T00:50:00 ,136847,28,54,3,17,9,1,19591,10,112
16710,06/18/2020T01:00:00 ,136847,28,54,3,17,9,1,19591,10,112
16711,06/18/2020T01:10:00 ,136847,28,54,3,17,9,1,19591,10,112
16712,06/18/2020T01:20:00 ,136847,28,54,3,17,9,1,19591,10,112
16713,06/18/2020T01:30:00 ,136847,28,54,3,17,9,1,19591,10,112
16714,06/18/2020T01:40:00 ,136847,28,54,3,17,9,1,19591,10,112
16715,06/18/2020T01:50:00 ,136847,27,55,3,17,9,1,19591,10,112
16716,06/18/2020T02:00:00 ,136847,27,55,3,17,9,1,19591,10,112
16717,06/18/2020T02:10:00 ,136847,27,55,3,17,9,1,19591,10,112
16718,06/18/2020T02:20:00 ,136847,27,55,3,17,9,1,19591,10,112
16719,06/18/2020T02:30:00 ,136847,27,55,3,17,9,1,19591,10,112
16720,06/18/2020T02:40:00 ,136847,27,55,3,17,9,1,19591,10,112
16721,06/18/2020T02:50:00 ,136847,27,55,3,17,9,1,19591,10,112
16722,06/18/2020T03:00:00 ,136847,27,55,3,17,9,1,19591,10,112
16723,06/18/2020T03:10:00 ,136847,27,55,3,17,9,1,19591,10,112
16724,06/18/2020T03:20:00 ,136847,27,55,3,17,9,1,19591,10,112
16725,06/18/2020T03:30:00 ,136846,28,55,3,17,9,1,19591,10,113
16726,06/18/2020T03:40:00 ,136846,28,55,3,17,9,1,19591,10,113
16727,06/18/2020T03:50:00 ,136846,28,55,3,17,9,1,19591,10,113
16728,06/18/2020T04:00:00 ,136846,27,56,3,17,9,1,19591,10,113
16729,06/18/2020T04:10:00 ,136846,27,56,3,17,9,1,19591,10,113
16730,06/18/2020T04:20:00 ,136846,27,56,3,17,9,1,19591,10,113
16731,06/18/2020T04:30:00 ,136846,27,56,3,16,9,1,19592,10,112
16732,06/18/2020T04:40:00 ,136846,27,56,3,16,9,1,19592,10,112
16733,06/18/2020T04:50:00 ,136846,27,56,3,16,9,1,19592,10,112
16734,06/18/2020T05:00:00 ,136846,27,56,3,16,9,1,19592,10,112
16735,06/18/2020T05:10:00 ,136846,27,56,3,15,9,1,19593,10,111
16736,06/18/2020T05:20:00 ,136846,27,56,3,15,8,1,19593,11,110
16737,06/18/2020T05:30:00 ,136846,27,56,3,15,8,1,19593,11,110
16738,06/18/2020T05:40:00 ,136846,27,56,3,15,8,1,19593,11,110
16739,06/18/2020T05:50:00 ,136846,27,56,3,15,8,1,19593,11,110
16740,06/18/2020T06:00:00 ,136845,28,55,3,15,8,1,19594,11,110
16741,06/18/2020T06:10:00 ,136845,28,54,3,15,8,1,19595,11,109
16742,06/18/2020T06:20:00 ,136845,28,54,3,15,8,1,19595,11,109
16743,06/18/2020T06:30:00 ,136845,28,54,3,15,8,1,19595,11,109
16744,06/18/2020T06:40:00 ,136845,28,54,3,15,8,1,19595,11,109
16745,06/18/2020T06:50:00 ,136845,28,53,3,15,8,1,19596,11,108
16746,06/18/2020T07:00:00 ,136845,28,53,3,15,8,1,19596,11,108
16747,06/18/2020T07:10:00 ,136845,28,53,3,15,8,1,19596,11,108
16748,06/18/2020T07:20:00 ,136845,28,53,3,15,8,1,19596,11,108
16749,06/18/2020T07:30:00 ,136845,28,53,3,15,8,1,19596,11,108
16750,06/18/2020T07:40:00 ,136845,28,53,3,15,8,1,19596,11,108
16751,06/18/2020T07:50:00 ,136845,28,53,3,15,8,1,19596,11,108
16752,06/18/2020T08:00:00 ,136845,28,53,3,15,8,1,19596,11,108
16753,06/18/2020T08:10:00 ,136845,28,53,3,15,8,1,19596,11,108
16754,06/18/2020T08:20:00 ,136845,28,53,3,15,8,1,19596,11,108
16755,06/18/2020T08:30:00 ,136845,28,53,3,15,8,1,19596,11,108
16756,06/18/2020T08:40:00 ,136845,28,53,3,15,8,1,19596,11,108
16757,06/18/2020T08:50:00 ,136845,27,53,4,15,8,1,19596,11,108
16758,06/18/2020T09:00:00 ,136844,28,53,4,15,8,1,19596,11,109
16759,06/18/2020T09:10:00 ,136843,29,53,4,15,8,1,19596,11,110
16760,06/18/2020T09:20:00 ,136843,29,52,4,15,8,1,19597,11,109
16761,06/18/2020T09:30:00 ,136843,29,52,4,15,8,1,19597,11,109
16762,06/18/2020T09:40:00 ,136842,30,52,4,14,8,1,19598,11,109
16763,06/18/2020T09:50:00 ,136841,31,51,4,14,8,1,19599,11,109
16764,06/18/2020T10:00:00 ,136841,31,51,4,14,8,1,19599,11,109
16765,06/18/2020T10:10:00 ,136841,31,50,4,14,8,1,19600,11,108
16766,06/18/2020T10:20:00 ,136840,32,50,4,14,8,1,19600,11,109
16767,06/18/2020T10:30:00 ,136840,32,50,4,14,8,1,19600,11,109
16768,06/18/2020T10:40:00 ,136840,32,50,4,14,8,1,19600,11,109
16769,06/18/2020T10:50:00 ,136839,33,50,4,14,8,1,19600,11,110
16770,06/18/2020T11:00:00 ,136839,33,50,4,14,8,1,19600,11,110
16771,06/18/2020T11:10:00 ,136839,33,50,4,14,8,1,19600,11,110
16772,06/18/2020T11:20:00 ,136839,33,50,4,14,8,1,19600,11,110
16773,06/18/2020T11:30:00 ,136839,33,50,4,14,8,1,19600,11,110
16774,06/18/2020T11:40:00 ,136838,34,50,4,14,8,1,19600,11,111
16775,06/18/2020T11:50:00 ,136838,34,50,4,14,8,1,19600,11,111
16776,06/18/2020T12:00:00 ,136838,34,50,4,14,7,2,19600,11,111
16777,06/18/2020T12:10:00 ,136838,34,50,4,14,7,2,19600,11,111
16778,06/18/2020T12:20:00 ,136838,34,50,4,13,7,2,19601,11,110
16779,06/18/2020T12:30:00 ,136838,34,49,4,13,7,2,19602,11,109
16780,06/18/2020T12:40:00 ,136838,34,49,4,13,7,2,19602,11,109
16781,06/18/2020T12:50:00 ,136838,33,50,4,12,7,2,19603,11,108
16782,06/18/2020T13:00:00 ,136838,33,50,4,12,7,2,19603,11,108
16783,06/18/2020T13:10:00 ,136838,33,50,4,12,7,2,19603,11,108
16784,06/18/2020T13:20:00 ,136838,33,50,4,12,7,2,19603,11,108
16785,06/18/2020T13:30:00 ,136838,33,49,4,12,7,2,19604,11,107
16786,06/18/2020T13:40:00 ,136838,33,49,4,12,7,2,19604,11,107
16787,06/18/2020T13:50:00 ,136838,33,49,4,12,7,2,19604,11,107
16788,06/18/2020T14:00:00 ,136838,33,49,4,12,7,2,19604,11,107
16789,06/18/2020T14:10:00 ,136837,34,49,4,12,7,2,19604,11,108
16790,06/18/2020T14:20:00 ,136837,34,49,4,12,7,2,19604,11,108
16791,06/18/2020T14:30:00 ,136837,34,49,4,12,7,2,19604,11,108
16792,06/18/2020T14:40:00 ,136836,35,48,4,12,7,2,19605,11,108
16793,06/18/2020T14:50:00 ,136836,35,48,4,12,7,2,19605,11,108
16794,06/18/2020T15:00:00 ,136836,35,48,4,12,7,2,19605,11,108
16795,06/18/2020T15:10:00 ,136836,35,48,4,12,7,2,19605,11,108
16796,06/18/2020T15:20:00 ,136836,35,48,4,12,7,2,19605,11,108
16797,06/18/2020T15:30:00 ,136836,35,48,4,12,7,2,19605,11,108
16798,06/18/2020T15:40:00 ,136835,36,48,4,12,7,2,19605,11,109
16799,06/18/2020T15:50:00 ,136835,36,48,4,12,7,2,19605,11,109
16800,06/18/2020T16:00:00 ,136835,36,48,4,12,7,2,19605,11,109
16801,06/18/2020T16:10:00 ,136835,36,47,4,12,7,2,19606,11,108
16802,06/18/2020T16:20:00 ,136835,36,47,4,12,7,2,19606,11,108
16803,06/18/2020T16:30:00 ,136835,36,47,4,12,7,2,19606,11,108
16804,06/18/2020T16:40:00 ,136835,36,46,4,12,7,2,19607,11,107
16805,06/18/2020T16:50:00 ,136835,36,46,4,12,7,2,19607,11,107
16806,06/18/2020T17:00:00 ,136835,36,46,4,12,7,2,19607,11,107
16807,06/18/2020T17:10:00 ,136835,35,47,4,12,6,2,19608,11,106
16808,06/18/2020T17:20:00 ,136835,35,47,4,12,6,2,19608,11,106
16809,06/18/2020T17:30:00 ,136835,35,47,4,12,6,2,19608,11,106
16810,06/18/2020T17:40:00 ,136835,35,47,4,12,6,2,19608,11,106
16811,06/18/2020T17:50:00 ,136835,35,47,4,12,6,2,19608,11,106
16812,06/18/2020T18:00:00 ,136835,35,46,4,12,6,2,19609,11,105
16813,06/18/2020T18:10:00 ,136835,34,47,4,12,6,2,19609,11,105
16814,06/18/2020T18:20:00 ,136835,34,46,4,12,6,2,19610,11,104
16815,06/18/2020T18:30:00 ,136835,34,46,4,12,6,2,19610,11,104
16816,06/18/2020T18:40:00 ,136835,34,46,4,12,6,2,19610,11,104
16817,06/18/2020T18:50:00 ,136835,34,46,4,12,6,2,19610,11,104
16818,06/18/2020T19:00:00 ,136835,34,46,4,12,6,2,19610,11,104
16819,06/18/2020T19:10:00 ,136835,34,46,4,12,6,2,19610,11,104
16820,06/18/2020T19:20:00 ,136835,34,46,4,12,6,2,19610,11,104
16821,06/18/2020T19:30:00 ,136835,34,45,4,12,6,2,19611,11,103
16822,06/18/2020T19:40:00 ,136835,34,45,4,12,6,2,19611,11,103
16823,06/18/2020T19:50:00 ,136835,34,45,4,12,6,2,19611,11,103
16824,06/18/2020T20:00:00 ,136835,34,45,4,12,6,2,19611,11,103
16825,06/18/2020T20:10:00 ,136835,34,45,4,12,6,2,19611,11,103
16826,06/18/2020T20:20:00 ,136835,34,45,4,12,6,2,19611,11,103
16827,06/18/2020T20:30:00 ,136835,34,45,4,12,6,2,19611,11,103
16828,06/18/2020T20:40:00 ,136835,34,45,4,12,6,2,19611,11,103
16829,06/18/2020T20:50:00 ,136835,34,45,4,12,6,2,19611,11,103
16830,06/18/2020T21:00:00 ,136835,34,45,4,12,6,2,19611,11,103
16831,06/18/2020T21:10:00 ,136835,34,45,4,12,6,2,19611,11,103
16832,06/18/2020T21:20:00 ,136835,33,46,4,12,6,2,19611,11,103
16833,06/18/2020T21:30:00 ,136834,34,46,4,12,6,2,19611,11,104
16834,06/18/2020T21:40:00 ,136834,34,46,4,12,6,2,19611,11,104
16835,06/18/2020T21:50:00 ,136834,34,46,4,12,6,2,19611,11,104
16836,06/18/2020T22:00:00 ,136834,34,46,4,12,6,2,19611,11,104
16837,06/18/2020T22:10:00 ,136834,34,46,4,12,6,2,19611,11,104
16838,06/18/2020T22:20:00 ,136834,34,46,4,12,6,2,19611,11,104
16839,06/18/2020T22:30:00 ,136834,34,46,4,12,6,2,19611,11,104
16840,06/18/2020T22:40:00 ,136834,34,46,4,12,6,2,19611,11,104
16841,06/18/2020T22:50:00 ,136834,33,47,4,12,6,2,19611,11,104
16842,06/18/2020T23:00:00 ,136834,33,47,4,12,6,2,19611,11,104
16843,06/18/2020T23:10:00 ,136834,32,48,4,12,6,2,19611,11,104
16844,06/18/2020T23:20:00 ,136834,32,48,4,12,6,2,19611,11,104
16845,06/18/2020T23:30:00 ,136834,32,48,4,12,6,2,19611,11,104
16846,06/18/2020T23:40:00 ,136834,32,48,4,12,6,2,19611,11,104
16847,06/18/2020T23:50:00 ,136834,32,48,4,12,6,2,19611,11,104
16848,06/19/2020T00:00:00 ,136834,32,48,4,12,6,2,19611,11,104
16849,06/19/2020T00:10:00 ,136834,32,48,4,12,6,2,19611,11,104
16850,06/19/2020T00:20:00 ,136834,32,48,4,12,6,2,19611,11,104
16851,06/19/2020T00:30:00 ,136834,32,48,4,12,6,2,19611,11,104
16852,06/19/2020T00:40:00 ,136834,32,47,4,12,6,2,19612,11,103
16853,06/19/2020T00:50:00 ,136834,32,47,4,12,6,2,19612,11,103
16854,06/19/2020T01:00:00 ,136834,32,47,4,12,6,2,19612,11,103
16855,06/19/2020T01:10:00 ,136834,32,47,4,12,6,2,19612,11,103
16856,06/19/2020T01:20:00 ,136834,32,47,4,12,6,2,19612,11,103
16857,06/19/2020T01:30:00 ,136834,32,47,4,12,6,2,19612,11,103
16858,06/19/2020T01:40:00 ,136834,32,47,4,12,6,2,19612,11,103
16859,06/19/2020T01:50:00 ,136834,32,47,4,12,6,2,19612,11,103
16860,06/19/2020T02:00:00 ,136834,32,47,4,12,6,2,19612,11,103
16861,06/19/2020T02:10:00 ,136834,32,47,4,12,6,2,19612,11,103
16862,06/19/2020T02:20:00 ,136834,32,47,4,12,6,2,19612,11,103
16863,06/19/2020T02:30:00 ,136834,32,47,4,12,6,2,19612,11,103
16864,06/19/2020T02:40:00 ,136834,32,47,4,12,6,2,19612,11,103
16865,06/19/2020T02:50:00 ,136834,32,47,4,12,6,2,19612,11,103
16866,06/19/2020T03:00:00 ,136834,32,47,4,12,6,2,19612,11,103
16867,06/19/2020T03:10:00 ,136834,32,46,4,12,6,2,19613,11,102
16868,06/19/2020T03:20:00 ,136834,32,46,4,12,6,2,19613,11,102
16869,06/19/2020T03:30:00 ,136834,32,46,4,12,6,2,19613,11,102
16870,06/19/2020T03:40:00 ,136834,32,46,4,12,6,2,19613,11,102
16871,06/19/2020T03:50:00 ,136834,32,45,4,12,6,2,19614,11,101
16872,06/19/2020T04:00:00 ,136834,32,45,4,12,6,2,19614,11,101
16873,06/19/2020T04:10:00 ,136834,32,45,4,12,6,2,19614,11,101
16874,06/19/2020T04:20:00 ,136834,32,45,4,12,6,2,19614,11,101
16875,06/19/2020T04:30:00 ,136834,32,45,4,12,6,2,19614,11,101
16876,06/19/2020T04:40:00 ,136834,32,45,4,12,6,2,19614,11,101
16877,06/19/2020T04:50:00 ,136834,31,46,4,12,6,2,19614,11,101
16878,06/19/2020T05:00:00 ,136834,31,46,4,11,6,2,19615,11,100
16879,06/19/2020T05:10:00 ,136834,31,46,4,11,6,2,19615,11,100
16880,06/19/2020T05:20:00 ,136834,31,46,4,11,6,2,19615,11,100
16881,06/19/2020T05:30:00 ,136834,31,46,4,11,6,2,19615,11,100
16882,06/19/2020T05:40:00 ,136834,31,46,3,12,6,2,19615,11,100
16883,06/19/2020T05:50:00 ,136834,31,45,3,12,6,2,19616,11,99
16884,06/19/2020T06:00:00 ,136834,31,45,3,12,6,2,19616,11,99
16885,06/19/2020T06:10:00 ,136834,31,45,3,12,6,2,19616,11,99
16886,06/19/2020T06:20:00 ,136834,31,45,3,12,6,2,19616,11,99
16887,06/19/2020T06:30:00 ,136834,31,45,3,12,6,2,19616,11,99
16888,06/19/2020T06:40:00 ,136834,31,45,3,11,6,2,19617,11,98
16889,06/19/2020T06:50:00 ,136834,31,45,3,11,6,2,19617,11,98
16890,06/19/2020T07:00:00 ,136834,31,44,3,11,6,2,19618,11,97
16891,06/19/2020T07:10:00 ,136834,31,44,3,11,6,2,19618,11,97
16892,06/19/2020T07:20:00 ,136834,31,43,3,11,6,2,19619,11,96
16893,06/19/2020T07:30:00 ,136834,31,43,3,11,6,2,19619,11,96
16894,06/19/2020T07:40:00 ,136834,31,43,3,11,6,2,19619,11,96
16895,06/19/2020T07:50:00 ,136834,31,42,3,11,6,2,19620,11,95
16896,06/19/2020T08:00:00 ,136834,31,42,3,11,6,2,19620,11,95
16897,06/19/2020T08:10:00 ,136834,31,42,3,11,6,2,19620,11,95
16898,06/19/2020T08:20:00 ,136834,31,42,3,10,6,2,19621,11,94
16899,06/19/2020T08:30:00 ,136834,31,42,3,10,6,2,19621,11,94
16900,06/19/2020T08:40:00 ,136834,31,42,3,10,6,2,19621,11,94
16901,06/19/2020T08:50:00 ,136834,31,42,3,10,6,2,19621,11,94
16902,06/19/2020T09:00:00 ,136834,31,42,3,10,6,2,19621,11,94
16903,06/19/2020T09:10:00 ,136834,31,42,3,10,6,2,19621,11,94
16904,06/19/2020T09:20:00 ,136834,31,42,3,10,6,2,19621,11,94
16905,06/19/2020T09:30:00 ,136834,31,42,3,10,6,2,19621,11,94
16906,06/19/2020T09:40:00 ,136834,31,42,3,10,6,2,19621,11,94
16907,06/19/2020T09:50:00 ,136833,32,42,3,10,6,2,19621,11,95
16908,06/19/2020T10:00:00 ,136832,33,42,3,10,6,2,19621,11,96
16909,06/19/2020T10:10:00 ,136832,33,42,3,9,6,2,19622,11,95
16910,06/19/2020T10:20:00 ,136832,33,42,3,9,6,2,19622,11,95
16911,06/19/2020T10:30:00 ,136832,33,42,3,9,6,2,19622,11,95
16912,06/19/2020T10:40:00 ,136832,33,42,3,8,6,2,19623,11,94
16913,06/19/2020T10:50:00 ,136832,33,42,3,8,6,2,19623,11,94
16914,06/19/2020T11:00:00 ,136832,33,42,3,8,6,2,19623,11,94
16915,06/19/2020T11:10:00 ,136832,33,42,3,8,6,2,19623,11,94
16916,06/19/2020T11:20:00 ,136832,33,42,3,8,6,2,19623,11,94
16917,06/19/2020T11:30:00 ,136832,33,42,3,8,6,2,19623,11,94
16918,06/19/2020T11:40:00 ,136832,33,42,3,8,6,2,19623,11,94
16919,06/19/2020T11:50:00 ,136832,33,42,3,8,6,2,19623,11,94
16920,06/19/2020T12:00:00 ,136832,33,42,3,8,6,2,19623,11,94
16921,06/19/2020T12:10:00 ,136831,34,42,3,8,6,2,19623,11,95
16922,06/19/2020T12:20:00 ,136831,34,42,3,8,6,2,19623,11,95
16923,06/19/2020T12:30:00 ,136831,34,42,3,8,6,2,19623,11,95
16924,06/19/2020T12:40:00 ,136831,34,42,3,8,6,2,19623,11,95
16925,06/19/2020T12:50:00 ,136831,34,41,3,8,6,2,19624,11,94
16926,06/19/2020T13:00:00 ,136831,34,41,3,8,6,2,19624,11,94
16927,06/19/2020T13:10:00 ,136831,34,41,3,8,6,2,19624,11,94
16928,06/19/2020T13:20:00 ,136831,34,41,3,8,6,2,19624,11,94
16929,06/19/2020T13:30:00 ,136831,34,41,3,8,6,2,19624,11,94
16930,06/19/2020T13:40:00 ,136831,34,41,3,8,6,2,19624,11,94
16931,06/19/2020T13:50:00 ,136831,34,41,3,8,6,2,19624,11,94
16932,06/19/2020T14:00:00 ,136831,34,41,3,8,6,2,19624,11,94
16933,06/19/2020T14:10:00 ,136831,34,41,3,8,6,2,19624,11,94
16934,06/19/2020T14:20:00 ,136831,34,41,3,8,6,2,19624,11,94
16935,06/19/2020T14:30:00 ,136831,34,41,3,8,6,2,19624,11,94
16936,06/19/2020T14:40:00 ,136831,34,41,3,8,6,2,19624,11,94
16937,06/19/2020T14:50:00 ,136831,34,41,3,8,6,2,19624,11,94
16938,06/19/2020T15:00:00 ,136831,34,41,3,8,6,2,19624,11,94
16939,06/19/2020T15:10:00 ,136831,34,41,3,8,6,2,19624,11,94
16940,06/19/2020T15:20:00 ,136831,34,41,3,8,6,2,19624,11,94
16941,06/19/2020T15:30:00 ,136831,34,41,3,8,6,2,19624,11,94
16942,06/19/2020T15:40:00 ,136831,34,41,3,8,6,2,19624,11,94
16943,06/19/2020T15:50:00 ,136831,34,41,3,8,6,2,19624,11,94
16944,06/19/2020T16:00:00 ,136831,34,41,3,8,6,2,19624,11,94
16945,06/19/2020T16:10:00 ,136831,34,41,3,8,6,2,19624,11,94
16946,06/19/2020T16:20:00 ,136831,34,41,3,8,6,2,19624,11,94
16947,06/19/2020T16:30:00 ,136831,34,41,3,8,6,2,19624,11,94
16948,06/19/2020T16:40:00 ,136831,34,41,3,8,6,2,19624,11,94
16949,06/19/2020T16:50:00 ,136831,34,41,3,8,6,2,19624,11,94
16950,06/19/2020T17:00:00 ,136831,34,41,3,8,6,2,19624,11,94
16951,06/19/2020T17:10:00 ,136831,34,41,3,8,6,2,19624,11,94
16952,06/19/2020T17:20:00 ,136831,34,41,3,8,6,2,19624,11,94
16953,06/19/2020T17:30:00 ,136831,34,41,3,8,6,2,19624,11,94
16954,06/19/2020T17:40:00 ,136831,34,41,3,8,6,2,19624,11,94
16955,06/19/2020T17:50:00 ,136831,34,41,3,8,6,2,19624,11,94
16956,06/19/2020T18:00:00 ,136831,34,41,3,8,6,2,19624,11,94
16957,06/19/2020T18:10:00 ,136831,34,41,3,8,6,2,19624,11,94
16958,06/19/2020T18:20:00 ,136831,34,41,3,8,6,2,19624,11,94
16959,06/19/2020T18:30:00 ,136831,34,41,3,8,6,2,19624,11,94
16960,06/19/2020T18:40:00 ,136831,34,41,3,8,6,2,19624,11,94
16961,06/19/2020T18:50:00 ,136831,34,41,3,8,6,2,19624,11,94
16962,06/19/2020T19:00:00 ,136831,33,42,3,8,6,2,19624,11,94
16963,06/19/2020T19:10:00 ,136831,33,42,3,8,6,2,19624,11,94
16964,06/19/2020T19:20:00 ,136831,33,42,3,8,6,2,19624,11,94
16965,06/19/2020T19:30:00 ,136831,33,42,3,8,6,2,19624,11,94
16966,06/19/2020T19:40:00 ,136831,33,42,3,8,6,2,19624,11,94
16967,06/19/2020T19:50:00 ,136831,33,42,3,8,6,2,19624,11,94
16968,06/19/2020T20:00:00 ,136831,33,42,3,8,6,2,19624,11,94
16969,06/19/2020T20:10:00 ,136831,33,42,3,8,6,2,19624,11,94
16970,06/19/2020T20:20:00 ,136831,33,42,3,8,6,2,19624,11,94
16971,06/19/2020T20:30:00 ,136831,33,41,3,8,6,2,19625,11,93
16972,06/19/2020T20:40:00 ,136831,33,41,3,8,6,2,19625,11,93
16973,06/19/2020T20:50:00 ,136831,33,41,3,8,6,2,19625,11,93
16974,06/19/2020T21:00:00 ,136831,33,41,3,7,7,2,19625,11,93
16975,06/19/2020T21:10:00 ,136831,32,42,3,7,7,2,19625,11,93
16976,06/19/2020T21:20:00 ,136831,32,42,3,7,7,2,19625,11,93
16977,06/19/2020T21:30:00 ,136831,32,42,3,7,7,2,19625,11,93
16978,06/19/2020T21:40:00 ,136831,32,42,3,7,7,2,19625,11,93
16979,06/19/2020T21:50:00 ,136831,32,42,3,7,7,2,19625,11,93
16980,06/19/2020T22:00:00 ,136830,33,42,3,7,7,2,19625,11,94
16981,06/19/2020T22:10:00 ,136830,33,42,3,7,7,2,19625,11,94
16982,06/19/2020T22:20:00 ,136830,33,42,3,7,7,2,19625,11,94
16983,06/19/2020T22:30:00 ,136830,33,42,3,7,7,2,19625,11,94
16984,06/19/2020T22:40:00 ,136830,32,43,3,7,7,2,19625,11,94
16985,06/19/2020T22:50:00 ,136830,32,43,3,7,7,2,19625,11,94
16986,06/19/2020T23:00:00 ,136830,32,43,3,7,7,2,19625,11,94
16987,06/19/2020T23:10:00 ,136830,32,43,3,7,7,2,19625,11,94
16988,06/19/2020T23:20:00 ,136830,32,43,3,7,7,2,19625,11,94
16989,06/19/2020T23:30:00 ,136830,32,43,3,7,7,2,19625,11,94
16990,06/19/2020T23:40:00 ,136830,32,43,3,7,7,2,19625,11,94
16991,06/19/2020T23:50:00 ,136830,32,43,3,7,7,2,19625,11,94
16992,06/20/2020T00:00:00 ,136830,32,43,3,7,7,2,19625,11,94
16993,06/20/2020T00:10:00 ,136830,32,43,3,7,7,2,19625,11,94
16994,06/20/2020T00:20:00 ,136830,32,43,3,7,7,2,19625,11,94
16995,06/20/2020T00:30:00 ,136830,32,43,3,7,7,2,19625,11,94
16996,06/20/2020T00:40:00 ,136830,32,43,3,7,7,2,19625,11,94
16997,06/20/2020T00:50:00 ,136830,32,43,3,7,7,2,19625,11,94
16998,06/20/2020T01:00:00 ,136830,32,43,3,7,7,2,19625,11,94
16999,06/20/2020T01:10:00 ,136830,32,43,3,7,7,2,19625,11,94
17000,06/20/2020T01:20:00 ,136830,32,43,2,8,7,2,19625,11,94
17001,06/20/2020T01:30:00 ,136830,32,43,2,8,7,2,19625,11,94
17002,06/20/2020T01:40:00 ,136830,32,43,2,8,7,2,19625,11,94
17003,06/20/2020T01:50:00 ,136830,32,42,2,8,7,2,19626,11,93
17004,06/20/2020T02:00:00 ,136830,32,42,2,8,7,2,19626,11,93
17005,06/20/2020T02:10:00 ,136830,32,42,2,8,7,2,19626,11,93
17006,06/20/2020T02:20:00 ,136830,32,42,2,8,7,2,19626,11,93
17007,06/20/2020T02:30:00 ,136830,32,42,2,8,7,2,19626,11,93
17008,06/20/2020T02:40:00 ,136830,32,42,2,8,7,2,19626,11,93
17009,06/20/2020T02:50:00 ,136830,32,42,2,8,7,2,19626,11,93
17010,06/20/2020T03:00:00 ,136830,32,42,2,8,7,2,19626,11,93
17011,06/20/2020T03:10:00 ,136830,32,42,2,8,7,2,19626,11,93
17012,06/20/2020T03:20:00 ,136830,32,42,2,8,7,2,19626,11,93
17013,06/20/2020T03:30:00 ,136830,32,42,2,8,7,2,19626,11,93
17014,06/20/2020T03:40:00 ,136830,32,41,2,8,7,2,19627,11,92
17015,06/20/2020T03:50:00 ,136830,32,41,2,8,7,2,19627,11,92
17016,06/20/2020T04:00:00 ,136830,32,41,2,8,7,2,19627,11,92
17017,06/20/2020T04:10:00 ,136830,32,41,2,8,7,2,19627,11,92
17018,06/20/2020T04:20:00 ,136830,32,41,2,8,7,2,19627,11,92
17019,06/20/2020T04:30:00 ,136830,32,41,2,8,7,2,19627,11,92
17020,06/20/2020T04:40:00 ,136830,32,40,2,8,7,2,19628,11,91
17021,06/20/2020T04:50:00 ,136830,32,40,2,8,7,2,19628,11,91
17022,06/20/2020T05:00:00 ,136830,32,40,2,8,7,2,19628,11,91
17023,06/20/2020T05:10:00 ,136830,32,40,2,8,7,2,19628,11,91
17024,06/20/2020T05:20:00 ,136830,32,40,2,8,7,2,19628,11,91
17025,06/20/2020T05:30:00 ,136830,32,40,2,8,7,2,19628,11,91
17026,06/20/2020T05:40:00 ,136830,32,40,2,8,7,2,19628,11,91
17027,06/20/2020T05:50:00 ,136830,32,40,2,8,7,2,19628,11,91
17028,06/20/2020T06:00:00 ,136830,32,40,2,8,7,2,19628,11,91
17029,06/20/2020T06:10:00 ,136830,32,40,2,8,7,2,19628,11,91
17030,06/20/2020T06:20:00 ,136830,32,40,2,8,7,2,19628,11,91
17031,06/20/2020T06:30:00 ,136830,31,40,2,8,7,2,19629,11,90
17032,06/20/2020T06:40:00 ,136830,31,40,2,8,7,2,19629,11,90
17033,06/20/2020T06:50:00 ,136830,31,39,2,8,7,2,19630,11,89
17034,06/20/2020T07:00:00 ,136830,31,39,2,8,7,2,19630,11,89
17035,06/20/2020T07:10:00 ,136830,31,39,2,8,7,2,19630,11,89
17036,06/20/2020T07:20:00 ,136830,31,39,2,7,7,2,19631,11,88
17037,06/20/2020T07:30:00 ,136830,31,39,2,7,7,2,19631,11,88
17038,06/20/2020T07:40:00 ,136830,31,39,2,7,7,2,19631,11,88
17039,06/20/2020T07:50:00 ,136830,31,39,2,7,7,2,19631,11,88
17040,06/20/2020T08:00:00 ,136830,31,39,1,8,7,2,19631,11,88
17041,06/20/2020T08:10:00 ,136830,31,39,1,8,7,2,19631,11,88
17042,06/20/2020T08:20:00 ,136830,31,39,1,8,7,2,19631,11,88
17043,06/20/2020T08:30:00 ,136830,31,39,1,8,7,2,19631,11,88
17044,06/20/2020T08:40:00 ,136830,31,39,1,8,7,2,19631,11,88
17045,06/20/2020T08:50:00 ,136830,31,39,1,8,7,2,19631,11,88
17046,06/20/2020T09:00:00 ,136830,31,39,1,8,7,2,19631,11,88
17047,06/20/2020T09:10:00 ,136829,32,39,1,8,7,2,19631,11,89
17048,06/20/2020T09:20:00 ,136829,32,39,1,8,7,2,19631,11,89
17049,06/20/2020T09:30:00 ,136829,32,39,1,8,7,2,19631,11,89
17050,06/20/2020T09:40:00 ,136829,32,39,1,8,7,2,19631,11,89
17051,06/20/2020T09:50:00 ,136829,32,39,1,8,7,2,19631,11,89
17052,06/20/2020T10:00:00 ,136829,31,40,1,8,7,2,19631,11,89
17053,06/20/2020T10:10:00 ,136829,31,40,1,8,7,2,19631,11,89
17054,06/20/2020T10:20:00 ,136829,31,40,1,8,7,2,19631,11,89
17055,06/20/2020T10:30:00 ,136829,31,40,1,8,7,2,19631,11,89
17056,06/20/2020T10:40:00 ,136829,31,40,1,8,7,2,19631,11,89
17057,06/20/2020T10:50:00 ,136829,31,40,1,8,7,2,19631,11,89
17058,06/20/2020T11:00:00 ,136829,31,40,1,8,7,2,19631,11,89
17059,06/20/2020T11:10:00 ,136829,31,39,1,8,7,2,19632,11,88
17060,06/20/2020T11:20:00 ,136829,31,39,1,8,7,2,19632,11,88
17061,06/20/2020T11:30:00 ,136828,32,39,1,8,7,2,19632,11,89
17062,06/20/2020T11:40:00 ,136828,32,39,1,8,7,2,19632,11,89
17063,06/20/2020T11:50:00 ,136828,32,39,1,8,7,2,19632,11,89
17064,06/20/2020T12:00:00 ,136828,32,39,1,8,7,2,19632,11,89
17065,06/20/2020T12:10:00 ,136828,32,39,1,8,7,2,19632,11,89
17066,06/20/2020T12:20:00 ,136828,32,39,1,8,7,2,19632,11,89
17067,06/20/2020T12:30:00 ,136828,32,39,1,8,7,2,19632,11,89
17068,06/20/2020T12:40:00 ,136828,32,39,1,8,7,2,19632,11,89
17069,06/20/2020T12:50:00 ,136828,32,39,1,8,7,2,19632,11,89
17070,06/20/2020T13:00:00 ,136828,32,39,1,8,7,2,19632,11,89
17071,06/20/2020T13:10:00 ,136828,32,39,1,8,7,2,19632,11,89
17072,06/20/2020T13:20:00 ,136828,32,39,1,8,7,2,19632,11,89
17073,06/20/2020T13:30:00 ,136828,32,39,1,8,7,2,19632,11,89
17074,06/20/2020T13:40:00 ,136828,32,39,1,8,7,2,19632,11,89
17075,06/20/2020T13:50:00 ,136828,32,39,1,8,7,2,19632,11,89
17076,06/20/2020T14:00:00 ,136828,32,39,1,8,7,2,19632,11,89
17077,06/20/2020T14:10:00 ,136828,32,39,1,8,7,2,19632,11,89
17078,06/20/2020T14:20:00 ,136828,32,39,1,8,7,2,19632,11,89
17079,06/20/2020T14:30:00 ,136828,32,39,1,8,7,2,19632,11,89
17080,06/20/2020T14:40:00 ,136828,32,39,1,8,7,2,19632,11,89
17081,06/20/2020T14:50:00 ,136828,32,38,1,8,7,2,19633,11,88
17082,06/20/2020T15:00:00 ,136828,32,38,1,8,7,2,19633,11,88
17083,06/20/2020T15:10:00 ,136827,32,39,1,8,7,2,19633,11,89
17084,06/20/2020T15:20:00 ,136827,32,39,1,8,7,2,19633,11,89
17085,06/20/2020T15:30:00 ,136827,32,39,1,8,7,2,19633,11,89
17086,06/20/2020T15:40:00 ,136827,32,39,1,8,7,2,19633,11,89
17087,06/20/2020T15:50:00 ,136827,32,39,1,8,7,2,19633,11,89
17088,06/20/2020T16:00:00 ,136827,32,39,1,8,7,2,19633,11,89
17089,06/20/2020T16:10:00 ,136827,32,39,1,8,7,2,19633,11,89
17090,06/20/2020T16:20:00 ,136827,31,40,1,8,7,2,19633,11,89
17091,06/20/2020T16:30:00 ,136827,31,39,1,8,7,2,19634,11,88
17092,06/20/2020T16:40:00 ,136827,31,39,1,8,7,2,19634,11,88
17093,06/20/2020T16:50:00 ,136827,31,39,1,8,7,2,19634,11,88
17094,06/20/2020T17:00:00 ,136827,30,40,1,8,7,2,19634,11,88
17095,06/20/2020T17:10:00 ,136827,30,40,1,8,7,2,19634,11,88
17096,06/20/2020T17:20:00 ,136827,30,40,1,8,7,2,19634,11,88
17097,06/20/2020T17:30:00 ,136827,30,40,1,8,7,2,19634,11,88
17098,06/20/2020T17:40:00 ,136827,30,40,1,8,7,2,19634,11,88
17099,06/20/2020T17:50:00 ,136827,30,40,1,8,7,2,19634,11,88
17100,06/20/2020T18:00:00 ,136827,30,40,1,8,7,2,19634,11,88
17101,06/20/2020T18:10:00 ,136827,29,41,1,8,7,2,19634,11,88
17102,06/20/2020T18:20:00 ,136827,28,42,1,8,7,2,19634,11,88
17103,06/20/2020T18:30:00 ,136827,28,42,1,8,7,2,19634,11,88
17104,06/20/2020T18:40:00 ,136827,28,42,1,8,7,2,19634,11,88
17105,06/20/2020T18:50:00 ,136827,28,42,1,8,7,2,19634,11,88
17106,06/20/2020T19:00:00 ,136827,28,41,1,8,7,2,19635,11,87
17107,06/20/2020T19:10:00 ,136827,28,41,1,8,7,2,19635,11,87
17108,06/20/2020T19:20:00 ,136827,27,42,1,8,7,2,19635,11,87
17109,06/20/2020T19:30:00 ,136827,27,42,1,8,7,2,19635,11,87
17110,06/20/2020T19:40:00 ,136827,27,42,1,8,7,2,19635,11,87
17111,06/20/2020T19:50:00 ,136827,27,42,1,8,7,2,19635,11,87
17112,06/20/2020T20:00:00 ,136827,27,42,1,8,7,2,19635,11,87
17113,06/20/2020T20:10:00 ,136827,26,43,1,8,7,2,19635,11,87
17114,06/20/2020T20:20:00 ,136827,26,43,1,8,7,2,19635,11,87
17115,06/20/2020T20:30:00 ,136826,27,43,1,8,7,2,19635,11,88
17116,06/20/2020T20:40:00 ,136825,27,44,1,8,7,2,19635,11,89
17117,06/20/2020T20:50:00 ,136825,27,44,1,7,7,2,19636,11,88
17118,06/20/2020T21:00:00 ,136825,27,44,1,7,7,2,19636,11,88
17119,06/20/2020T21:10:00 ,136825,27,44,1,7,7,2,19636,11,88
17120,06/20/2020T21:20:00 ,136824,28,44,1,7,7,2,19636,11,89
17121,06/20/2020T21:30:00 ,136824,28,44,1,7,7,2,19636,11,89
17122,06/20/2020T21:40:00 ,136824,28,44,1,7,7,2,19636,11,89
17123,06/20/2020T21:50:00 ,136824,28,44,1,7,7,2,19636,11,89
17124,06/20/2020T22:00:00 ,136824,28,44,1,7,7,2,19636,11,89
17125,06/20/2020T22:10:00 ,136824,28,44,1,7,7,2,19636,11,89
17126,06/20/2020T22:20:00 ,136824,28,44,1,6,7,2,19637,11,88
17127,06/20/2020T22:30:00 ,136824,28,44,1,6,7,2,19637,11,88
17128,06/20/2020T22:40:00 ,136824,28,44,1,6,7,2,19637,11,88
17129,06/20/2020T22:50:00 ,136824,28,43,1,6,7,2,19638,11,87
17130,06/20/2020T23:00:00 ,136824,28,43,1,6,7,2,19638,11,87
17131,06/20/2020T23:10:00 ,136824,28,43,1,6,7,2,19638,11,87
17132,06/20/2020T23:20:00 ,136824,28,43,1,6,7,2,19638,11,87
17133,06/20/2020T23:30:00 ,136824,28,43,1,6,7,2,19638,11,87
17134,06/20/2020T23:40:00 ,136824,28,43,1,6,7,2,19638,11,87
17135,06/20/2020T23:50:00 ,136824,28,43,1,6,7,2,19638,11,87
17136,06/21/2020T00:00:00 ,136824,28,43,1,6,7,2,19638,11,87
17137,06/21/2020T00:10:00 ,136824,28,43,1,6,7,2,19638,11,87
17138,06/21/2020T00:20:00 ,136824,28,43,1,6,7,2,19638,11,87
17139,06/21/2020T00:30:00 ,136824,28,43,1,6,7,2,19638,11,87
17140,06/21/2020T00:40:00 ,136824,27,44,1,6,7,2,19638,11,87
17141,06/21/2020T00:50:00 ,136824,27,44,1,6,7,2,19638,11,87
17142,06/21/2020T01:00:00 ,136824,27,44,1,6,7,2,19638,11,87
17143,06/21/2020T01:10:00 ,136824,26,45,1,6,7,2,19638,11,87
17144,06/21/2020T01:20:00 ,136824,25,46,1,6,7,2,19638,11,87
17145,06/21/2020T01:30:00 ,136824,25,46,1,6,7,2,19638,11,87
17146,06/21/2020T01:40:00 ,136824,25,45,1,6,7,2,19639,11,86
17147,06/21/2020T01:50:00 ,136824,25,45,1,6,7,2,19639,11,86
17148,06/21/2020T02:00:00 ,136824,24,46,1,6,7,2,19639,11,86
17149,06/21/2020T02:10:00 ,136824,24,46,1,6,7,2,19639,11,86
17150,06/21/2020T02:20:00 ,136824,24,46,1,6,7,2,19639,11,86
17151,06/21/2020T02:30:00 ,136824,24,46,1,6,7,2,19639,11,86
17152,06/21/2020T02:40:00 ,136824,24,46,1,6,7,2,19639,11,86
17153,06/21/2020T02:50:00 ,136824,24,46,1,6,7,2,19639,11,86
17154,06/21/2020T03:00:00 ,136824,24,46,1,6,7,2,19639,11,86
17155,06/21/2020T03:10:00 ,136824,24,45,1,6,7,2,19640,11,85
17156,06/21/2020T03:20:00 ,136824,23,46,1,6,7,2,19640,11,85
17157,06/21/2020T03:30:00 ,136824,23,46,1,6,7,2,19640,11,85
17158,06/21/2020T03:40:00 ,136824,23,46,1,6,7,2,19640,11,85
17159,06/21/2020T03:50:00 ,136824,23,46,1,6,7,2,19640,11,85
17160,06/21/2020T04:00:00 ,136824,23,46,1,6,7,2,19640,11,85
17161,06/21/2020T04:10:00 ,136824,23,46,1,6,7,2,19640,11,85
17162,06/21/2020T04:20:00 ,136824,23,46,1,6,7,2,19640,11,85
17163,06/21/2020T04:30:00 ,136824,23,46,1,6,7,2,19640,11,85
17164,06/21/2020T04:40:00 ,136824,23,46,1,6,7,2,19640,11,85
17165,06/21/2020T04:50:00 ,136824,23,46,1,6,7,2,19640,11,85
17166,06/21/2020T05:00:00 ,136824,23,46,1,6,7,2,19640,11,85
17167,06/21/2020T05:10:00 ,136824,23,46,1,6,7,2,19640,11,85
17168,06/21/2020T05:20:00 ,136824,23,46,1,6,7,2,19640,11,85
17169,06/21/2020T05:30:00 ,136824,23,46,1,6,7,2,19640,11,85
17170,06/21/2020T05:40:00 ,136824,23,46,1,6,7,2,19640,11,85
17171,06/21/2020T05:50:00 ,136824,23,46,1,6,7,2,19640,11,85
17172,06/21/2020T06:00:00 ,136824,23,46,1,6,7,2,19640,11,85
17173,06/21/2020T06:10:00 ,136824,23,46,1,6,7,2,19640,11,85
17174,06/21/2020T06:20:00 ,136824,23,46,1,6,7,2,19640,11,85
17175,06/21/2020T06:30:00 ,136824,23,46,1,6,7,2,19640,11,85
17176,06/21/2020T06:40:00 ,136824,23,46,1,6,7,2,19640,11,85
17177,06/21/2020T06:50:00 ,136824,23,45,1,6,7,2,19641,11,84
17178,06/21/2020T07:00:00 ,136824,23,45,1,6,7,2,19641,11,84
17179,06/21/2020T07:10:00 ,136824,23,45,1,6,7,2,19641,11,84
17180,06/21/2020T07:20:00 ,136824,23,45,1,6,7,2,19641,11,84
17181,06/21/2020T07:30:00 ,136824,23,45,1,6,7,2,19641,11,84
17182,06/21/2020T07:40:00 ,136824,23,45,1,6,7,2,19641,11,84
17183,06/21/2020T07:50:00 ,136824,23,45,1,6,7,2,19641,11,84
17184,06/21/2020T08:00:00 ,136824,23,45,1,6,7,2,19641,11,84
17185,06/21/2020T08:10:00 ,136824,23,45,1,6,7,2,19641,11,84
17186,06/21/2020T08:20:00 ,136824,23,45,1,6,7,2,19641,11,84
17187,06/21/2020T08:30:00 ,136824,23,45,1,6,7,2,19641,11,84
17188,06/21/2020T08:40:00 ,136824,23,45,1,6,7,2,19641,11,84
17189,06/21/2020T08:50:00 ,136824,23,45,1,6,7,2,19641,11,84
17190,06/21/2020T09:00:00 ,136824,23,45,1,6,7,2,19641,11,84
17191,06/21/2020T09:10:00 ,136824,23,45,1,5,7,2,19642,11,83
17192,06/21/2020T09:20:00 ,136824,22,46,0,6,7,2,19642,11,83
17193,06/21/2020T09:30:00 ,136824,22,46,0,6,7,2,19642,11,83
17194,06/21/2020T09:40:00 ,136824,22,46,0,6,7,2,19642,11,83
17195,06/21/2020T09:50:00 ,136824,22,46,0,6,7,2,19642,11,83
17196,06/21/2020T10:00:00 ,136824,22,46,0,6,7,2,19642,11,83
17197,06/21/2020T10:10:00 ,136824,22,45,0,6,7,2,19643,11,82
17198,06/21/2020T10:20:00 ,136824,22,45,0,6,7,2,19643,11,82
17199,06/21/2020T10:30:00 ,136824,22,45,0,6,7,2,19643,11,82
17200,06/21/2020T10:40:00 ,136824,22,45,0,6,7,2,19643,11,82
17201,06/21/2020T10:50:00 ,136824,22,45,0,6,7,2,19643,11,82
17202,06/21/2020T11:00:00 ,136824,22,45,0,6,7,2,19643,11,82
17203,06/21/2020T11:10:00 ,136824,22,45,0,6,7,2,19643,11,82
17204,06/21/2020T11:20:00 ,136824,22,45,0,6,7,2,19643,11,82
17205,06/21/2020T11:30:00 ,136824,22,45,0,6,7,2,19643,11,82
17206,06/21/2020T11:40:00 ,136824,22,45,0,6,7,2,19643,11,82
17207,06/21/2020T11:50:00 ,136824,22,45,0,6,7,2,19643,11,82
17208,06/21/2020T12:00:00 ,136824,22,45,0,6,7,2,19643,11,82
17209,06/21/2020T12:10:00 ,136824,22,45,0,6,7,2,19643,11,82
17210,06/21/2020T12:20:00 ,136824,22,45,0,6,7,2,19643,11,82
17211,06/21/2020T12:30:00 ,136824,22,45,0,6,7,2,19643,11,82
17212,06/21/2020T12:40:00 ,136824,22,45,0,6,7,2,19643,11,82
17213,06/21/2020T12:50:00 ,136824,22,45,0,6,7,2,19643,11,82
17214,06/21/2020T13:00:00 ,136824,22,45,0,6,7,2,19643,11,82
17215,06/21/2020T13:10:00 ,136824,22,45,0,6,7,2,19643,11,82
17216,06/21/2020T13:20:00 ,136824,22,45,0,6,7,2,19643,11,82
17217,06/21/2020T13:30:00 ,136824,22,45,0,6,7,2,19643,11,82
17218,06/21/2020T13:40:00 ,136824,22,45,0,6,7,2,19643,11,82
17219,06/21/2020T13:50:00 ,136824,22,45,0,6,7,2,19643,11,82
17220,06/21/2020T14:00:00 ,136824,22,45,0,6,7,2,19643,11,82
17221,06/21/2020T14:10:00 ,136824,22,45,0,6,7,2,19643,11,82
17222,06/21/2020T14:20:00 ,136824,21,46,0,6,7,2,19643,11,82
17223,06/21/2020T14:30:00 ,136824,21,46,0,6,7,2,19643,11,82
17224,06/21/2020T14:40:00 ,136824,21,46,0,6,7,2,19643,11,82
17225,06/21/2020T14:50:00 ,136824,21,46,0,6,7,2,19643,11,82
17226,06/21/2020T15:00:00 ,136824,20,47,0,6,7,2,19643,11,82
17227,06/21/2020T15:10:00 ,136824,20,47,0,6,7,2,19643,11,82
17228,06/21/2020T15:20:00 ,136824,20,47,0,6,7,2,19643,11,82
17229,06/21/2020T15:30:00 ,136824,20,47,0,6,7,2,19643,11,82
17230,06/21/2020T15:40:00 ,136824,20,47,0,6,7,2,19643,11,82
17231,06/21/2020T15:50:00 ,136824,20,47,0,6,7,2,19643,11,82
17232,06/21/2020T16:00:00 ,136824,20,47,0,6,7,2,19643,11,82
17233,06/21/2020T16:10:00 ,136824,20,47,0,6,7,2,19643,11,82
17234,06/21/2020T16:20:00 ,136824,20,47,0,6,7,2,19643,11,82
17235,06/21/2020T16:30:00 ,136824,20,47,0,6,7,2,19643,11,82
17236,06/21/2020T16:40:00 ,136824,20,47,0,6,7,2,19643,11,82
17237,06/21/2020T16:50:00 ,136824,20,47,0,6,7,2,19643,11,82
17238,06/21/2020T17:00:00 ,136824,20,46,0,6,7,2,19644,11,81
17239,06/21/2020T17:10:00 ,136824,20,46,0,6,7,2,19644,11,81
17240,06/21/2020T17:20:00 ,136824,20,46,0,6,7,2,19644,11,81
17241,06/21/2020T17:30:00 ,136824,20,46,0,6,7,2,19644,11,81
17242,06/21/2020T17:40:00 ,136824,20,46,0,6,7,2,19644,11,81
17243,06/21/2020T17:50:00 ,136824,20,46,0,6,7,2,19644,11,81
17244,06/21/2020T18:00:00 ,136824,19,47,0,6,7,2,19644,11,81
17245,06/21/2020T18:10:00 ,136824,19,47,0,6,7,2,19644,11,81
17246,06/21/2020T18:20:00 ,136823,20,47,0,6,7,2,19644,11,82
17247,06/21/2020T18:30:00 ,136823,20,47,0,6,7,2,19644,11,82
17248,06/21/2020T18:40:00 ,136823,20,47,0,6,7,2,19644,11,82
17249,06/21/2020T18:50:00 ,136823,19,48,0,6,7,2,19644,11,82
17250,06/21/2020T19:00:00 ,136823,18,49,0,6,7,2,19644,11,82
17251,06/21/2020T19:10:00 ,136823,18,49,0,5,7,2,19645,11,81
17252,06/21/2020T19:20:00 ,136823,18,48,0,5,7,2,19646,11,80
17253,06/21/2020T19:30:00 ,136823,18,48,0,5,7,2,19646,11,80
17254,06/21/2020T19:40:00 ,136823,18,48,0,5,7,2,19646,11,80
17255,06/21/2020T19:50:00 ,136823,17,49,0,5,7,2,19646,11,80
17256,06/21/2020T20:00:00 ,136823,17,49,0,5,7,2,19646,11,80
17257,06/21/2020T20:10:00 ,136823,17,49,0,5,7,2,19646,11,80
17258,06/21/2020T20:20:00 ,136823,17,49,0,5,7,2,19646,11,80
17259,06/21/2020T20:30:00 ,136823,17,49,0,5,7,2,19646,11,80
17260,06/21/2020T20:40:00 ,136822,17,50,0,5,7,2,19646,11,81
17261,06/21/2020T20:50:00 ,136822,17,50,0,5,7,2,19646,11,81
17262,06/21/2020T21:00:00 ,136822,17,50,0,5,7,2,19646,11,81
17263,06/21/2020T21:10:00 ,136822,17,50,0,5,7,2,19646,11,81
17264,06/21/2020T21:20:00 ,136822,17,50,0,5,7,2,19646,11,81
17265,06/21/2020T21:30:00 ,136822,17,50,0,5,7,2,19646,11,81
17266,06/21/2020T21:40:00 ,136822,17,50,0,5,7,2,19646,11,81
17267,06/21/2020T21:50:00 ,136822,17,50,0,5,7,2,19646,11,81
17268,06/21/2020T22:00:00 ,136822,17,50,0,5,7,2,19646,11,81
17269,06/21/2020T22:10:00 ,136822,17,50,0,5,7,2,19646,11,81
17270,06/21/2020T22:20:00 ,136822,17,50,0,5,7,2,19646,11,81
17271,06/21/2020T22:30:00 ,136822,17,50,0,5,7,2,19646,11,81
17272,06/21/2020T22:40:00 ,136822,17,50,0,5,7,2,19646,11,81
17273,06/21/2020T22:50:00 ,136822,17,50,0,5,7,2,19646,11,81
17274,06/21/2020T23:00:00 ,136822,17,50,0,5,7,2,19646,11,81
17275,06/21/2020T23:10:00 ,136822,17,50,0,5,7,2,19646,11,81
17276,06/21/2020T23:20:00 ,136822,17,50,0,5,7,2,19646,11,81
17277,06/21/2020T23:30:00 ,136822,17,50,0,5,7,2,19646,11,81
17278,06/21/2020T23:40:00 ,136822,17,50,0,5,7,2,19646,11,81
17279,06/21/2020T23:50:00 ,136822,17,50,0,5,7,2,19646,11,81
17280,06/22/2020T00:00:00 ,136822,17,50,0,5,7,2,19646,11,81
17281,06/22/2020T00:10:00 ,136822,17,50,0,5,7,2,19646,11,81
17282,06/22/2020T00:20:00 ,136822,17,50,0,5,7,2,19646,11,81
17283,06/22/2020T00:30:00 ,136822,17,50,0,5,7,2,19646,11,81
17284,06/22/2020T00:40:00 ,136822,17,50,0,5,7,2,19646,11,81
17285,06/22/2020T00:50:00 ,136822,17,50,0,5,7,2,19646,11,81
17286,06/22/2020T01:00:00 ,136822,17,49,0,5,7,2,19647,11,80
17287,06/22/2020T01:10:00 ,136822,17,49,0,5,7,2,19647,11,80
17288,06/22/2020T01:20:00 ,136822,17,49,0,5,7,2,19647,11,80
17289,06/22/2020T01:30:00 ,136822,17,49,0,5,7,2,19647,11,80
17290,06/22/2020T01:40:00 ,136822,17,49,0,5,7,2,19647,11,80
17291,06/22/2020T01:50:00 ,136822,17,49,0,5,7,2,19647,11,80
17292,06/22/2020T02:00:00 ,136822,17,49,0,5,7,2,19647,11,80
17293,06/22/2020T02:10:00 ,136822,17,49,0,5,7,2,19647,11,80
17294,06/22/2020T02:20:00 ,136821,18,48,0,5,7,2,19648,11,80
17295,06/22/2020T02:30:00 ,136821,18,48,0,5,7,2,19648,11,80
17296,06/22/2020T02:40:00 ,136821,18,48,0,5,7,2,19648,11,80
17297,06/22/2020T02:50:00 ,136821,17,49,0,5,7,2,19648,11,80
17298,06/22/2020T03:00:00 ,136821,17,49,0,5,7,2,19648,11,80
17299,06/22/2020T03:10:00 ,136821,17,48,0,5,7,2,19649,11,79
17300,06/22/2020T03:20:00 ,136821,17,48,0,5,7,2,19649,11,79
17301,06/22/2020T03:30:00 ,136821,17,48,0,5,7,2,19649,11,79
17302,06/22/2020T03:40:00 ,136821,17,48,0,5,7,2,19649,11,79
17303,06/22/2020T03:50:00 ,136821,17,48,0,5,7,2,19649,11,79
17304,06/22/2020T04:00:00 ,136821,17,48,0,5,7,2,19649,11,79
17305,06/22/2020T04:10:00 ,136821,17,48,0,5,7,2,19649,11,79
17306,06/22/2020T04:20:00 ,136821,17,48,0,5,7,2,19649,11,79
17307,06/22/2020T04:30:00 ,136821,17,48,0,5,7,2,19649,11,79
17308,06/22/2020T04:40:00 ,136821,17,48,0,5,7,2,19649,11,79
17309,06/22/2020T04:50:00 ,136821,16,48,1,5,7,2,19649,11,79
17310,06/22/2020T05:00:00 ,136821,16,48,1,5,7,2,19649,11,79
17311,06/22/2020T05:10:00 ,136821,16,48,1,5,7,2,19649,11,79
17312,06/22/2020T05:20:00 ,136821,16,48,1,5,7,2,19649,11,79
17313,06/22/2020T05:30:00 ,136821,16,48,1,5,7,2,19649,11,79
17314,06/22/2020T05:40:00 ,136821,16,48,1,5,7,2,19649,11,79
17315,06/22/2020T05:50:00 ,136821,16,48,1,5,7,2,19649,11,79
17316,06/22/2020T06:00:00 ,136821,16,48,1,4,8,2,19649,11,79
17317,06/22/2020T06:10:00 ,136821,16,48,1,4,8,2,19649,11,79
17318,06/22/2020T06:20:00 ,136821,16,48,1,4,8,2,19649,11,79
17319,06/22/2020T06:30:00 ,136821,16,48,1,4,8,2,19649,11,79
17320,06/22/2020T06:40:00 ,136821,16,48,1,4,8,2,19649,11,79
17321,06/22/2020T06:50:00 ,136821,16,48,1,4,8,2,19649,11,79
17322,06/22/2020T07:00:00 ,136821,16,48,1,4,8,2,19649,11,79
17323,06/22/2020T07:10:00 ,136821,16,48,1,4,8,2,19649,11,79
17324,06/22/2020T07:20:00 ,136821,16,48,1,4,8,2,19649,11,79
17325,06/22/2020T07:30:00 ,136821,16,48,1,4,8,2,19649,11,79
17326,06/22/2020T07:40:00 ,136821,16,48,1,4,8,2,19649,11,79
17327,06/22/2020T07:50:00 ,136820,17,48,1,4,8,2,19649,11,80
17328,06/22/2020T08:00:00 ,136820,17,48,1,4,8,2,19649,11,80
17329,06/22/2020T08:10:00 ,136820,17,48,1,4,8,2,19649,11,80
17330,06/22/2020T08:20:00 ,136820,17,48,1,4,8,2,19649,11,80
17331,06/22/2020T08:30:00 ,136820,17,48,1,4,8,2,19649,11,80
17332,06/22/2020T08:40:00 ,136820,17,48,1,4,8,2,19649,11,80
17333,06/22/2020T08:50:00 ,136820,17,47,1,4,8,2,19650,11,79
17334,06/22/2020T09:00:00 ,136820,17,47,1,4,8,2,19650,11,79
17335,06/22/2020T09:10:00 ,136820,17,46,1,4,8,2,19651,11,78
17336,06/22/2020T09:20:00 ,136820,17,46,1,4,8,2,19651,11,78
17337,06/22/2020T09:30:00 ,136820,17,46,1,4,8,2,19651,11,78
17338,06/22/2020T09:40:00 ,136820,17,46,1,4,8,2,19651,11,78
17339,06/22/2020T09:50:00 ,136820,17,46,1,4,8,2,19651,11,78
17340,06/22/2020T10:00:00 ,136820,17,46,1,4,8,2,19651,11,78
17341,06/22/2020T10:10:00 ,136820,17,46,1,4,8,2,19651,11,78
17342,06/22/2020T10:20:00 ,136820,17,46,1,4,8,2,19651,11,78
17343,06/22/2020T10:30:00 ,136820,17,46,1,4,8,2,19651,11,78
17344,06/22/2020T10:40:00 ,136820,17,46,1,4,8,2,19651,11,78
17345,06/22/2020T10:50:00 ,136820,17,46,1,4,8,2,19651,11,78
17346,06/22/2020T11:00:00 ,136820,17,45,1,4,8,2,19652,11,77
17347,06/22/2020T11:10:00 ,136820,17,45,1,4,8,2,19652,11,77
17348,06/22/2020T11:20:00 ,136820,17,45,1,4,8,2,19652,11,77
17349,06/22/2020T11:30:00 ,136820,17,44,1,4,8,2,19653,11,76
17350,06/22/2020T11:40:00 ,136820,17,44,1,4,8,2,19653,11,76
17351,06/22/2020T11:50:00 ,136820,17,44,1,4,8,2,19653,11,76
17352,06/22/2020T12:00:00 ,136820,17,43,1,4,8,2,19654,11,75
17353,06/22/2020T12:10:00 ,136820,17,43,1,4,8,2,19654,11,75
17354,06/22/2020T12:20:00 ,136820,17,43,1,4,8,2,19654,11,75
17355,06/22/2020T12:30:00 ,136820,17,43,1,4,8,2,19654,11,75
17356,06/22/2020T12:40:00 ,136820,17,43,1,4,8,2,19654,11,75
17357,06/22/2020T12:50:00 ,136820,17,43,1,4,8,2,19654,11,75
17358,06/22/2020T13:00:00 ,136820,17,42,1,4,8,2,19655,11,74
17359,06/22/2020T13:10:00 ,136820,17,42,1,4,8,2,19655,11,74
17360,06/22/2020T13:20:00 ,136820,17,42,1,4,8,2,19655,11,74
17361,06/22/2020T13:30:00 ,136820,17,42,1,4,8,2,19655,11,74
17362,06/22/2020T13:40:00 ,136820,17,42,1,4,8,2,19655,11,74
17363,06/22/2020T13:50:00 ,136820,17,42,1,4,8,2,19655,11,74
17364,06/22/2020T14:00:00 ,136820,17,42,1,4,8,2,19655,11,74
17365,06/22/2020T14:10:00 ,136820,17,42,1,4,8,2,19655,11,74
17366,06/22/2020T14:20:00 ,136820,17,42,1,4,8,2,19655,11,74
17367,06/22/2020T14:30:00 ,136820,17,42,1,4,8,2,19655,11,74
17368,06/22/2020T14:40:00 ,136820,17,42,1,4,8,2,19655,11,74
17369,06/22/2020T14:50:00 ,136820,17,41,1,4,8,2,19656,11,73
17370,06/22/2020T15:00:00 ,136820,17,40,1,4,8,2,19657,11,72
17371,06/22/2020T15:10:00 ,136820,17,40,1,4,7,2,19658,11,71
17372,06/22/2020T15:20:00 ,136820,17,40,1,4,7,2,19658,11,71
17373,06/22/2020T15:30:00 ,136820,17,40,1,4,7,2,19658,11,71
17374,06/22/2020T15:40:00 ,136820,17,40,1,4,7,2,19658,11,71
17375,06/22/2020T15:50:00 ,136820,17,40,1,4,7,2,19658,11,71
17376,06/22/2020T16:00:00 ,136820,17,40,1,4,7,2,19658,11,71
17377,06/22/2020T16:10:00 ,136820,17,40,1,4,7,2,19658,11,71
17378,06/22/2020T16:20:00 ,136820,17,40,1,4,7,2,19658,11,71
17379,06/22/2020T16:30:00 ,136820,16,41,1,4,7,2,19658,11,71
17380,06/22/2020T16:40:00 ,136820,16,41,1,4,7,2,19658,11,71
17381,06/22/2020T16:50:00 ,136820,16,40,1,4,7,2,19659,11,70
17382,06/22/2020T17:00:00 ,136820,16,40,1,4,7,2,19659,11,70
17383,06/22/2020T17:10:00 ,136820,16,40,1,4,7,2,19659,11,70
17384,06/22/2020T17:20:00 ,136820,15,40,2,4,7,2,19659,11,70
17385,06/22/2020T17:30:00 ,136820,15,40,2,4,7,2,19659,11,70
17386,06/22/2020T17:40:00 ,136819,16,40,2,4,7,2,19659,11,71
17387,06/22/2020T17:50:00 ,136819,16,40,2,4,7,2,19659,11,71
17388,06/22/2020T18:00:00 ,136819,16,40,2,4,7,2,19659,11,71
17389,06/22/2020T18:10:00 ,136819,16,40,2,4,7,2,19659,11,71
17390,06/22/2020T18:20:00 ,136819,16,40,2,4,7,2,19659,11,71
17391,06/22/2020T18:30:00 ,136819,16,40,2,4,7,2,19659,11,71
17392,06/22/2020T18:40:00 ,136819,16,40,2,4,7,2,19659,11,71
17393,06/22/2020T18:50:00 ,136819,16,40,2,4,7,2,19659,11,71
17394,06/22/2020T19:00:00 ,136819,16,40,2,4,7,2,19659,11,71
17395,06/22/2020T19:10:00 ,136819,16,40,2,4,7,2,19659,11,71
17396,06/22/2020T19:20:00 ,136819,16,40,2,4,7,2,19659,11,71
17397,06/22/2020T19:30:00 ,136819,16,40,2,4,7,2,19659,11,71
17398,06/22/2020T19:40:00 ,136819,16,40,2,4,7,2,19659,11,71
17399,06/22/2020T19:50:00 ,136819,16,40,2,4,7,2,19659,11,71
17400,06/22/2020T20:00:00 ,136819,16,40,2,4,7,2,19659,11,71
17401,06/22/2020T20:10:00 ,136819,16,40,2,4,7,2,19659,11,71
17402,06/22/2020T20:20:00 ,136819,16,40,2,4,7,2,19659,11,71
17403,06/22/2020T20:30:00 ,136819,16,40,2,4,7,2,19659,11,71
17404,06/22/2020T20:40:00 ,136819,16,40,2,4,7,2,19659,11,71
17405,06/22/2020T20:50:00 ,136818,16,40,3,4,7,2,19659,11,72
17406,06/22/2020T21:00:00 ,136818,16,40,3,4,7,2,19659,11,72
17407,06/22/2020T21:10:00 ,136818,16,40,3,4,7,2,19659,11,72
17408,06/22/2020T21:20:00 ,136818,16,40,3,4,7,2,19659,11,72
17409,06/22/2020T21:30:00 ,136818,16,40,3,4,7,2,19659,11,72
17410,06/22/2020T21:40:00 ,136818,16,40,3,4,7,2,19659,11,72
17411,06/22/2020T21:50:00 ,136818,16,40,3,4,7,2,19659,11,72
17412,06/22/2020T22:00:00 ,136818,16,40,3,4,7,2,19659,11,72
17413,06/22/2020T22:10:00 ,136818,16,40,3,4,7,2,19659,11,72
17414,06/22/2020T22:20:00 ,136818,16,40,3,4,7,2,19659,11,72
17415,06/22/2020T22:30:00 ,136818,16,40,3,4,7,2,19659,11,72
17416,06/22/2020T22:40:00 ,136818,16,40,3,4,7,2,19659,11,72
17417,06/22/2020T22:50:00 ,136818,16,40,3,4,7,2,19659,11,72
17418,06/22/2020T23:00:00 ,136818,16,40,3,4,7,2,19659,11,72
17419,06/22/2020T23:10:00 ,136818,16,40,3,4,7,2,19659,11,72
17420,06/22/2020T23:20:00 ,136818,16,40,3,4,7,2,19659,11,72
17421,06/22/2020T23:30:00 ,136818,16,40,3,4,7,2,19659,11,72
17422,06/22/2020T23:40:00 ,136818,16,40,3,4,7,2,19659,11,72
17423,06/22/2020T23:50:00 ,136818,16,40,3,4,7,2,19659,11,72
17424,06/23/2020T00:00:00 ,136818,16,40,3,4,7,2,19659,11,72
17425,06/23/2020T00:10:00 ,136818,16,40,3,4,7,2,19659,11,72
17426,06/23/2020T00:20:00 ,136818,16,40,3,4,7,2,19659,11,72
17427,06/23/2020T00:30:00 ,136818,16,40,3,4,7,2,19659,11,72
17428,06/23/2020T00:40:00 ,136818,16,40,3,4,7,2,19659,11,72
17429,06/23/2020T00:50:00 ,136818,16,40,3,4,7,2,19659,11,72
17430,06/23/2020T01:00:00 ,136818,16,39,3,4,7,2,19660,11,71
17431,06/23/2020T01:10:00 ,136818,16,39,2,5,7,2,19660,11,71
17432,06/23/2020T01:20:00 ,136818,16,39,2,5,7,2,19660,11,71
17433,06/23/2020T01:30:00 ,136818,16,39,2,5,7,2,19660,11,71
17434,06/23/2020T01:40:00 ,136818,16,39,2,5,7,2,19660,11,71
17435,06/23/2020T01:50:00 ,136818,16,39,2,5,7,2,19660,11,71
17436,06/23/2020T02:00:00 ,136818,16,39,2,5,7,2,19660,11,71
17437,06/23/2020T02:10:00 ,136818,16,39,2,5,7,2,19660,11,71
17438,06/23/2020T02:20:00 ,136818,16,39,2,5,7,2,19660,11,71
17439,06/23/2020T02:30:00 ,136818,16,39,2,5,7,2,19660,11,71
17440,06/23/2020T02:40:00 ,136818,16,39,2,5,7,2,19660,11,71
17441,06/23/2020T02:50:00 ,136818,16,39,2,5,7,2,19660,11,71
17442,06/23/2020T03:00:00 ,136818,16,39,2,5,7,2,19660,11,71
17443,06/23/2020T03:10:00 ,136818,16,39,2,5,7,2,19660,11,71
17444,06/23/2020T03:20:00 ,136818,16,39,2,5,7,2,19660,11,71
17445,06/23/2020T03:30:00 ,136818,16,39,2,5,7,2,19660,11,71
17446,06/23/2020T03:40:00 ,136818,16,39,2,5,7,2,19660,11,71
17447,06/23/2020T03:50:00 ,136818,16,38,2,5,7,2,19661,11,70
17448,06/23/2020T04:00:00 ,136818,16,38,2,5,7,2,19661,11,70
17449,06/23/2020T04:10:00 ,136818,16,38,2,5,6,2,19662,11,69
17450,06/23/2020T04:20:00 ,136818,16,38,2,5,6,2,19662,11,69
17451,06/23/2020T04:30:00 ,136818,16,38,2,4,6,2,19663,11,68
17452,06/23/2020T04:40:00 ,136818,16,38,2,4,6,2,19663,11,68
17453,06/23/2020T04:50:00 ,136818,16,38,2,4,6,2,19663,11,68
17454,06/23/2020T05:00:00 ,136818,16,38,2,4,6,2,19663,11,68
17455,06/23/2020T05:10:00 ,136818,16,38,2,4,6,2,19663,11,68
17456,06/23/2020T05:20:00 ,136818,16,37,2,4,6,2,19664,11,67
17457,06/23/2020T05:30:00 ,136818,16,37,2,4,6,2,19664,11,67
17458,06/23/2020T05:40:00 ,136818,16,37,2,4,6,2,19664,11,67
17459,06/23/2020T05:50:00 ,136818,16,37,2,3,6,2,19665,11,66
17460,06/23/2020T06:00:00 ,136818,16,36,2,3,6,2,19666,11,65
17461,06/23/2020T06:10:00 ,136818,16,36,2,3,6,2,19666,11,65
17462,06/23/2020T06:20:00 ,136818,16,36,2,3,6,2,19666,11,65
17463,06/23/2020T06:30:00 ,136818,16,36,2,3,6,2,19666,11,65
17464,06/23/2020T06:40:00 ,136818,16,36,2,3,6,2,19666,11,65
17465,06/23/2020T06:50:00 ,136818,16,36,2,3,6,2,19666,11,65
17466,06/23/2020T07:00:00 ,136818,16,36,2,3,6,2,19666,11,65
17467,06/23/2020T07:10:00 ,136818,16,36,2,3,6,2,19666,11,65
17468,06/23/2020T07:20:00 ,136818,16,36,2,3,6,2,19666,11,65
17469,06/23/2020T07:30:00 ,136818,16,36,2,3,6,2,19666,11,65
17470,06/23/2020T07:40:00 ,136818,16,36,2,3,6,2,19666,11,65
17471,06/23/2020T07:50:00 ,136818,16,36,2,3,6,2,19666,11,65
17472,06/23/2020T08:00:00 ,136818,16,36,2,3,6,2,19666,11,65
17473,06/23/2020T08:10:00 ,136818,16,35,2,3,6,2,19667,11,64
17474,06/23/2020T08:20:00 ,136817,17,35,2,3,6,2,19667,11,65
17475,06/23/2020T08:30:00 ,136816,18,35,2,3,6,2,19667,11,66
17476,06/23/2020T08:40:00 ,136816,18,35,2,3,6,2,19667,11,66
17477,06/23/2020T08:50:00 ,136816,18,35,2,3,6,2,19667,11,66
17478,06/23/2020T09:00:00 ,136816,18,35,2,3,6,2,19667,11,66
17479,06/23/2020T09:10:00 ,136816,18,35,2,3,6,2,19667,11,66
17480,06/23/2020T09:20:00 ,136816,18,35,2,3,6,2,19667,11,66
17481,06/23/2020T09:30:00 ,136816,18,35,2,3,6,2,19667,11,66
17482,06/23/2020T09:40:00 ,136816,18,35,2,3,6,2,19667,11,66
17483,06/23/2020T09:50:00 ,136816,18,35,2,3,6,2,19667,11,66
17484,06/23/2020T10:00:00 ,136816,18,35,2,3,6,2,19667,11,66
17485,06/23/2020T10:10:00 ,136816,18,35,2,3,6,2,19667,11,66
17486,06/23/2020T10:20:00 ,136816,18,35,2,3,6,2,19667,11,66
17487,06/23/2020T10:30:00 ,136816,18,35,2,3,6,2,19667,11,66
17488,06/23/2020T10:40:00 ,136816,18,35,2,3,6,2,19667,11,66
17489,06/23/2020T10:50:00 ,136816,18,35,2,3,6,2,19667,11,66
17490,06/23/2020T11:00:00 ,136816,18,35,2,3,6,2,19667,11,66
17491,06/23/2020T11:10:00 ,136816,18,35,2,3,6,2,19667,11,66
17492,06/23/2020T11:20:00 ,136816,18,35,2,3,6,2,19667,11,66
17493,06/23/2020T11:30:00 ,136816,18,35,2,3,6,2,19667,11,66
17494,06/23/2020T11:40:00 ,136816,18,35,2,3,6,2,19667,11,66
17495,06/23/2020T11:50:00 ,136816,18,35,2,3,6,2,19667,11,66
17496,06/23/2020T12:00:00 ,136816,18,35,2,3,6,2,19667,11,66
17497,06/23/2020T12:10:00 ,136816,18,35,2,3,6,2,19667,11,66
17498,06/23/2020T12:20:00 ,136816,18,35,2,2,6,2,19668,11,65
17499,06/23/2020T12:30:00 ,136816,18,35,2,2,6,2,19668,11,65
17500,06/23/2020T12:40:00 ,136816,18,35,2,2,6,2,19668,11,65
17501,06/23/2020T12:50:00 ,136816,18,35,2,2,6,2,19668,11,65
17502,06/23/2020T13:00:00 ,136816,18,35,2,2,6,2,19668,11,65
17503,06/23/2020T13:10:00 ,136816,18,35,2,2,6,2,19668,11,65
17504,06/23/2020T13:20:00 ,136815,19,34,2,2,6,2,19669,11,65
17505,06/23/2020T13:30:00 ,136815,19,34,2,2,6,2,19669,11,65
17506,06/23/2020T13:40:00 ,136815,19,34,2,2,6,2,19669,11,65
17507,06/23/2020T13:50:00 ,136815,19,34,2,2,6,2,19669,11,65
17508,06/23/2020T14:00:00 ,136815,19,34,2,2,6,2,19669,11,65
17509,06/23/2020T14:10:00 ,136815,19,34,2,2,6,2,19669,11,65
17510,06/23/2020T14:20:00 ,136815,19,34,2,2,6,2,19669,11,65
17511,06/23/2020T14:30:00 ,136815,19,34,2,2,6,2,19669,11,65
17512,06/23/2020T14:40:00 ,136815,19,34,2,2,6,2,19669,11,65
17513,06/23/2020T14:50:00 ,136815,19,34,2,2,6,2,19669,11,65
17514,06/23/2020T15:00:00 ,136815,19,34,2,2,6,2,19669,11,65
17515,06/23/2020T15:10:00 ,136815,19,34,2,2,6,2,19669,11,65
17516,06/23/2020T15:20:00 ,136815,19,34,2,2,6,2,19669,11,65
17517,06/23/2020T15:30:00 ,136815,18,35,2,2,6,2,19669,11,65
17518,06/23/2020T15:40:00 ,136815,18,35,2,2,6,2,19669,11,65
17519,06/23/2020T15:50:00 ,136815,18,35,2,2,6,2,19669,11,65
17520,06/23/2020T16:00:00 ,136815,18,35,2,2,6,2,19669,11,65
17521,06/23/2020T16:10:00 ,136815,18,35,2,2,6,2,19669,11,65
17522,06/23/2020T16:20:00 ,136815,18,35,2,2,6,2,19669,11,65
17523,06/23/2020T16:30:00 ,136815,17,36,2,2,6,2,19669,11,65
17524,06/23/2020T16:40:00 ,136815,17,36,2,2,6,2,19669,11,65
17525,06/23/2020T16:50:00 ,136815,17,36,2,2,6,2,19669,11,65
17526,06/23/2020T17:00:00 ,136815,17,36,2,2,6,2,19669,11,65
17527,06/23/2020T17:10:00 ,136815,16,37,2,2,6,2,19669,11,65
17528,06/23/2020T17:20:00 ,136815,16,37,2,2,6,2,19669,11,65
17529,06/23/2020T17:30:00 ,136815,16,37,2,2,6,2,19669,11,65
17530,06/23/2020T17:40:00 ,136815,16,37,2,2,6,2,19669,11,65
17531,06/23/2020T17:50:00 ,136815,16,37,2,2,6,2,19669,11,65
17532,06/23/2020T18:00:00 ,136815,16,36,2,2,6,2,19670,11,64
17533,06/23/2020T18:10:00 ,136815,16,36,2,2,6,2,19670,11,64
17534,06/23/2020T18:20:00 ,136815,16,36,2,2,6,2,19670,11,64
17535,06/23/2020T18:30:00 ,136815,16,36,2,2,6,2,19670,11,64
17536,06/23/2020T18:40:00 ,136815,16,36,2,2,6,2,19670,11,64
17537,06/23/2020T18:50:00 ,136815,15,37,2,2,6,2,19670,11,64
17538,06/23/2020T19:00:00 ,136815,15,37,2,2,6,2,19670,11,64
17539,06/23/2020T19:10:00 ,136815,15,37,2,2,6,2,19670,11,64
17540,06/23/2020T19:20:00 ,136815,15,37,2,2,6,2,19670,11,64
17541,06/23/2020T19:30:00 ,136815,15,37,2,2,6,2,19670,11,64
17542,06/23/2020T19:40:00 ,136815,15,37,2,2,6,2,19670,11,64
17543,06/23/2020T19:50:00 ,136815,15,37,2,2,6,2,19670,11,64
17544,06/23/2020T20:00:00 ,136815,15,37,2,2,6,2,19670,11,64
17545,06/23/2020T20:10:00 ,136815,15,37,2,2,6,2,19670,11,64
17546,06/23/2020T20:20:00 ,136815,15,37,2,2,6,2,19670,11,64
17547,06/23/2020T20:30:00 ,136815,15,37,2,2,6,2,19670,11,64
17548,06/23/2020T20:40:00 ,136815,15,37,2,2,6,2,19670,11,64
17549,06/23/2020T20:50:00 ,136815,15,37,2,2,6,2,19670,11,64
17550,06/23/2020T21:00:00 ,136815,15,37,2,2,6,2,19670,11,64
17551,06/23/2020T21:10:00 ,136815,15,37,2,2,6,2,19670,11,64
17552,06/23/2020T21:20:00 ,136815,15,37,2,2,6,2,19670,11,64
17553,06/23/2020T21:30:00 ,136815,15,37,2,2,6,2,19670,11,64
17554,06/23/2020T21:40:00 ,136815,15,37,2,2,6,2,19670,11,64
17555,06/23/2020T21:50:00 ,136815,15,37,2,2,6,2,19670,11,64
17556,06/23/2020T22:00:00 ,136815,15,37,2,2,6,2,19670,11,64
17557,06/23/2020T22:10:00 ,136815,15,37,2,2,6,2,19670,11,64
17558,06/23/2020T22:20:00 ,136815,15,37,2,2,6,2,19670,11,64
17559,06/23/2020T22:30:00 ,136815,15,37,2,2,6,2,19670,11,64
17560,06/23/2020T22:40:00 ,136815,15,37,2,2,6,2,19670,11,64
17561,06/23/2020T22:50:00 ,136815,15,37,2,2,6,2,19670,11,64
17562,06/23/2020T23:00:00 ,136815,15,37,2,2,6,2,19670,11,64
17563,06/23/2020T23:10:00 ,136815,15,37,2,2,6,2,19670,11,64
17564,06/23/2020T23:20:00 ,136815,15,37,2,2,6,2,19670,11,64
17565,06/23/2020T23:30:00 ,136815,15,37,2,2,6,2,19670,11,64
17566,06/23/2020T23:40:00 ,136815,15,37,2,2,6,2,19670,11,64
17567,06/23/2020T23:50:00 ,136815,15,37,2,2,6,2,19670,11,64
17568,06/24/2020T00:00:00 ,136815,15,37,2,2,6,2,19670,11,64
17569,06/24/2020T00:10:00 ,136815,15,37,2,2,6,2,19670,11,64
17570,06/24/2020T00:20:00 ,136815,15,37,2,2,6,2,19670,11,64
17571,06/24/2020T00:30:00 ,136815,15,37,2,2,6,2,19670,11,64
17572,06/24/2020T00:40:00 ,136815,15,37,2,2,6,2,19670,11,64
17573,06/24/2020T00:50:00 ,136815,15,37,2,2,6,2,19670,11,64
17574,06/24/2020T01:00:00 ,136815,15,37,2,2,6,2,19670,11,64
17575,06/24/2020T01:10:00 ,136815,15,37,2,2,6,2,19670,11,64
17576,06/24/2020T01:20:00 ,136814,16,37,2,2,6,2,19670,11,65
17577,06/24/2020T01:30:00 ,136814,16,37,2,2,6,2,19670,11,65
17578,06/24/2020T01:40:00 ,136814,16,37,2,2,6,2,19670,11,65
17579,06/24/2020T01:50:00 ,136814,16,37,2,2,5,2,19671,11,64
17580,06/24/2020T02:00:00 ,136814,16,37,2,2,5,2,19671,11,64
17581,06/24/2020T02:10:00 ,136814,16,37,2,2,5,2,19671,11,64
17582,06/24/2020T02:20:00 ,136814,16,37,2,2,5,2,19671,11,64
17583,06/24/2020T02:30:00 ,136814,16,37,2,2,5,2,19671,11,64
17584,06/24/2020T02:40:00 ,136814,16,36,2,2,5,2,19672,11,63
17585,06/24/2020T02:50:00 ,136814,16,36,2,2,5,2,19672,11,63
17586,06/24/2020T03:00:00 ,136814,16,36,2,2,5,2,19672,11,63
17587,06/24/2020T03:10:00 ,136814,16,36,2,2,5,2,19672,11,63
17588,06/24/2020T03:20:00 ,136814,16,36,2,2,5,2,19672,11,63
17589,06/24/2020T03:30:00 ,136814,16,36,2,2,5,2,19672,11,63
17590,06/24/2020T03:40:00 ,136814,16,36,2,2,5,2,19672,11,63
17591,06/24/2020T03:50:00 ,136814,16,36,2,2,5,2,19672,11,63
17592,06/24/2020T04:00:00 ,136814,16,36,2,2,5,2,19672,11,63
17593,06/24/2020T04:10:00 ,136814,16,36,2,2,5,2,19672,11,63
17594,06/24/2020T04:20:00 ,136814,16,36,2,2,5,2,19672,11,63
17595,06/24/2020T04:30:00 ,136814,16,36,2,2,5,2,19672,11,63
17596,06/24/2020T04:40:00 ,136814,16,36,2,2,5,2,19672,11,63
17597,06/24/2020T04:50:00 ,136814,16,36,2,2,5,2,19672,11,63
17598,06/24/2020T05:00:00 ,136814,16,36,2,2,5,2,19672,11,63
17599,06/24/2020T05:10:00 ,136814,16,36,2,2,5,2,19672,11,63
17600,06/24/2020T05:20:00 ,136814,16,36,2,2,5,2,19672,11,63
17601,06/24/2020T05:30:00 ,136814,16,36,2,2,5,2,19672,11,63
17602,06/24/2020T05:40:00 ,136814,16,36,2,2,5,2,19672,11,63
17603,06/24/2020T05:50:00 ,136814,16,36,2,2,5,2,19672,11,63
17604,06/24/2020T06:00:00 ,136814,16,36,2,2,5,2,19672,11,63
17605,06/24/2020T06:10:00 ,136814,16,36,2,2,5,2,19672,11,63
17606,06/24/2020T06:20:00 ,136814,16,36,2,2,5,2,19672,11,63
17607,06/24/2020T06:30:00 ,136814,16,36,2,2,5,2,19672,11,63
17608,06/24/2020T06:40:00 ,136814,16,36,2,2,5,2,19672,11,63
17609,06/24/2020T06:50:00 ,136814,15,37,2,2,5,2,19672,11,63
17610,06/24/2020T07:00:00 ,136814,15,37,2,2,5,2,19672,11,63
17611,06/24/2020T07:10:00 ,136814,15,37,2,2,5,2,19672,11,63
17612,06/24/2020T07:20:00 ,136814,15,37,2,2,5,2,19672,11,63
17613,06/24/2020T07:30:00 ,136814,15,37,2,2,5,2,19672,11,63
17614,06/24/2020T07:40:00 ,136814,15,37,2,2,5,2,19672,11,63
17615,06/24/2020T07:50:00 ,136814,15,37,2,2,5,2,19672,11,63
17616,06/24/2020T08:00:00 ,136814,15,37,2,2,5,2,19672,11,63
17617,06/24/2020T08:10:00 ,136814,15,37,2,2,5,2,19672,11,63
17618,06/24/2020T08:20:00 ,136814,15,37,2,2,5,2,19672,11,63
17619,06/24/2020T08:30:00 ,136814,15,36,2,2,5,2,19673,11,62
17620,06/24/2020T08:40:00 ,136814,15,36,2,2,5,2,19673,11,62
17621,06/24/2020T08:50:00 ,136814,15,36,2,2,5,2,19673,11,62
17622,06/24/2020T09:00:00 ,136814,15,36,2,2,5,2,19673,11,62
17623,06/24/2020T09:10:00 ,136814,15,36,2,2,5,2,19673,11,62
17624,06/24/2020T09:20:00 ,136814,15,35,2,2,5,2,19674,11,61
17625,06/24/2020T09:30:00 ,136814,15,35,2,2,5,2,19674,11,61
17626,06/24/2020T09:40:00 ,136814,15,35,2,2,5,2,19674,11,61
17627,06/24/2020T09:50:00 ,136814,15,35,2,2,5,2,19674,11,61
17628,06/24/2020T10:00:00 ,136814,15,35,2,2,5,2,19674,11,61
17629,06/24/2020T10:10:00 ,136814,15,35,2,2,5,2,19674,11,61
17630,06/24/2020T10:20:00 ,136814,15,35,2,2,5,2,19674,11,61
17631,06/24/2020T10:30:00 ,136814,15,35,2,2,5,2,19674,11,61
17632,06/24/2020T10:40:00 ,136814,15,35,2,2,5,2,19674,11,61
17633,06/24/2020T10:50:00 ,136814,15,35,2,2,5,2,19674,11,61
17634,06/24/2020T11:00:00 ,136814,15,35,2,2,5,2,19674,11,61
17635,06/24/2020T11:10:00 ,136814,15,35,2,2,5,2,19674,11,61
17636,06/24/2020T11:20:00 ,136813,16,35,2,2,5,2,19674,11,62
17637,06/24/2020T11:30:00 ,136813,16,35,2,2,5,2,19674,11,62
17638,06/24/2020T11:40:00 ,136813,16,35,2,2,5,2,19674,11,62
17639,06/24/2020T11:50:00 ,136813,16,35,2,2,5,2,19674,11,62
17640,06/24/2020T12:00:00 ,136813,16,35,2,2,5,2,19674,11,62
17641,06/24/2020T12:10:00 ,136813,16,35,2,2,5,2,19674,11,62
17642,06/24/2020T12:20:00 ,136813,15,35,3,2,5,2,19674,11,62
17643,06/24/2020T12:30:00 ,136813,15,35,3,2,5,2,19674,11,62
17644,06/24/2020T12:40:00 ,136813,15,35,3,2,5,2,19674,11,62
17645,06/24/2020T12:50:00 ,136813,15,35,3,2,5,2,19674,11,62
17646,06/24/2020T13:00:00 ,136813,15,35,3,2,5,2,19674,11,62
17647,06/24/2020T13:10:00 ,136813,15,35,3,2,5,2,19674,11,62
17648,06/24/2020T13:20:00 ,136813,15,35,3,2,5,2,19674,11,62
17649,06/24/2020T13:30:00 ,136813,15,35,3,2,5,2,19674,11,62
17650,06/24/2020T13:40:00 ,136813,15,35,3,2,5,2,19674,11,62
17651,06/24/2020T13:50:00 ,136813,15,35,3,2,5,2,19674,11,62
17652,06/24/2020T14:00:00 ,136813,15,35,3,2,5,2,19674,11,62
17653,06/24/2020T14:10:00 ,136813,15,35,3,2,5,2,19674,11,62
17654,06/24/2020T14:20:00 ,136813,14,35,4,2,5,2,19674,11,62
17655,06/24/2020T14:30:00 ,136813,14,35,4,2,5,2,19674,11,62
17656,06/24/2020T14:40:00 ,136813,14,35,4,2,5,2,19674,11,62
17657,06/24/2020T14:50:00 ,136813,14,35,4,2,5,2,19674,11,62
17658,06/24/2020T15:00:00 ,136813,13,36,4,2,5,2,19674,11,62
17659,06/24/2020T15:10:00 ,136813,13,36,4,2,5,2,19674,11,62
17660,06/24/2020T15:20:00 ,136813,13,36,4,2,5,2,19674,11,62
17661,06/24/2020T15:30:00 ,136813,13,36,4,2,5,2,19674,11,62
17662,06/24/2020T15:40:00 ,136813,13,36,4,2,5,2,19674,11,62
17663,06/24/2020T15:50:00 ,136813,13,36,4,2,5,2,19674,11,62
17664,06/24/2020T16:00:00 ,136813,13,36,4,2,5,2,19674,11,62
17665,06/24/2020T16:10:00 ,136813,13,36,4,2,5,2,19674,11,62
17666,06/24/2020T16:20:00 ,136813,13,36,4,2,5,2,19674,11,62
17667,06/24/2020T16:30:00 ,136813,13,36,4,2,5,2,19674,11,62
17668,06/24/2020T16:40:00 ,136813,13,36,4,2,5,2,19674,11,62
17669,06/24/2020T16:50:00 ,136813,13,36,4,2,5,2,19674,11,62
17670,06/24/2020T17:00:00 ,136813,13,36,4,2,5,2,19674,11,62
17671,06/24/2020T17:10:00 ,136813,12,37,4,2,5,2,19674,11,62
17672,06/24/2020T17:20:00 ,136813,12,37,4,2,5,2,19674,11,62
17673,06/24/2020T17:30:00 ,136813,12,37,4,2,5,2,19674,11,62
17674,06/24/2020T17:40:00 ,136813,12,37,4,2,5,2,19674,11,62
17675,06/24/2020T17:50:00 ,136813,12,37,4,2,5,2,19674,11,62
17676,06/24/2020T18:00:00 ,136813,12,37,4,2,5,2,19674,11,62
17677,06/24/2020T18:10:00 ,136813,12,37,4,2,5,2,19674,11,62
17678,06/24/2020T18:20:00 ,136813,11,38,4,2,5,2,19674,11,62
17679,06/24/2020T18:30:00 ,136813,11,38,4,2,5,2,19674,11,62
17680,06/24/2020T18:40:00 ,136813,11,38,4,2,5,2,19674,11,62
17681,06/24/2020T18:50:00 ,136813,11,38,4,2,5,2,19674,11,62
17682,06/24/2020T19:00:00 ,136813,11,38,4,2,5,2,19674,11,62
17683,06/24/2020T19:10:00 ,136813,11,38,4,2,5,2,19674,11,62
17684,06/24/2020T19:20:00 ,136813,10,39,4,2,5,2,19674,11,62
17685,06/24/2020T19:30:00 ,136813,10,39,4,2,5,2,19674,11,62
17686,06/24/2020T19:40:00 ,136813,10,38,4,2,5,2,19675,11,61
17687,06/24/2020T19:50:00 ,136813,10,38,4,2,5,2,19675,11,61
17688,06/24/2020T20:00:00 ,136813,10,38,4,2,5,2,19675,11,61
17689,06/24/2020T20:10:00 ,136813,10,38,4,2,5,2,19675,11,61
17690,06/24/2020T20:20:00 ,136813,10,38,4,2,5,2,19675,11,61
17691,06/24/2020T20:30:00 ,136813,10,38,4,2,5,2,19675,11,61
17692,06/24/2020T20:40:00 ,136813,10,38,4,2,5,2,19675,11,61
17693,06/24/2020T20:50:00 ,136813,10,37,4,2,5,2,19676,11,60
17694,06/24/2020T21:00:00 ,136813,10,37,4,2,5,2,19676,11,60
17695,06/24/2020T21:10:00 ,136813,10,37,4,2,5,2,19676,11,60
17696,06/24/2020T21:20:00 ,136813,10,37,4,2,5,2,19676,11,60
17697,06/24/2020T21:30:00 ,136813,10,37,4,2,5,2,19676,11,60
17698,06/24/2020T21:40:00 ,136813,10,36,4,2,5,2,19677,11,59
17699,06/24/2020T21:50:00 ,136813,10,36,4,2,5,2,19677,11,59
17700,06/24/2020T22:00:00 ,136813,10,36,4,2,5,2,19677,11,59
17701,06/24/2020T22:10:00 ,136813,10,36,4,2,5,2,19677,11,59
17702,06/24/2020T22:20:00 ,136813,10,36,4,2,5,2,19677,11,59
17703,06/24/2020T22:30:00 ,136813,10,36,4,2,5,2,19677,11,59
17704,06/24/2020T22:40:00 ,136813,10,36,4,2,5,2,19677,11,59
17705,06/24/2020T22:50:00 ,136813,10,36,4,2,5,2,19677,11,59
17706,06/24/2020T23:00:00 ,136813,10,36,4,1,5,2,19678,11,58
17707,06/24/2020T23:10:00 ,136813,10,35,4,1,5,2,19679,11,57
17708,06/24/2020T23:20:00 ,136813,10,35,4,1,5,2,19679,11,57
17709,06/24/2020T23:30:00 ,136813,10,35,4,1,5,2,19679,11,57
17710,06/24/2020T23:40:00 ,136813,10,35,4,1,5,2,19679,11,57
17711,06/24/2020T23:50:00 ,136813,10,35,4,1,5,2,19679,11,57
17712,06/25/2020T00:00:00 ,136813,10,35,4,1,5,2,19679,11,57
17713,06/25/2020T00:10:00 ,136813,10,35,4,1,5,2,19679,11,57
17714,06/25/2020T00:20:00 ,136813,10,35,4,1,4,2,19680,11,56
17715,06/25/2020T00:30:00 ,136813,10,35,4,1,4,2,19680,11,56
17716,06/25/2020T00:40:00 ,136813,10,35,4,1,4,2,19680,11,56
17717,06/25/2020T00:50:00 ,136813,10,35,4,1,4,2,19680,11,56
17718,06/25/2020T01:00:00 ,136813,10,35,4,1,4,2,19680,11,56
17719,06/25/2020T01:10:00 ,136813,10,34,4,1,4,2,19681,11,55
17720,06/25/2020T01:20:00 ,136813,10,34,4,1,4,2,19681,11,55
17721,06/25/2020T01:30:00 ,136813,10,34,4,1,4,2,19681,11,55
17722,06/25/2020T01:40:00 ,136813,10,34,4,1,4,2,19681,11,55
17723,06/25/2020T01:50:00 ,136813,10,34,4,1,4,2,19681,11,55
17724,06/25/2020T02:00:00 ,136813,10,34,4,1,4,2,19681,11,55
17725,06/25/2020T02:10:00 ,136813,10,34,4,1,4,2,19681,11,55
17726,06/25/2020T02:20:00 ,136813,10,34,3,2,4,2,19681,11,55
17727,06/25/2020T02:30:00 ,136813,10,34,3,2,4,2,19681,11,55
17728,06/25/2020T02:40:00 ,136813,10,34,3,2,4,2,19681,11,55
17729,06/25/2020T02:50:00 ,136813,9,35,3,2,4,2,19681,11,55
17730,06/25/2020T03:00:00 ,136813,9,35,3,2,4,2,19681,11,55
17731,06/25/2020T03:10:00 ,136813,8,36,3,2,4,2,19681,11,55
17732,06/25/2020T03:20:00 ,136813,8,36,3,2,4,2,19681,11,55
17733,06/25/2020T03:30:00 ,136813,8,36,3,2,4,2,19681,11,55
17734,06/25/2020T03:40:00 ,136813,8,36,3,2,4,2,19681,11,55
17735,06/25/2020T03:50:00 ,136813,8,36,3,2,4,2,19681,11,55
17736,06/25/2020T04:00:00 ,136813,8,36,3,2,4,2,19681,11,55
17737,06/25/2020T04:10:00 ,136813,8,36,3,2,4,2,19681,11,55
17738,06/25/2020T04:20:00 ,136813,8,36,3,2,4,2,19681,11,55
17739,06/25/2020T04:30:00 ,136813,8,36,3,2,4,2,19681,11,55
17740,06/25/2020T04:40:00 ,136813,8,36,3,2,4,2,19681,11,55
17741,06/25/2020T04:50:00 ,136813,8,36,3,2,4,2,19681,11,55
17742,06/25/2020T05:00:00 ,136813,8,36,3,2,4,2,19681,11,55
17743,06/25/2020T05:10:00 ,136813,8,36,3,2,4,2,19681,11,55
17744,06/25/2020T05:20:00 ,136813,8,36,3,2,4,2,19681,11,55
17745,06/25/2020T05:30:00 ,136813,8,36,3,2,4,2,19681,11,55
17746,06/25/2020T05:40:00 ,136813,8,36,3,2,4,2,19681,11,55
17747,06/25/2020T05:50:00 ,136813,8,36,3,2,4,2,19681,11,55
17748,06/25/2020T06:00:00 ,136813,8,36,3,2,4,2,19681,11,55
17749,06/25/2020T06:10:00 ,136813,8,36,3,2,4,2,19681,11,55
17750,06/25/2020T06:20:00 ,136813,8,36,3,2,4,2,19681,11,55
17751,06/25/2020T06:30:00 ,136813,8,36,3,2,4,2,19681,11,55
17752,06/25/2020T06:40:00 ,136813,8,36,3,2,4,2,19681,11,55
17753,06/25/2020T06:50:00 ,136813,8,36,3,2,4,2,19681,11,55
17754,06/25/2020T07:00:00 ,136813,8,36,3,2,4,2,19681,11,55
17755,06/25/2020T07:10:00 ,136813,8,36,3,2,4,2,19681,11,55
17756,06/25/2020T07:20:00 ,136813,8,36,3,2,4,2,19681,11,55
17757,06/25/2020T07:30:00 ,136813,8,36,3,2,4,2,19681,11,55
17758,06/25/2020T07:40:00 ,136813,8,36,3,2,4,2,19681,11,55
17759,06/25/2020T07:50:00 ,136813,8,36,3,2,4,2,19681,11,55
17760,06/25/2020T08:00:00 ,136813,8,36,3,2,4,2,19681,11,55
17761,06/25/2020T08:10:00 ,136813,8,36,3,2,4,2,19681,11,55
17762,06/25/2020T08:20:00 ,136813,8,36,3,2,4,2,19681,11,55
17763,06/25/2020T08:30:00 ,136813,8,36,3,2,4,2,19681,11,55
17764,06/25/2020T08:40:00 ,136813,8,36,3,2,4,2,19681,11,55
17765,06/25/2020T08:50:00 ,136813,8,36,3,2,4,2,19681,11,55
17766,06/25/2020T09:00:00 ,136813,8,36,3,2,4,2,19681,11,55
17767,06/25/2020T09:10:00 ,136813,8,35,3,2,4,2,19682,11,54
17768,06/25/2020T09:20:00 ,136813,8,35,3,2,4,2,19682,11,54
17769,06/25/2020T09:30:00 ,136813,8,35,3,2,4,2,19682,11,54
17770,06/25/2020T09:40:00 ,136813,8,35,3,2,4,2,19682,11,54
17771,06/25/2020T09:50:00 ,136813,8,35,3,2,4,2,19682,11,54
17772,06/25/2020T10:00:00 ,136813,8,35,3,2,4,2,19682,11,54
17773,06/25/2020T10:10:00 ,136813,8,35,3,2,4,2,19682,11,54
17774,06/25/2020T10:20:00 ,136813,8,35,3,2,4,2,19682,11,54
17775,06/25/2020T10:30:00 ,136813,8,35,3,2,4,2,19682,11,54
17776,06/25/2020T10:40:00 ,136813,8,35,3,2,4,2,19682,11,54
17777,06/25/2020T10:50:00 ,136813,8,35,3,2,4,2,19682,11,54
17778,06/25/2020T11:00:00 ,136813,8,35,3,2,4,2,19682,11,54
17779,06/25/2020T11:10:00 ,136813,8,35,3,2,4,2,19682,11,54
17780,06/25/2020T11:20:00 ,136813,8,35,3,2,4,2,19682,11,54
17781,06/25/2020T11:30:00 ,136813,8,35,3,2,4,2,19682,11,54
17782,06/25/2020T11:40:00 ,136813,8,35,3,2,4,2,19682,11,54
17783,06/25/2020T11:50:00 ,136813,8,34,3,2,4,2,19683,11,53
17784,06/25/2020T12:00:00 ,136813,8,34,3,2,4,2,19683,11,53
17785,06/25/2020T12:10:00 ,136813,8,34,3,2,4,2,19683,11,53
17786,06/25/2020T12:20:00 ,136813,8,34,3,2,4,2,19683,11,53
17787,06/25/2020T12:30:00 ,136813,8,34,3,2,4,2,19683,11,53
17788,06/25/2020T12:40:00 ,136813,8,34,3,2,4,2,19683,11,53
17789,06/25/2020T12:50:00 ,136813,8,34,3,2,4,2,19683,11,53
17790,06/25/2020T13:00:00 ,136813,8,34,3,2,4,2,19683,11,53
17791,06/25/2020T13:10:00 ,136813,8,34,3,2,4,2,19683,11,53
17792,06/25/2020T13:20:00 ,136813,8,34,3,2,4,2,19683,11,53
17793,06/25/2020T13:30:00 ,136813,8,34,3,2,4,2,19683,11,53
17794,06/25/2020T13:40:00 ,136813,8,34,3,2,4,2,19683,11,53
17795,06/25/2020T13:50:00 ,136813,8,34,3,2,5,1,19683,11,53
17796,06/25/2020T14:00:00 ,136813,8,34,3,2,5,1,19683,11,53
17797,06/25/2020T14:10:00 ,136813,8,34,3,2,5,1,19683,11,53
17798,06/25/2020T14:20:00 ,136813,8,34,3,2,5,1,19683,11,53
17799,06/25/2020T14:30:00 ,136813,8,34,3,2,5,1,19683,11,53
17800,06/25/2020T14:40:00 ,136813,8,34,3,2,5,1,19683,11,53
17801,06/25/2020T14:50:00 ,136813,8,34,3,2,5,1,19683,11,53
17802,06/25/2020T15:00:00 ,136813,8,34,3,2,5,1,19683,11,53
17803,06/25/2020T15:10:00 ,136813,8,34,3,2,5,1,19683,11,53
17804,06/25/2020T15:20:00 ,136813,8,34,3,2,5,1,19683,11,53
17805,06/25/2020T15:30:00 ,136813,8,34,3,2,5,1,19683,11,53
17806,06/25/2020T15:40:00 ,136813,8,34,3,2,5,1,19683,11,53
17807,06/25/2020T15:50:00 ,136813,8,34,3,2,5,1,19683,11,53
17808,06/25/2020T16:00:00 ,136813,8,34,3,2,5,1,19683,11,53
17809,06/25/2020T16:10:00 ,136813,8,34,3,2,5,1,19683,11,53
17810,06/25/2020T16:20:00 ,136812,8,35,3,2,5,1,19683,11,54
17811,06/25/2020T16:30:00 ,136812,8,35,3,2,5,1,19683,11,54
17812,06/25/2020T16:40:00 ,136812,8,35,3,2,5,1,19683,11,54
17813,06/25/2020T16:50:00 ,136812,8,35,3,2,5,1,19683,11,54
17814,06/25/2020T17:00:00 ,136812,8,35,3,2,5,1,19683,11,54
17815,06/25/2020T17:10:00 ,136812,8,34,3,2,5,1,19684,11,53
17816,06/25/2020T17:20:00 ,136812,8,34,3,2,5,1,19684,11,53
17817,06/25/2020T17:30:00 ,136812,8,34,3,2,5,1,19684,11,53
17818,06/25/2020T17:40:00 ,136812,8,34,3,2,5,1,19684,11,53
17819,06/25/2020T17:50:00 ,136812,8,34,3,2,5,1,19684,11,53
17820,06/25/2020T18:00:00 ,136812,8,34,3,2,5,1,19684,11,53
17821,06/25/2020T18:10:00 ,136812,8,33,3,2,5,1,19685,11,52
17822,06/25/2020T18:20:00 ,136812,8,33,3,2,5,1,19685,11,52
17823,06/25/2020T18:30:00 ,136812,8,33,3,2,5,1,19685,11,52
17824,06/25/2020T18:40:00 ,136812,8,33,3,2,5,1,19685,11,52
17825,06/25/2020T18:50:00 ,136812,8,33,3,2,5,1,19685,11,52
17826,06/25/2020T19:00:00 ,136812,8,33,3,2,5,1,19685,11,52
17827,06/25/2020T19:10:00 ,136812,8,33,3,2,5,1,19685,11,52
17828,06/25/2020T19:20:00 ,136812,8,33,3,2,5,1,19685,11,52
17829,06/25/2020T19:30:00 ,136812,8,33,3,2,5,1,19685,11,52
17830,06/25/2020T19:40:00 ,136812,8,33,3,2,5,1,19685,11,52
17831,06/25/2020T19:50:00 ,136812,8,32,3,2,5,1,19686,11,51
17832,06/25/2020T20:00:00 ,136812,8,31,3,2,5,1,19687,11,50
17833,06/25/2020T20:10:00 ,136812,8,31,3,2,5,1,19687,11,50
17834,06/25/2020T20:20:00 ,136812,8,31,3,2,5,1,19687,11,50
17835,06/25/2020T20:30:00 ,136812,8,31,3,2,5,1,19687,11,50
17836,06/25/2020T20:40:00 ,136812,8,31,3,2,5,1,19687,11,50
17837,06/25/2020T20:50:00 ,136812,8,31,3,2,5,1,19687,11,50
17838,06/25/2020T21:00:00 ,136812,8,30,3,2,5,1,19688,11,49
17839,06/25/2020T21:10:00 ,136812,8,30,3,2,5,1,19688,11,49
17840,06/25/2020T21:20:00 ,136812,8,30,3,2,5,1,19688,11,49
17841,06/25/2020T21:30:00 ,136812,7,31,3,2,5,1,19688,11,49
17842,06/25/2020T21:40:00 ,136812,7,31,3,2,5,1,19688,11,49
17843,06/25/2020T21:50:00 ,136812,7,31,3,2,5,1,19688,11,49
17844,06/25/2020T22:00:00 ,136812,7,31,3,2,5,1,19688,11,49
17845,06/25/2020T22:10:00 ,136812,7,31,3,2,5,1,19688,11,49
17846,06/25/2020T22:20:00 ,136812,7,31,3,2,5,1,19688,11,49
17847,06/25/2020T22:30:00 ,136812,7,31,3,2,5,1,19688,11,49
17848,06/25/2020T22:40:00 ,136812,7,31,3,2,5,1,19688,11,49
17849,06/25/2020T22:50:00 ,136812,7,31,3,2,5,1,19688,11,49
17850,06/25/2020T23:00:00 ,136812,7,31,3,2,5,1,19688,11,49
17851,06/25/2020T23:10:00 ,136812,7,31,3,2,5,1,19688,11,49
17852,06/25/2020T23:20:00 ,136812,7,31,3,2,5,1,19688,11,49
17853,06/25/2020T23:30:00 ,136812,7,31,3,2,5,1,19688,11,49
17854,06/25/2020T23:40:00 ,136812,7,31,3,2,5,1,19688,11,49
17855,06/25/2020T23:50:00 ,136812,7,31,3,2,5,1,19688,11,49
17856,06/26/2020T00:00:00 ,136812,7,31,3,2,5,1,19688,11,49
17857,06/26/2020T00:10:00 ,136812,7,31,3,2,5,1,19688,11,49
17858,06/26/2020T00:20:00 ,136812,7,31,3,2,5,1,19688,11,49
17859,06/26/2020T00:30:00 ,136812,7,31,3,2,5,1,19688,11,49
17860,06/26/2020T00:40:00 ,136812,7,31,3,2,5,1,19688,11,49
17861,06/26/2020T00:50:00 ,136812,7,31,3,2,5,1,19688,11,49
17862,06/26/2020T01:00:00 ,136812,7,31,3,2,5,1,19688,11,49
17863,06/26/2020T01:10:00 ,136812,7,31,3,2,5,1,19688,11,49
17864,06/26/2020T01:20:00 ,136812,7,31,3,2,5,1,19688,11,49
17865,06/26/2020T01:30:00 ,136812,7,31,3,2,5,1,19688,11,49
17866,06/26/2020T01:40:00 ,136812,7,31,3,2,5,1,19688,11,49
17867,06/26/2020T01:50:00 ,136812,7,31,3,2,5,1,19688,11,49
17868,06/26/2020T02:00:00 ,136812,7,31,3,2,5,1,19688,11,49
17869,06/26/2020T02:10:00 ,136812,7,31,3,2,5,1,19688,11,49
17870,06/26/2020T02:20:00 ,136812,7,31,3,2,5,1,19688,11,49
17871,06/26/2020T02:30:00 ,136812,7,31,3,2,5,1,19688,11,49
17872,06/26/2020T02:40:00 ,136812,7,31,3,2,5,1,19688,11,49
17873,06/26/2020T02:50:00 ,136812,7,31,3,2,5,1,19688,11,49
17874,06/26/2020T03:00:00 ,136812,7,31,3,2,5,1,19688,11,49
17875,06/26/2020T03:10:00 ,136812,7,31,3,2,5,1,19688,11,49
17876,06/26/2020T03:20:00 ,136812,7,31,3,2,5,1,19688,11,49
17877,06/26/2020T03:30:00 ,136812,7,31,3,2,5,1,19688,11,49
17878,06/26/2020T03:40:00 ,136812,7,31,3,2,5,1,19688,11,49
17879,06/26/2020T03:50:00 ,136812,7,31,3,2,5,1,19688,11,49
17880,06/26/2020T04:00:00 ,136812,7,31,3,2,5,1,19688,11,49
17881,06/26/2020T04:10:00 ,136812,7,31,3,2,5,1,19688,11,49
17882,06/26/2020T04:20:00 ,136812,7,31,3,2,5,1,19688,11,49
17883,06/26/2020T04:30:00 ,136812,7,31,3,2,5,1,19688,11,49
17884,06/26/2020T04:40:00 ,136812,6,32,3,2,5,1,19688,11,49
17885,06/26/2020T04:50:00 ,136812,6,32,3,2,5,1,19688,11,49
17886,06/26/2020T05:00:00 ,136812,6,32,3,2,5,1,19688,11,49
17887,06/26/2020T05:10:00 ,136812,6,32,3,2,5,1,19688,11,49
17888,06/26/2020T05:20:00 ,136812,6,32,3,2,5,1,19688,11,49
17889,06/26/2020T05:30:00 ,136812,6,32,3,2,5,1,19688,11,49
17890,06/26/2020T05:40:00 ,136812,6,32,3,2,5,1,19688,11,49
17891,06/26/2020T05:50:00 ,136812,6,32,3,2,5,1,19688,11,49
17892,06/26/2020T06:00:00 ,136812,6,32,3,2,5,1,19688,11,49
17893,06/26/2020T06:10:00 ,136812,6,32,3,2,5,1,19688,11,49
17894,06/26/2020T06:20:00 ,136812,6,32,2,3,5,1,19688,11,49
17895,06/26/2020T06:30:00 ,136812,6,32,2,3,5,1,19688,11,49
17896,06/26/2020T06:40:00 ,136812,6,32,2,3,5,1,19688,11,49
17897,06/26/2020T06:50:00 ,136812,6,32,2,3,5,1,19688,11,49
17898,06/26/2020T07:00:00 ,136812,6,32,2,3,5,1,19688,11,49
17899,06/26/2020T07:10:00 ,136812,6,32,2,3,5,1,19688,11,49
17900,06/26/2020T07:20:00 ,136812,6,31,2,3,5,1,19689,11,48
17901,06/26/2020T07:30:00 ,136812,6,31,2,3,5,1,19689,11,48
17902,06/26/2020T07:40:00 ,136812,6,31,2,3,5,1,19689,11,48
17903,06/26/2020T07:50:00 ,136812,6,31,2,3,5,1,19689,11,48
17904,06/26/2020T08:00:00 ,136812,6,31,2,3,5,1,19689,11,48
17905,06/26/2020T08:10:00 ,136812,6,31,2,3,5,1,19689,11,48
17906,06/26/2020T08:20:00 ,136812,6,31,2,3,5,1,19689,11,48
17907,06/26/2020T08:30:00 ,136812,6,31,2,3,5,1,19689,11,48
17908,06/26/2020T08:40:00 ,136812,6,31,2,3,5,1,19689,11,48
17909,06/26/2020T08:50:00 ,136812,6,31,2,3,5,1,19689,11,48
17910,06/26/2020T09:00:00 ,136812,6,31,2,3,5,1,19689,11,48
17911,06/26/2020T09:10:00 ,136812,6,31,2,3,5,1,19689,11,48
17912,06/26/2020T09:20:00 ,136812,6,31,2,3,5,1,19689,11,48
17913,06/26/2020T09:30:00 ,136812,6,31,2,3,5,1,19689,11,48
17914,06/26/2020T09:40:00 ,136812,6,31,2,3,5,1,19689,11,48
17915,06/26/2020T09:50:00 ,136812,6,31,2,3,5,1,19689,11,48
17916,06/26/2020T10:00:00 ,136812,6,31,2,3,5,1,19689,11,48
17917,06/26/2020T10:10:00 ,136812,6,31,2,3,4,1,19690,11,47
17918,06/26/2020T10:20:00 ,136812,6,31,2,3,4,1,19690,11,47
17919,06/26/2020T10:30:00 ,136812,6,31,2,3,4,1,19690,11,47
17920,06/26/2020T10:40:00 ,136812,6,31,2,3,4,1,19690,11,47
17921,06/26/2020T10:50:00 ,136812,5,32,2,3,4,1,19690,11,47
17922,06/26/2020T11:00:00 ,136812,5,32,2,3,4,1,19690,11,47
17923,06/26/2020T11:10:00 ,136812,5,32,2,3,4,1,19690,11,47
17924,06/26/2020T11:20:00 ,136812,5,32,2,3,4,1,19690,11,47
17925,06/26/2020T11:30:00 ,136812,5,32,2,3,4,1,19690,11,47
17926,06/26/2020T11:40:00 ,136811,6,32,2,3,4,1,19690,11,48
17927,06/26/2020T11:50:00 ,136811,6,32,2,3,4,1,19690,11,48
17928,06/26/2020T12:00:00 ,136811,6,32,2,3,4,1,19690,11,48
17929,06/26/2020T12:10:00 ,136811,6,32,2,3,4,1,19690,11,48
17930,06/26/2020T12:20:00 ,136811,6,32,2,3,5,0,19690,11,48
17931,06/26/2020T12:30:00 ,136811,6,32,2,3,5,0,19690,11,48
17932,06/26/2020T12:40:00 ,136811,6,32,2,3,5,0,19690,11,48
17933,06/26/2020T12:50:00 ,136810,7,32,2,3,5,0,19690,11,49
17934,06/26/2020T13:00:00 ,136810,7,32,2,3,5,0,19690,11,49
17935,06/26/2020T13:10:00 ,136810,7,32,2,3,5,0,19690,11,49
17936,06/26/2020T13:20:00 ,136810,7,32,2,3,5,0,19690,11,49
17937,06/26/2020T13:30:00 ,136810,7,32,2,3,5,0,19690,11,49
17938,06/26/2020T13:40:00 ,136810,7,32,2,3,5,0,19690,11,49
17939,06/26/2020T13:50:00 ,136810,7,32,2,3,5,0,19690,11,49
17940,06/26/2020T14:00:00 ,136810,7,32,2,3,5,0,19690,11,49
17941,06/26/2020T14:10:00 ,136809,8,32,2,3,5,0,19690,11,50
17942,06/26/2020T14:20:00 ,136809,8,32,2,3,5,0,19690,11,50
17943,06/26/2020T14:30:00 ,136808,9,32,2,3,5,0,19690,11,51
17944,06/26/2020T14:40:00 ,136808,9,32,2,3,5,0,19690,11,51
17945,06/26/2020T14:50:00 ,136808,9,32,2,3,5,0,19690,11,51
17946,06/26/2020T15:00:00 ,136808,9,32,2,3,5,0,19690,11,51
17947,06/26/2020T15:10:00 ,136807,10,32,2,3,5,0,19690,11,52
17948,06/26/2020T15:20:00 ,136807,10,32,2,3,5,0,19690,11,52
17949,06/26/2020T15:30:00 ,136807,10,32,2,3,5,0,19690,11,52
17950,06/26/2020T15:40:00 ,136807,10,32,2,3,5,0,19690,11,52
17951,06/26/2020T15:50:00 ,136807,10,32,2,3,5,0,19690,11,52
17952,06/26/2020T16:00:00 ,136807,10,32,2,3,5,0,19690,11,52
17953,06/26/2020T16:10:00 ,136807,10,32,2,3,5,0,19690,11,52
17954,06/26/2020T16:20:00 ,136807,10,32,2,3,5,0,19690,11,52
17955,06/26/2020T16:30:00 ,136807,10,32,2,3,5,0,19690,11,52
17956,06/26/2020T16:40:00 ,136807,10,32,2,3,5,0,19690,11,52
17957,06/26/2020T16:50:00 ,136807,10,32,2,3,5,0,19690,11,52
17958,06/26/2020T17:00:00 ,136807,10,32,2,3,5,0,19690,11,52
17959,06/26/2020T17:10:00 ,136807,10,32,2,3,5,0,19690,11,52
17960,06/26/2020T17:20:00 ,136807,10,32,1,4,5,0,19690,11,52
17961,06/26/2020T17:30:00 ,136807,10,32,1,4,5,0,19690,11,52
17962,06/26/2020T17:40:00 ,136807,10,32,1,4,5,0,19690,11,52
17963,06/26/2020T17:50:00 ,136807,10,32,1,4,5,0,19690,11,52
17964,06/26/2020T18:00:00 ,136807,10,32,1,4,5,0,19690,11,52
17965,06/26/2020T18:10:00 ,136807,10,32,1,4,5,0,19690,11,52
17966,06/26/2020T18:20:00 ,136807,10,32,1,4,5,0,19690,11,52
17967,06/26/2020T18:30:00 ,136807,10,32,1,4,5,0,19690,11,52
17968,06/26/2020T18:40:00 ,136807,10,32,1,4,5,0,19690,11,52
17969,06/26/2020T18:50:00 ,136807,10,32,1,4,5,0,19690,11,52
17970,06/26/2020T19:00:00 ,136807,10,31,1,4,5,0,19691,11,51
17971,06/26/2020T19:10:00 ,136807,10,31,1,4,5,0,19691,11,51
17972,06/26/2020T19:20:00 ,136807,10,31,1,4,5,0,19691,11,51
17973,06/26/2020T19:30:00 ,136807,10,31,1,4,5,0,19691,11,51
17974,06/26/2020T19:40:00 ,136807,9,32,1,4,5,0,19691,11,51
17975,06/26/2020T19:50:00 ,136807,9,32,1,4,5,0,19691,11,51
17976,06/26/2020T20:00:00 ,136807,9,31,1,4,5,0,19692,11,50
17977,06/26/2020T20:10:00 ,136807,9,31,1,4,5,0,19692,11,50
17978,06/26/2020T20:20:00 ,136807,9,31,1,4,5,0,19692,11,50
17979,06/26/2020T20:30:00 ,136807,9,31,1,4,5,0,19692,11,50
17980,06/26/2020T20:40:00 ,136807,9,31,1,4,5,0,19692,11,50
17981,06/26/2020T20:50:00 ,136807,9,30,1,4,5,0,19693,11,49
17982,06/26/2020T21:00:00 ,136807,9,30,1,4,5,0,19693,11,49
17983,06/26/2020T21:10:00 ,136807,9,30,1,4,5,0,19693,11,49
17984,06/26/2020T21:20:00 ,136807,9,30,1,4,5,0,19693,11,49
17985,06/26/2020T21:30:00 ,136807,9,29,1,4,5,0,19694,11,48
17986,06/26/2020T21:40:00 ,136807,9,29,1,4,5,0,19694,11,48
17987,06/26/2020T21:50:00 ,136807,9,29,1,4,5,0,19694,11,48
17988,06/26/2020T22:00:00 ,136807,9,29,1,4,5,0,19694,11,48
17989,06/26/2020T22:10:00 ,136807,9,29,1,4,5,0,19694,11,48
17990,06/26/2020T22:20:00 ,136807,9,29,1,4,5,0,19694,11,48
17991,06/26/2020T22:30:00 ,136807,9,29,1,4,5,0,19694,11,48
17992,06/26/2020T22:40:00 ,136807,9,29,1,4,5,0,19694,11,48
17993,06/26/2020T22:50:00 ,136807,9,29,1,4,5,0,19694,11,48
17994,06/26/2020T23:00:00 ,136807,9,29,1,4,5,0,19694,11,48
17995,06/26/2020T23:10:00 ,136807,9,29,1,4,5,0,19694,11,48
17996,06/26/2020T23:20:00 ,136807,9,28,1,4,5,0,19695,11,47
17997,06/26/2020T23:30:00 ,136807,9,28,1,4,5,0,19695,11,47
17998,06/26/2020T23:40:00 ,136807,9,28,1,4,5,0,19695,11,47
17999,06/26/2020T23:50:00 ,136807,9,28,1,4,5,0,19695,11,47
18000,06/27/2020T00:00:00 ,136807,9,28,1,4,5,0,19695,11,47
18001,06/27/2020T00:10:00 ,136807,9,28,1,4,5,0,19695,11,47
18002,06/27/2020T00:20:00 ,136807,9,28,1,4,5,0,19695,11,47
18003,06/27/2020T00:30:00 ,136807,9,28,1,4,5,0,19695,11,47
18004,06/27/2020T00:40:00 ,136807,9,28,1,4,5,0,19695,11,47
18005,06/27/2020T00:50:00 ,136807,9,28,1,4,5,0,19695,11,47
18006,06/27/2020T01:00:00 ,136807,9,28,1,4,5,0,19695,11,47
18007,06/27/2020T01:10:00 ,136807,9,27,1,4,5,0,19696,11,46
18008,06/27/2020T01:20:00 ,136807,9,27,1,4,5,0,19696,11,46
18009,06/27/2020T01:30:00 ,136807,9,27,1,4,5,0,19696,11,46
18010,06/27/2020T01:40:00 ,136807,9,27,1,4,5,0,19696,11,46
18011,06/27/2020T01:50:00 ,136807,9,27,1,4,5,0,19696,11,46
18012,06/27/2020T02:00:00 ,136807,9,27,0,5,5,0,19696,11,46
18013,06/27/2020T02:10:00 ,136807,9,27,0,5,5,0,19696,11,46
18014,06/27/2020T02:20:00 ,136807,9,27,0,5,5,0,19696,11,46
18015,06/27/2020T02:30:00 ,136807,9,27,0,5,5,0,19696,11,46
18016,06/27/2020T02:40:00 ,136807,9,27,0,5,5,0,19696,11,46
18017,06/27/2020T02:50:00 ,136807,9,27,0,5,5,0,19696,11,46
18018,06/27/2020T03:00:00 ,136807,9,26,0,5,5,0,19697,11,45
18019,06/27/2020T03:10:00 ,136807,9,26,0,5,5,0,19697,11,45
18020,06/27/2020T03:20:00 ,136807,9,26,0,5,5,0,19697,11,45
18021,06/27/2020T03:30:00 ,136807,9,26,0,5,5,0,19697,11,45
18022,06/27/2020T03:40:00 ,136807,9,26,0,5,5,0,19697,11,45
18023,06/27/2020T03:50:00 ,136807,9,25,0,5,5,0,19698,11,44
18024,06/27/2020T04:00:00 ,136807,9,24,0,5,5,0,19699,11,43
18025,06/27/2020T04:10:00 ,136807,9,24,0,5,5,0,19699,11,43
18026,06/27/2020T04:20:00 ,136807,9,24,0,5,5,0,19699,11,43
18027,06/27/2020T04:30:00 ,136807,9,24,0,5,5,0,19699,11,43
18028,06/27/2020T04:40:00 ,136807,9,24,0,5,5,0,19699,11,43
18029,06/27/2020T04:50:00 ,136807,9,24,0,5,5,0,19699,11,43
18030,06/27/2020T05:00:00 ,136807,9,24,0,5,5,0,19699,11,43
18031,06/27/2020T05:10:00 ,136807,9,24,0,5,5,0,19699,11,43
18032,06/27/2020T05:20:00 ,136807,9,24,0,5,5,0,19699,11,43
18033,06/27/2020T05:30:00 ,136807,9,24,0,5,5,0,19699,11,43
18034,06/27/2020T05:40:00 ,136807,9,24,0,5,5,0,19699,11,43
18035,06/27/2020T05:50:00 ,136807,9,24,0,5,5,0,19699,11,43
18036,06/27/2020T06:00:00 ,136807,9,24,0,5,5,0,19699,11,43
18037,06/27/2020T06:10:00 ,136807,9,24,0,5,5,0,19699,11,43
18038,06/27/2020T06:20:00 ,136807,9,24,0,5,5,0,19699,11,43
18039,06/27/2020T06:30:00 ,136807,9,24,0,5,5,0,19699,11,43
18040,06/27/2020T06:40:00 ,136807,9,24,0,5,5,0,19699,11,43
18041,06/27/2020T06:50:00 ,136807,9,24,0,5,5,0,19699,11,43
18042,06/27/2020T07:00:00 ,136807,9,24,0,5,5,0,19699,11,43
18043,06/27/2020T07:10:00 ,136807,9,24,0,5,5,0,19699,11,43
18044,06/27/2020T07:20:00 ,136807,9,23,0,5,5,0,19700,11,42
18045,06/27/2020T07:30:00 ,136807,9,23,0,5,5,0,19700,11,42
18046,06/27/2020T07:40:00 ,136807,9,23,0,5,5,0,19700,11,42
18047,06/27/2020T07:50:00 ,136807,9,23,0,5,5,0,19700,11,42
18048,06/27/2020T08:00:00 ,136807,9,23,0,5,5,0,19700,11,42
18049,06/27/2020T08:10:00 ,136807,9,23,0,5,5,0,19700,11,42
18050,06/27/2020T08:20:00 ,136807,9,23,0,5,5,0,19700,11,42
18051,06/27/2020T08:30:00 ,136807,9,23,0,5,5,0,19700,11,42
18052,06/27/2020T08:40:00 ,136807,9,23,0,5,5,0,19700,11,42
18053,06/27/2020T08:50:00 ,136807,9,23,0,5,5,0,19700,11,42
18054,06/27/2020T09:00:00 ,136807,9,23,0,5,5,0,19700,11,42
18055,06/27/2020T09:10:00 ,136807,9,23,0,5,5,0,19700,11,42
18056,06/27/2020T09:20:00 ,136807,9,23,0,5,5,0,19700,11,42
18057,06/27/2020T09:30:00 ,136807,9,23,0,5,5,0,19700,11,42
18058,06/27/2020T09:40:00 ,136807,9,23,0,5,5,0,19700,11,42
18059,06/27/2020T09:50:00 ,136806,10,23,0,5,5,0,19700,11,43
18060,06/27/2020T10:00:00 ,136806,10,23,0,5,5,0,19700,11,43
18061,06/27/2020T10:10:00 ,136806,10,23,0,5,5,0,19700,11,43
18062,06/27/2020T10:20:00 ,136806,10,23,0,5,5,0,19700,11,43
18063,06/27/2020T10:30:00 ,136806,10,23,0,5,5,0,19700,11,43
18064,06/27/2020T10:40:00 ,136806,10,23,0,5,5,0,19700,11,43
18065,06/27/2020T10:50:00 ,136806,10,23,0,5,5,0,19700,11,43
18066,06/27/2020T11:00:00 ,136805,11,23,0,5,5,0,19700,11,44
18067,06/27/2020T11:10:00 ,136805,11,23,0,5,5,0,19700,11,44
18068,06/27/2020T11:20:00 ,136804,12,23,0,5,5,0,19700,11,45
18069,06/27/2020T11:30:00 ,136804,12,23,0,5,5,0,19700,11,45
18070,06/27/2020T11:40:00 ,136804,12,23,0,5,5,0,19700,11,45
18071,06/27/2020T11:50:00 ,136804,12,23,0,5,5,0,19700,11,45
18072,06/27/2020T12:00:00 ,136804,12,23,0,5,5,0,19700,11,45
18073,06/27/2020T12:10:00 ,136803,13,23,0,5,5,0,19700,11,46
18074,06/27/2020T12:20:00 ,136803,13,23,0,5,5,0,19700,11,46
18075,06/27/2020T12:30:00 ,136803,13,23,0,5,5,0,19700,11,46
18076,06/27/2020T12:40:00 ,136803,13,23,0,5,5,0,19700,11,46
18077,06/27/2020T12:50:00 ,136803,13,23,0,5,5,0,19700,11,46
18078,06/27/2020T13:00:00 ,136803,13,23,0,5,5,0,19700,11,46
18079,06/27/2020T13:10:00 ,136803,13,23,0,5,5,0,19700,11,46
18080,06/27/2020T13:20:00 ,136803,13,23,0,5,5,0,19700,11,46
18081,06/27/2020T13:30:00 ,136803,13,23,0,5,5,0,19700,11,46
18082,06/27/2020T13:40:00 ,136803,13,23,0,5,5,0,19700,11,46
18083,06/27/2020T13:50:00 ,136803,13,23,0,5,5,0,19700,11,46
18084,06/27/2020T14:00:00 ,136803,13,23,0,5,5,0,19700,11,46
18085,06/27/2020T14:10:00 ,136803,13,23,0,5,4,0,19701,11,45
18086,06/27/2020T14:20:00 ,136803,13,23,0,5,4,0,19701,11,45
18087,06/27/2020T14:30:00 ,136803,13,23,0,5,4,0,19701,11,45
18088,06/27/2020T14:40:00 ,136803,13,23,0,5,4,0,19701,11,45
18089,06/27/2020T14:50:00 ,136803,13,23,0,5,4,0,19701,11,45
18090,06/27/2020T15:00:00 ,136803,13,23,0,5,4,0,19701,11,45
18091,06/27/2020T15:10:00 ,136803,13,23,0,5,4,0,19701,11,45
18092,06/27/2020T15:20:00 ,136803,13,23,0,5,4,0,19701,11,45
18093,06/27/2020T15:30:00 ,136803,13,23,0,5,4,0,19701,11,45
18094,06/27/2020T15:40:00 ,136803,13,23,0,5,4,0,19701,11,45
18095,06/27/2020T15:50:00 ,136803,13,23,0,5,4,0,19701,11,45
18096,06/27/2020T16:00:00 ,136803,13,23,0,5,4,0,19701,11,45
18097,06/27/2020T16:10:00 ,136803,13,23,0,5,4,0,19701,11,45
18098,06/27/2020T16:20:00 ,136803,13,23,0,5,4,0,19701,11,45
18099,06/27/2020T16:30:00 ,136803,13,23,0,5,4,0,19701,11,45
18100,06/27/2020T16:40:00 ,136803,12,24,0,5,4,0,19701,11,45
18101,06/27/2020T16:50:00 ,136803,12,24,0,5,4,0,19701,11,45
18102,06/27/2020T17:00:00 ,136803,12,24,0,5,4,0,19701,11,45
18103,06/27/2020T17:10:00 ,136803,12,24,0,5,4,0,19701,11,45
18104,06/27/2020T17:20:00 ,136803,12,24,0,5,4,0,19701,11,45
18105,06/27/2020T17:30:00 ,136803,12,24,0,5,4,0,19701,11,45
18106,06/27/2020T17:40:00 ,136803,12,24,0,5,4,0,19701,11,45
18107,06/27/2020T17:50:00 ,136803,12,24,0,5,4,0,19701,11,45
18108,06/27/2020T18:00:00 ,136803,12,24,0,5,4,0,19701,11,45
18109,06/27/2020T18:10:00 ,136803,12,24,0,5,4,0,19701,11,45
18110,06/27/2020T18:20:00 ,136803,12,24,0,5,4,0,19701,11,45
18111,06/27/2020T18:30:00 ,136803,12,23,0,5,4,0,19702,11,44
18112,06/27/2020T18:40:00 ,136803,12,23,0,5,4,0,19702,11,44
18113,06/27/2020T18:50:00 ,136803,12,23,0,5,4,0,19702,11,44
18114,06/27/2020T19:00:00 ,136803,12,23,0,5,4,0,19702,11,44
18115,06/27/2020T19:10:00 ,136803,12,23,0,5,4,0,19702,11,44
18116,06/27/2020T19:20:00 ,136803,12,23,0,5,4,0,19702,11,44
18117,06/27/2020T19:30:00 ,136803,12,23,0,5,4,0,19702,11,44
18118,06/27/2020T19:40:00 ,136803,12,23,0,5,4,0,19702,11,44
18119,06/27/2020T19:50:00 ,136803,12,23,0,5,4,0,19702,11,44
18120,06/27/2020T20:00:00 ,136803,12,23,0,5,4,0,19702,11,44
18121,06/27/2020T20:10:00 ,136803,12,23,0,5,4,0,19702,11,44
18122,06/27/2020T20:20:00 ,136803,12,23,0,5,4,0,19702,11,44
18123,06/27/2020T20:30:00 ,136803,12,23,0,5,4,0,19702,11,44
18124,06/27/2020T20:40:00 ,136803,12,23,0,5,4,0,19702,11,44
18125,06/27/2020T20:50:00 ,136803,12,23,0,5,4,0,19702,11,44
18126,06/27/2020T21:00:00 ,136803,12,23,0,5,4,0,19702,11,44
18127,06/27/2020T21:10:00 ,136803,12,23,0,5,4,0,19702,11,44
18128,06/27/2020T21:20:00 ,136803,12,23,0,5,4,0,19702,11,44
18129,06/27/2020T21:30:00 ,136803,12,23,0,5,4,0,19702,11,44
18130,06/27/2020T21:40:00 ,136803,11,24,0,5,4,0,19702,11,44
18131,06/27/2020T21:50:00 ,136803,11,24,0,5,4,0,19702,11,44
18132,06/27/2020T22:00:00 ,136803,11,24,0,5,4,0,19702,11,44
18133,06/27/2020T22:10:00 ,136803,11,24,0,5,4,0,19702,11,44
18134,06/27/2020T22:20:00 ,136803,11,24,0,5,4,0,19702,11,44
18135,06/27/2020T22:30:00 ,136803,11,24,0,5,4,0,19702,11,44
18136,06/27/2020T22:40:00 ,136803,11,24,0,5,4,0,19702,11,44
18137,06/27/2020T22:50:00 ,136803,11,24,0,5,4,0,19702,11,44
18138,06/27/2020T23:00:00 ,136803,11,24,0,5,4,0,19702,11,44
18139,06/27/2020T23:10:00 ,136803,11,24,0,5,4,0,19702,11,44
18140,06/27/2020T23:20:00 ,136803,11,24,0,5,4,0,19702,11,44
18141,06/27/2020T23:30:00 ,136803,11,23,0,5,4,0,19703,11,43
18142,06/27/2020T23:40:00 ,136803,11,23,0,5,4,0,19703,11,43
18143,06/27/2020T23:50:00 ,136803,11,23,0,5,4,0,19703,11,43
18144,06/28/2020T00:00:00 ,136803,11,23,0,5,4,0,19703,11,43
18145,06/28/2020T00:10:00 ,136803,11,23,0,5,4,0,19703,11,43
18146,06/28/2020T00:20:00 ,136803,11,23,0,5,4,0,19703,11,43
18147,06/28/2020T00:30:00 ,136803,11,23,0,5,4,0,19703,11,43
18148,06/28/2020T00:40:00 ,136803,11,23,0,5,4,0,19703,11,43
18149,06/28/2020T00:50:00 ,136803,11,23,0,5,4,0,19703,11,43
18150,06/28/2020T01:00:00 ,136803,11,23,0,5,4,0,19703,11,43
18151,06/28/2020T01:10:00 ,136803,11,23,0,5,4,0,19703,11,43
18152,06/28/2020T01:20:00 ,136803,11,23,0,5,4,0,19703,11,43
18153,06/28/2020T01:30:00 ,136803,10,24,0,5,4,0,19703,11,43
18154,06/28/2020T01:40:00 ,136803,10,24,0,5,4,0,19703,11,43
18155,06/28/2020T01:50:00 ,136803,10,24,0,5,4,0,19703,11,43
18156,06/28/2020T02:00:00 ,136803,10,24,0,5,4,0,19703,11,43
18157,06/28/2020T02:10:00 ,136803,10,24,0,5,4,0,19703,11,43
18158,06/28/2020T02:20:00 ,136803,10,24,0,5,4,0,19703,11,43
18159,06/28/2020T02:30:00 ,136803,10,24,0,5,4,0,19703,11,43
18160,06/28/2020T02:40:00 ,136803,10,24,0,5,4,0,19703,11,43
18161,06/28/2020T02:50:00 ,136803,10,24,0,5,4,0,19703,11,43
18162,06/28/2020T03:00:00 ,136803,10,24,0,5,4,0,19703,11,43
18163,06/28/2020T03:10:00 ,136803,10,24,0,5,4,0,19703,11,43
18164,06/28/2020T03:20:00 ,136803,10,24,0,5,4,0,19703,11,43
18165,06/28/2020T03:30:00 ,136803,10,24,0,5,4,0,19703,11,43
18166,06/28/2020T03:40:00 ,136803,10,23,0,4,4,0,19705,11,41
18167,06/28/2020T03:50:00 ,136803,10,23,0,4,4,0,19705,11,41
18168,06/28/2020T04:00:00 ,136803,10,23,0,4,4,0,19705,11,41
18169,06/28/2020T04:10:00 ,136803,9,23,1,4,4,0,19705,11,41
18170,06/28/2020T04:20:00 ,136803,9,23,1,4,4,0,19705,11,41
18171,06/28/2020T04:30:00 ,136803,9,23,1,4,4,0,19705,11,41
18172,06/28/2020T04:40:00 ,136803,9,23,1,4,4,0,19705,11,41
18173,06/28/2020T04:50:00 ,136803,9,23,1,4,4,0,19705,11,41
18174,06/28/2020T05:00:00 ,136803,9,23,1,4,4,0,19705,11,41
18175,06/28/2020T05:10:00 ,136803,9,23,1,4,4,0,19705,11,41
18176,06/28/2020T05:20:00 ,136803,9,23,1,4,4,0,19705,11,41
18177,06/28/2020T05:30:00 ,136803,9,23,1,4,4,0,19705,11,41
18178,06/28/2020T05:40:00 ,136803,9,23,1,4,4,0,19705,11,41
18179,06/28/2020T05:50:00 ,136803,9,23,1,4,4,0,19705,11,41
18180,06/28/2020T06:00:00 ,136803,9,23,1,4,4,0,19705,11,41
18181,06/28/2020T06:10:00 ,136803,9,23,1,4,4,0,19705,11,41
18182,06/28/2020T06:20:00 ,136803,9,23,1,4,4,0,19705,11,41
18183,06/28/2020T06:30:00 ,136803,9,23,1,4,4,0,19705,11,41
18184,06/28/2020T06:40:00 ,136803,9,23,1,4,4,0,19705,11,41
18185,06/28/2020T06:50:00 ,136803,9,23,1,4,4,0,19705,11,41
18186,06/28/2020T07:00:00 ,136803,9,23,1,4,4,0,19705,11,41
18187,06/28/2020T07:10:00 ,136803,9,23,1,4,4,0,19705,11,41
18188,06/28/2020T07:20:00 ,136803,9,23,1,4,4,0,19705,11,41
18189,06/28/2020T07:30:00 ,136803,9,23,1,4,4,0,19705,11,41
18190,06/28/2020T07:40:00 ,136803,9,23,1,4,4,0,19705,11,41
18191,06/28/2020T07:50:00 ,136803,9,23,1,4,4,0,19705,11,41
18192,06/28/2020T08:00:00 ,136803,9,23,1,4,4,0,19705,11,41
18193,06/28/2020T08:10:00 ,136803,9,23,1,4,4,0,19705,11,41
18194,06/28/2020T08:20:00 ,136803,9,23,1,4,4,0,19705,11,41
18195,06/28/2020T08:30:00 ,136803,9,23,1,4,4,0,19705,11,41
18196,06/28/2020T08:40:00 ,136803,9,23,1,4,4,0,19705,11,41
18197,06/28/2020T08:50:00 ,136803,9,23,1,4,4,0,19705,11,41
18198,06/28/2020T09:00:00 ,136803,9,23,1,4,4,0,19705,11,41
18199,06/28/2020T09:10:00 ,136803,9,23,1,4,4,0,19705,11,41
18200,06/28/2020T09:20:00 ,136803,9,23,1,4,4,0,19705,11,41
18201,06/28/2020T09:30:00 ,136803,9,23,1,4,4,0,19705,11,41
18202,06/28/2020T09:40:00 ,136803,9,23,1,4,4,0,19705,11,41
18203,06/28/2020T09:50:00 ,136803,9,23,1,4,4,0,19705,11,41
18204,06/28/2020T10:00:00 ,136803,9,23,1,4,4,0,19705,11,41
18205,06/28/2020T10:10:00 ,136803,9,23,1,4,4,0,19705,11,41
18206,06/28/2020T10:20:00 ,136803,9,23,1,4,4,0,19705,11,41
18207,06/28/2020T10:30:00 ,136802,10,23,1,4,4,0,19705,11,42
18208,06/28/2020T10:40:00 ,136802,10,23,1,4,4,0,19705,11,42
18209,06/28/2020T10:50:00 ,136802,10,23,1,4,4,0,19705,11,42
18210,06/28/2020T11:00:00 ,136802,10,23,1,4,4,0,19705,11,42
18211,06/28/2020T11:10:00 ,136802,10,23,1,4,4,0,19705,11,42
18212,06/28/2020T11:20:00 ,136802,10,23,1,4,4,0,19705,11,42
18213,06/28/2020T11:30:00 ,136802,10,23,1,4,4,0,19705,11,42
18214,06/28/2020T11:40:00 ,136802,10,23,1,4,4,0,19705,11,42
18215,06/28/2020T11:50:00 ,136802,10,23,1,4,4,0,19705,11,42
18216,06/28/2020T12:00:00 ,136802,10,23,1,4,4,0,19705,11,42
18217,06/28/2020T12:10:00 ,136802,10,23,1,4,4,0,19705,11,42
18218,06/28/2020T12:20:00 ,136802,10,23,1,4,4,0,19705,11,42
18219,06/28/2020T12:30:00 ,136802,10,23,1,4,4,0,19705,11,42
18220,06/28/2020T12:40:00 ,136802,10,23,1,4,3,0,19706,11,41
18221,06/28/2020T12:50:00 ,136802,10,23,1,4,3,0,19706,11,41
18222,06/28/2020T13:00:00 ,136802,10,23,1,4,3,0,19706,11,41
18223,06/28/2020T13:10:00 ,136802,10,23,1,4,3,0,19706,11,41
18224,06/28/2020T13:20:00 ,136802,10,23,1,4,3,0,19706,11,41
18225,06/28/2020T13:30:00 ,136802,10,23,1,4,3,0,19706,11,41
18226,06/28/2020T13:40:00 ,136802,10,23,1,4,3,0,19706,11,41
18227,06/28/2020T13:50:00 ,136802,10,23,1,4,3,0,19706,11,41
18228,06/28/2020T14:00:00 ,136802,10,23,1,4,3,0,19706,11,41
18229,06/28/2020T14:10:00 ,136802,10,23,1,4,3,0,19706,11,41
18230,06/28/2020T14:20:00 ,136802,9,23,2,3,3,0,19707,11,40
18231,06/28/2020T14:30:00 ,136802,9,23,2,3,3,0,19707,11,40
18232,06/28/2020T14:40:00 ,136802,9,23,2,3,3,0,19707,11,40
18233,06/28/2020T14:50:00 ,136802,9,23,2,3,3,0,19707,11,40
18234,06/28/2020T15:00:00 ,136802,9,23,2,3,3,0,19707,11,40
18235,06/28/2020T15:10:00 ,136802,9,23,2,3,3,0,19707,11,40
18236,06/28/2020T15:20:00 ,136802,9,23,2,3,3,0,19707,11,40
18237,06/28/2020T15:30:00 ,136802,9,23,2,3,3,0,19707,11,40
18238,06/28/2020T15:40:00 ,136802,9,23,2,3,3,0,19707,11,40
18239,06/28/2020T15:50:00 ,136802,9,23,2,3,3,0,19707,11,40
18240,06/28/2020T16:00:00 ,136802,9,23,2,3,3,0,19707,11,40
18241,06/28/2020T16:10:00 ,136802,9,23,2,3,3,0,19707,11,40
18242,06/28/2020T16:20:00 ,136802,9,23,2,3,3,0,19707,11,40
18243,06/28/2020T16:30:00 ,136802,9,23,2,3,3,0,19707,11,40
18244,06/28/2020T16:40:00 ,136802,9,23,2,3,3,0,19707,11,40
18245,06/28/2020T16:50:00 ,136802,9,23,2,3,3,0,19707,11,40
18246,06/28/2020T17:00:00 ,136802,9,23,2,3,3,0,19707,11,40
18247,06/28/2020T17:10:00 ,136802,9,23,2,3,3,0,19707,11,40
18248,06/28/2020T17:20:00 ,136802,9,23,2,3,3,0,19707,11,40
18249,06/28/2020T17:30:00 ,136802,9,23,2,3,3,0,19707,11,40
18250,06/28/2020T17:40:00 ,136802,9,23,2,3,3,0,19707,11,40
18251,06/28/2020T17:50:00 ,136802,9,23,2,3,3,0,19707,11,40
18252,06/28/2020T18:00:00 ,136802,9,23,2,3,3,0,19707,11,40
18253,06/28/2020T18:10:00 ,136802,9,23,2,3,3,0,19707,11,40
18254,06/28/2020T18:20:00 ,136802,9,23,2,3,3,0,19707,11,40
18255,06/28/2020T18:30:00 ,136802,9,23,2,3,3,0,19707,11,40
18256,06/28/2020T18:40:00 ,136802,9,23,2,3,3,0,19707,11,40
18257,06/28/2020T18:50:00 ,136802,9,23,2,3,3,0,19707,11,40
18258,06/28/2020T19:00:00 ,136802,9,23,2,3,3,0,19707,11,40
18259,06/28/2020T19:10:00 ,136802,9,23,2,3,3,0,19707,11,40
18260,06/28/2020T19:20:00 ,136802,9,23,2,3,3,0,19707,11,40
18261,06/28/2020T19:30:00 ,136802,9,23,2,3,3,0,19707,11,40
18262,06/28/2020T19:40:00 ,136802,9,23,2,3,3,0,19707,11,40
18263,06/28/2020T19:50:00 ,136802,9,23,2,3,3,0,19707,11,40
18264,06/28/2020T20:00:00 ,136802,8,24,2,3,3,0,19707,11,40
18265,06/28/2020T20:10:00 ,136802,8,24,2,3,3,0,19707,11,40
18266,06/28/2020T20:20:00 ,136801,9,24,2,3,3,0,19707,11,41
18267,06/28/2020T20:30:00 ,136801,9,23,2,3,3,0,19708,11,40
18268,06/28/2020T20:40:00 ,136801,9,23,2,3,3,0,19708,11,40
18269,06/28/2020T20:50:00 ,136801,9,23,2,3,3,0,19708,11,40
18270,06/28/2020T21:00:00 ,136801,9,23,2,3,3,0,19708,11,40
18271,06/28/2020T21:10:00 ,136801,9,23,2,3,3,0,19708,11,40
18272,06/28/2020T21:20:00 ,136801,9,23,2,3,3,0,19708,11,40
18273,06/28/2020T21:30:00 ,136801,9,23,2,3,3,0,19708,11,40
18274,06/28/2020T21:40:00 ,136801,9,23,2,3,3,0,19708,11,40
18275,06/28/2020T21:50:00 ,136801,9,23,2,3,3,0,19708,11,40
18276,06/28/2020T22:00:00 ,136801,9,23,2,3,3,0,19708,11,40
18277,06/28/2020T22:10:00 ,136801,8,24,2,3,3,0,19708,11,40
18278,06/28/2020T22:20:00 ,136801,8,24,2,3,3,0,19708,11,40
18279,06/28/2020T22:30:00 ,136801,8,24,2,3,3,0,19708,11,40
18280,06/28/2020T22:40:00 ,136801,8,24,2,3,3,0,19708,11,40
18281,06/28/2020T22:50:00 ,136801,8,24,2,3,3,0,19708,11,40
18282,06/28/2020T23:00:00 ,136801,8,24,2,3,3,0,19708,11,40
18283,06/28/2020T23:10:00 ,136801,8,24,2,3,3,0,19708,11,40
18284,06/28/2020T23:20:00 ,136801,8,24,2,3,3,0,19708,11,40
18285,06/28/2020T23:30:00 ,136801,8,24,2,3,3,0,19708,11,40
18286,06/28/2020T23:40:00 ,136801,8,24,2,3,3,0,19708,11,40
18287,06/28/2020T23:50:00 ,136801,8,24,2,3,3,0,19708,11,40
18288,06/29/2020T00:00:00 ,136801,8,24,2,3,3,0,19708,11,40
18289,06/29/2020T00:10:00 ,136801,8,23,2,3,3,0,19709,11,39
18290,06/29/2020T00:20:00 ,136801,8,23,2,3,3,0,19709,11,39
18291,06/29/2020T00:30:00 ,136801,8,23,2,3,3,0,19709,11,39
18292,06/29/2020T00:40:00 ,136801,8,23,2,3,3,0,19709,11,39
18293,06/29/2020T00:50:00 ,136801,8,23,2,3,3,0,19709,11,39
18294,06/29/2020T01:00:00 ,136801,8,23,2,3,3,0,19709,11,39
18295,06/29/2020T01:10:00 ,136801,8,23,2,3,3,0,19709,11,39
18296,06/29/2020T01:20:00 ,136801,7,24,2,3,3,0,19709,11,39
18297,06/29/2020T01:30:00 ,136801,7,24,2,3,3,0,19709,11,39
18298,06/29/2020T01:40:00 ,136801,7,24,2,3,3,0,19709,11,39
18299,06/29/2020T01:50:00 ,136801,7,24,2,3,3,0,19709,11,39
18300,06/29/2020T02:00:00 ,136801,7,24,2,3,3,0,19709,11,39
18301,06/29/2020T02:10:00 ,136801,7,24,2,3,3,0,19709,11,39
18302,06/29/2020T02:20:00 ,136801,7,24,2,3,3,0,19709,11,39
18303,06/29/2020T02:30:00 ,136801,7,24,2,3,3,0,19709,11,39
18304,06/29/2020T02:40:00 ,136801,7,24,2,3,3,0,19709,11,39
18305,06/29/2020T02:50:00 ,136801,7,24,2,3,3,0,19709,11,39
18306,06/29/2020T03:00:00 ,136801,7,24,2,3,3,0,19709,11,39
18307,06/29/2020T03:10:00 ,136801,7,24,2,3,3,0,19709,11,39
18308,06/29/2020T03:20:00 ,136801,7,24,2,3,3,0,19709,11,39
18309,06/29/2020T03:30:00 ,136801,7,24,2,3,3,0,19709,11,39
18310,06/29/2020T03:40:00 ,136801,7,24,2,3,3,0,19709,11,39
18311,06/29/2020T03:50:00 ,136801,7,24,2,3,3,0,19709,11,39
18312,06/29/2020T04:00:00 ,136801,7,24,2,3,3,0,19709,11,39
18313,06/29/2020T04:10:00 ,136801,7,24,2,3,3,0,19709,11,39
18314,06/29/2020T04:20:00 ,136801,7,23,2,3,3,0,19710,11,38
18315,06/29/2020T04:30:00 ,136801,7,23,2,3,3,0,19710,11,38
18316,06/29/2020T04:40:00 ,136801,7,23,2,3,3,0,19710,11,38
18317,06/29/2020T04:50:00 ,136801,7,23,2,3,3,0,19710,11,38
18318,06/29/2020T05:00:00 ,136801,7,23,1,4,3,0,19710,11,38
18319,06/29/2020T05:10:00 ,136801,7,23,1,4,3,0,19710,11,38
18320,06/29/2020T05:20:00 ,136801,7,23,1,4,3,0,19710,11,38
18321,06/29/2020T05:30:00 ,136801,7,22,1,4,3,0,19711,11,37
18322,06/29/2020T05:40:00 ,136801,7,22,1,4,3,0,19711,11,37
18323,06/29/2020T05:50:00 ,136801,7,22,1,4,3,0,19711,11,37
18324,06/29/2020T06:00:00 ,136801,7,22,1,4,3,0,19711,11,37
18325,06/29/2020T06:10:00 ,136801,7,22,1,4,3,0,19711,11,37
18326,06/29/2020T06:20:00 ,136801,7,22,1,4,3,0,19711,11,37
18327,06/29/2020T06:30:00 ,136801,7,22,1,4,3,0,19711,11,37
18328,06/29/2020T06:40:00 ,136801,7,22,1,4,3,0,19711,11,37
18329,06/29/2020T06:50:00 ,136801,7,22,1,4,3,0,19711,11,37
18330,06/29/2020T07:00:00 ,136801,7,21,1,4,3,0,19712,11,36
18331,06/29/2020T07:10:00 ,136801,7,21,1,4,3,0,19712,11,36
18332,06/29/2020T07:20:00 ,136801,7,21,1,4,3,0,19712,11,36
18333,06/29/2020T07:30:00 ,136801,7,21,1,4,3,0,19712,11,36
18334,06/29/2020T07:40:00 ,136801,7,21,1,4,3,0,19712,11,36
18335,06/29/2020T07:50:00 ,136801,7,21,1,4,2,0,19713,11,35
18336,06/29/2020T08:00:00 ,136801,7,21,1,4,2,0,19713,11,35
18337,06/29/2020T08:10:00 ,136801,7,21,1,4,2,0,19713,11,35
18338,06/29/2020T08:20:00 ,136801,7,21,1,4,2,0,19713,11,35
18339,06/29/2020T08:30:00 ,136801,7,20,1,4,2,0,19714,11,34
18340,06/29/2020T08:40:00 ,136801,7,20,1,4,2,0,19714,11,34
18341,06/29/2020T08:50:00 ,136801,7,20,1,4,2,0,19714,11,34
18342,06/29/2020T09:00:00 ,136801,7,20,1,3,2,0,19715,11,33
18343,06/29/2020T09:10:00 ,136801,7,20,1,3,2,0,19715,11,33
18344,06/29/2020T09:20:00 ,136801,7,20,1,3,2,0,19715,11,33
18345,06/29/2020T09:30:00 ,136801,7,20,1,3,2,0,19715,11,33
18346,06/29/2020T09:40:00 ,136801,7,20,1,3,2,0,19715,11,33
18347,06/29/2020T09:50:00 ,136801,7,20,1,3,2,0,19715,11,33
18348,06/29/2020T10:00:00 ,136801,7,20,1,3,2,0,19715,11,33
18349,06/29/2020T10:10:00 ,136801,7,20,1,3,2,0,19715,11,33
18350,06/29/2020T10:20:00 ,136801,7,20,1,3,2,0,19715,11,33
18351,06/29/2020T10:30:00 ,136801,7,20,1,3,2,0,19715,11,33
18352,06/29/2020T10:40:00 ,136801,7,19,1,3,2,0,19716,11,32
18353,06/29/2020T10:50:00 ,136801,7,19,1,3,2,0,19716,11,32
18354,06/29/2020T11:00:00 ,136801,7,19,1,3,2,0,19716,11,32
18355,06/29/2020T11:10:00 ,136801,7,19,1,3,2,0,19716,11,32
18356,06/29/2020T11:20:00 ,136801,7,19,1,3,2,0,19716,11,32
18357,06/29/2020T11:30:00 ,136801,7,19,1,3,2,0,19716,11,32
18358,06/29/2020T11:40:00 ,136801,7,19,1,3,2,0,19716,11,32
18359,06/29/2020T11:50:00 ,136801,7,19,1,3,2,0,19716,11,32
18360,06/29/2020T12:00:00 ,136801,7,19,1,3,2,0,19716,11,32
18361,06/29/2020T12:10:00 ,136801,7,19,1,3,2,0,19716,11,32
18362,06/29/2020T12:20:00 ,136801,7,19,1,3,2,0,19716,11,32
18363,06/29/2020T12:30:00 ,136801,7,19,1,3,2,0,19716,11,32
18364,06/29/2020T12:40:00 ,136801,7,19,1,3,2,0,19716,11,32
18365,06/29/2020T12:50:00 ,136801,7,19,1,3,2,0,19716,11,32
18366,06/29/2020T13:00:00 ,136801,7,19,1,3,2,0,19716,11,32
18367,06/29/2020T13:10:00 ,136801,7,19,1,3,2,0,19716,11,32
18368,06/29/2020T13:20:00 ,136801,7,19,1,3,2,0,19716,11,32
18369,06/29/2020T13:30:00 ,136801,7,19,1,3,2,0,19716,11,32
18370,06/29/2020T13:40:00 ,136801,7,19,1,3,2,0,19716,11,32
18371,06/29/2020T13:50:00 ,136801,7,19,1,3,2,0,19716,11,32
18372,06/29/2020T14:00:00 ,136801,7,19,1,3,2,0,19716,11,32
18373,06/29/2020T14:10:00 ,136801,7,18,1,3,2,0,19717,11,31
18374,06/29/2020T14:20:00 ,136801,7,18,1,3,2,0,19717,11,31
18375,06/29/2020T14:30:00 ,136801,7,18,1,3,2,0,19717,11,31
18376,06/29/2020T14:40:00 ,136801,7,18,1,3,2,0,19717,11,31
18377,06/29/2020T14:50:00 ,136801,6,19,1,3,2,0,19717,11,31
18378,06/29/2020T15:00:00 ,136801,6,19,1,3,2,0,19717,11,31
18379,06/29/2020T15:10:00 ,136801,6,19,1,3,2,0,19717,11,31
18380,06/29/2020T15:20:00 ,136801,6,19,1,3,2,0,19717,11,31
18381,06/29/2020T15:30:00 ,136801,6,19,1,3,2,0,19717,11,31
18382,06/29/2020T15:40:00 ,136801,6,19,1,3,2,0,19717,11,31
18383,06/29/2020T15:50:00 ,136801,6,19,1,3,2,0,19717,11,31
18384,06/29/2020T16:00:00 ,136801,6,19,1,3,2,0,19717,11,31
18385,06/29/2020T16:10:00 ,136801,6,19,1,3,2,0,19717,11,31
18386,06/29/2020T16:20:00 ,136801,6,19,1,3,2,0,19717,11,31
18387,06/29/2020T16:30:00 ,136801,6,19,1,3,2,0,19717,11,31
18388,06/29/2020T16:40:00 ,136801,6,19,1,3,2,0,19717,11,31
18389,06/29/2020T16:50:00 ,136801,6,19,1,3,2,0,19717,11,31
18390,06/29/2020T17:00:00 ,136801,6,19,1,3,2,0,19717,11,31
18391,06/29/2020T17:10:00 ,136801,6,19,1,3,2,0,19717,11,31
18392,06/29/2020T17:20:00 ,136801,6,19,1,3,2,0,19717,11,31
18393,06/29/2020T17:30:00 ,136801,6,19,1,3,2,0,19717,11,31
18394,06/29/2020T17:40:00 ,136801,6,19,1,3,2,0,19717,11,31
18395,06/29/2020T17:50:00 ,136801,6,19,1,3,2,0,19717,11,31
18396,06/29/2020T18:00:00 ,136801,6,19,1,3,2,0,19717,11,31
18397,06/29/2020T18:10:00 ,136801,6,19,1,3,2,0,19717,11,31
18398,06/29/2020T18:20:00 ,136801,6,19,1,3,2,0,19717,11,31
18399,06/29/2020T18:30:00 ,136801,6,19,1,3,2,0,19717,11,31
18400,06/29/2020T18:40:00 ,136801,6,19,1,3,2,0,19717,11,31
18401,06/29/2020T18:50:00 ,136801,6,19,1,3,2,0,19717,11,31
18402,06/29/2020T19:00:00 ,136801,6,19,1,3,2,0,19717,11,31
18403,06/29/2020T19:10:00 ,136801,6,18,1,3,2,0,19718,11,30
18404,06/29/2020T19:20:00 ,136801,6,18,1,3,2,0,19718,11,30
18405,06/29/2020T19:30:00 ,136801,6,18,1,3,2,0,19718,11,30
18406,06/29/2020T19:40:00 ,136801,6,18,1,3,2,0,19718,11,30
18407,06/29/2020T19:50:00 ,136801,6,18,1,3,2,0,19718,11,30
18408,06/29/2020T20:00:00 ,136801,6,18,1,3,2,0,19718,11,30
18409,06/29/2020T20:10:00 ,136801,6,18,1,3,2,0,19718,11,30
18410,06/29/2020T20:20:00 ,136801,6,18,1,3,2,0,19718,11,30
18411,06/29/2020T20:30:00 ,136801,6,18,1,3,2,0,19718,11,30
18412,06/29/2020T20:40:00 ,136801,6,18,1,3,2,0,19718,11,30
18413,06/29/2020T20:50:00 ,136801,6,18,1,3,2,0,19718,11,30
18414,06/29/2020T21:00:00 ,136801,6,18,1,3,2,0,19718,11,30
18415,06/29/2020T21:10:00 ,136801,6,18,1,3,2,0,19718,11,30
18416,06/29/2020T21:20:00 ,136801,6,18,1,3,2,0,19718,11,30
18417,06/29/2020T21:30:00 ,136801,6,18,1,3,2,0,19718,11,30
18418,06/29/2020T21:40:00 ,136801,6,18,1,3,2,0,19718,11,30
18419,06/29/2020T21:50:00 ,136801,6,18,1,3,2,0,19718,11,30
18420,06/29/2020T22:00:00 ,136801,6,18,1,3,2,0,19718,11,30
18421,06/29/2020T22:10:00 ,136801,6,18,1,3,2,0,19718,11,30
18422,06/29/2020T22:20:00 ,136801,6,18,1,3,2,0,19718,11,30
18423,06/29/2020T22:30:00 ,136801,6,18,1,3,2,0,19718,11,30
18424,06/29/2020T22:40:00 ,136801,6,18,1,3,2,0,19718,11,30
18425,06/29/2020T22:50:00 ,136801,6,18,1,3,2,0,19718,11,30
18426,06/29/2020T23:00:00 ,136801,6,18,1,3,2,0,19718,11,30
18427,06/29/2020T23:10:00 ,136801,6,18,1,3,2,0,19718,11,30
18428,06/29/2020T23:20:00 ,136801,6,18,1,3,2,0,19718,11,30
18429,06/29/2020T23:30:00 ,136801,6,18,1,3,2,0,19718,11,30
18430,06/29/2020T23:40:00 ,136801,6,18,1,3,2,0,19718,11,30
18431,06/29/2020T23:50:00 ,136801,5,19,1,3,2,0,19718,11,30
18432,06/30/2020T00:00:00 ,136801,5,19,1,3,2,0,19718,11,30
18433,06/30/2020T00:10:00 ,136801,5,19,1,3,2,0,19718,11,30
18434,06/30/2020T00:20:00 ,136801,5,19,1,3,2,0,19718,11,30
18435,06/30/2020T00:30:00 ,136801,5,19,1,3,2,0,19718,11,30
18436,06/30/2020T00:40:00 ,136801,5,19,1,3,2,0,19718,11,30
18437,06/30/2020T00:50:00 ,136801,5,19,1,3,2,0,19718,11,30
18438,06/30/2020T01:00:00 ,136801,5,19,1,3,2,0,19718,11,30
18439,06/30/2020T01:10:00 ,136801,5,19,1,3,2,0,19718,11,30
18440,06/30/2020T01:20:00 ,136801,5,19,1,3,2,0,19718,11,30
18441,06/30/2020T01:30:00 ,136801,5,19,1,3,2,0,19718,11,30
18442,06/30/2020T01:40:00 ,136801,4,20,1,3,2,0,19718,11,30
18443,06/30/2020T01:50:00 ,136801,3,21,1,3,2,0,19718,11,30
18444,06/30/2020T02:00:00 ,136801,3,21,1,3,2,0,19718,11,30
18445,06/30/2020T02:10:00 ,136801,3,21,1,3,2,0,19718,11,30
18446,06/30/2020T02:20:00 ,136801,3,21,1,3,2,0,19718,11,30
18447,06/30/2020T02:30:00 ,136801,3,21,1,3,2,0,19718,11,30
18448,06/30/2020T02:40:00 ,136801,3,21,1,3,2,0,19718,11,30
18449,06/30/2020T02:50:00 ,136801,3,21,1,3,2,0,19718,11,30
18450,06/30/2020T03:00:00 ,136801,3,21,1,3,2,0,19718,11,30
18451,06/30/2020T03:10:00 ,136801,3,21,1,3,2,0,19718,11,30
18452,06/30/2020T03:20:00 ,136801,3,21,1,3,2,0,19718,11,30
18453,06/30/2020T03:30:00 ,136801,3,21,1,3,2,0,19718,11,30
18454,06/30/2020T03:40:00 ,136801,3,21,1,3,2,0,19718,11,30
18455,06/30/2020T03:50:00 ,136801,3,21,1,3,2,0,19718,11,30
18456,06/30/2020T04:00:00 ,136801,3,20,1,3,2,0,19719,11,29
18457,06/30/2020T04:10:00 ,136801,3,19,1,3,2,0,19720,11,28
18458,06/30/2020T04:20:00 ,136801,3,19,1,3,2,0,19720,11,28
18459,06/30/2020T04:30:00 ,136801,3,19,1,3,2,0,19720,11,28
18460,06/30/2020T04:40:00 ,136801,3,19,1,3,2,0,19720,11,28
18461,06/30/2020T04:50:00 ,136801,3,19,1,3,2,0,19720,11,28
18462,06/30/2020T05:00:00 ,136801,3,19,1,3,2,0,19720,11,28
18463,06/30/2020T05:10:00 ,136801,3,19,1,3,2,0,19720,11,28
18464,06/30/2020T05:20:00 ,136801,3,19,1,3,2,0,19720,11,28
18465,06/30/2020T05:30:00 ,136801,3,19,1,3,2,0,19720,11,28
18466,06/30/2020T05:40:00 ,136801,3,19,1,3,2,0,19720,11,28
18467,06/30/2020T05:50:00 ,136801,3,19,1,3,2,0,19720,11,28
18468,06/30/2020T06:00:00 ,136801,3,19,1,3,2,0,19720,11,28
18469,06/30/2020T06:10:00 ,136801,3,19,1,3,2,0,19720,11,28
18470,06/30/2020T06:20:00 ,136801,3,19,1,3,2,0,19720,11,28
18471,06/30/2020T06:30:00 ,136801,3,19,1,3,2,0,19720,11,28
18472,06/30/2020T06:40:00 ,136801,3,19,1,3,2,0,19720,11,28
18473,06/30/2020T06:50:00 ,136801,3,19,1,3,2,0,19720,11,28
18474,06/30/2020T07:00:00 ,136801,3,19,1,3,2,0,19720,11,28
18475,06/30/2020T07:10:00 ,136801,3,19,1,3,2,0,19720,11,28
18476,06/30/2020T07:20:00 ,136801,3,19,1,3,2,0,19720,11,28
18477,06/30/2020T07:30:00 ,136801,3,19,1,3,2,0,19720,11,28
18478,06/30/2020T07:40:00 ,136801,3,19,1,3,2,0,19720,11,28
18479,06/30/2020T07:50:00 ,136801,3,19,1,3,2,0,19720,11,28
18480,06/30/2020T08:00:00 ,136801,3,19,1,3,2,0,19720,11,28
18481,06/30/2020T08:10:00 ,136801,3,19,1,3,2,0,19720,11,28
18482,06/30/2020T08:20:00 ,136801,3,19,1,3,2,0,19720,11,28
18483,06/30/2020T08:30:00 ,136801,3,19,1,3,2,0,19720,11,28
18484,06/30/2020T08:40:00 ,136801,3,19,1,3,2,0,19720,11,28
18485,06/30/2020T08:50:00 ,136801,3,19,1,3,2,0,19720,11,28
18486,06/30/2020T09:00:00 ,136801,3,19,1,3,2,0,19720,11,28
18487,06/30/2020T09:10:00 ,136801,3,19,1,3,2,0,19720,11,28
18488,06/30/2020T09:20:00 ,136800,4,19,1,3,2,0,19720,11,29
18489,06/30/2020T09:30:00 ,136800,4,19,1,3,2,0,19720,11,29
18490,06/30/2020T09:40:00 ,136800,4,19,1,3,2,0,19720,11,29
18491,06/30/2020T09:50:00 ,136800,4,19,1,2,2,0,19721,11,28
18492,06/30/2020T10:00:00 ,136800,4,19,1,2,2,0,19721,11,28
18493,06/30/2020T10:10:00 ,136800,4,19,1,2,2,0,19721,11,28
18494,06/30/2020T10:20:00 ,136800,4,19,1,2,2,0,19721,11,28
18495,06/30/2020T10:30:00 ,136800,4,19,1,2,2,0,19721,11,28
18496,06/30/2020T10:40:00 ,136800,4,19,1,2,2,0,19721,11,28
18497,06/30/2020T10:50:00 ,136800,4,19,1,2,2,0,19721,11,28
18498,06/30/2020T11:00:00 ,136800,4,19,1,2,2,0,19721,11,28
18499,06/30/2020T11:10:00 ,136800,4,19,1,2,2,0,19721,11,28
18500,06/30/2020T11:20:00 ,136800,4,19,1,2,2,0,19721,11,28
18501,06/30/2020T11:30:00 ,136800,4,19,1,2,2,0,19721,11,28
18502,06/30/2020T11:40:00 ,136800,4,19,1,2,2,0,19721,11,28
18503,06/30/2020T11:50:00 ,136800,4,19,1,2,2,0,19721,11,28
18504,06/30/2020T12:00:00 ,136800,4,19,1,2,2,0,19721,11,28
18505,06/30/2020T12:10:00 ,136800,4,19,1,2,2,0,19721,11,28
18506,06/30/2020T12:20:00 ,136800,4,19,1,2,2,0,19721,11,28
18507,06/30/2020T12:30:00 ,136800,4,19,1,2,2,0,19721,11,28
18508,06/30/2020T12:40:00 ,136800,4,19,1,2,2,0,19721,11,28
18509,06/30/2020T12:50:00 ,136800,4,19,1,2,2,0,19721,11,28
18510,06/30/2020T13:00:00 ,136800,4,19,1,2,2,0,19721,11,28
18511,06/30/2020T13:10:00 ,136799,5,19,1,2,2,0,19721,11,29
18512,06/30/2020T13:20:00 ,136799,5,19,1,2,2,0,19721,11,29
18513,06/30/2020T13:30:00 ,136799,5,19,1,2,2,0,19721,11,29
18514,06/30/2020T13:40:00 ,136799,5,19,1,2,2,0,19721,11,29
18515,06/30/2020T13:50:00 ,136799,5,19,1,2,2,0,19721,11,29
18516,06/30/2020T14:00:00 ,136798,6,19,1,2,2,0,19721,11,30
18517,06/30/2020T14:10:00 ,136798,6,19,1,2,2,0,19721,11,30
18518,06/30/2020T14:20:00 ,136798,6,19,1,2,2,0,19721,11,30
18519,06/30/2020T14:30:00 ,136798,6,19,1,2,2,0,19721,11,30
18520,06/30/2020T14:40:00 ,136798,6,19,1,2,2,0,19721,11,30
18521,06/30/2020T14:50:00 ,136798,6,19,1,2,2,0,19721,11,30
18522,06/30/2020T15:00:00 ,136798,6,19,1,2,2,0,19721,11,30
18523,06/30/2020T15:10:00 ,136798,6,19,1,2,2,0,19721,11,30
18524,06/30/2020T15:20:00 ,136798,6,19,1,2,2,0,19721,11,30
18525,06/30/2020T15:30:00 ,136798,6,19,1,2,2,0,19721,11,30
18526,06/30/2020T15:40:00 ,136798,5,20,1,2,2,0,19721,11,30
18527,06/30/2020T15:50:00 ,136798,5,20,1,2,2,0,19721,11,30
18528,06/30/2020T16:00:00 ,136798,5,20,1,2,2,0,19721,11,30
18529,06/30/2020T16:10:00 ,136798,5,20,1,2,2,0,19721,11,30
18530,06/30/2020T16:20:00 ,136798,5,20,1,2,2,0,19721,11,30
18531,06/30/2020T16:30:00 ,136798,5,20,1,2,2,0,19721,11,30
18532,06/30/2020T16:40:00 ,136798,5,20,1,2,2,0,19721,11,30
18533,06/30/2020T16:50:00 ,136798,5,20,1,2,2,0,19721,11,30
18534,06/30/2020T17:00:00 ,136798,5,20,1,2,2,0,19721,11,30
18535,06/30/2020T17:10:00 ,136798,5,20,1,2,2,0,19721,11,30
18536,06/30/2020T17:20:00 ,136798,5,20,1,2,2,0,19721,11,30
18537,06/30/2020T17:30:00 ,136798,5,20,1,2,2,0,19721,11,30
18538,06/30/2020T17:40:00 ,136798,5,20,1,2,2,0,19721,11,30
18539,06/30/2020T17:50:00 ,136798,5,20,1,2,2,0,19721,11,30
18540,06/30/2020T18:00:00 ,136798,5,20,1,2,2,0,19721,11,30
18541,06/30/2020T18:10:00 ,136798,5,20,1,2,2,0,19721,11,30
18542,06/30/2020T18:20:00 ,136798,5,20,1,2,2,0,19721,11,30
18543,06/30/2020T18:30:00 ,136798,5,20,1,2,2,0,19721,11,30
18544,06/30/2020T18:40:00 ,136798,5,20,1,2,2,0,19721,11,30
18545,06/30/2020T18:50:00 ,136798,5,20,1,2,2,0,19721,11,30
18546,06/30/2020T19:00:00 ,136798,4,21,1,2,2,0,19721,11,30
18547,06/30/2020T19:10:00 ,136798,4,21,1,2,2,0,19721,11,30
18548,06/30/2020T19:20:00 ,136798,4,21,1,2,2,0,19721,11,30
18549,06/30/2020T19:30:00 ,136798,4,21,1,2,2,0,19721,11,30
18550,06/30/2020T19:40:00 ,136798,4,21,1,2,2,0,19721,11,30
18551,06/30/2020T19:50:00 ,136798,4,21,1,2,2,0,19721,11,30
18552,06/30/2020T20:00:00 ,136798,4,21,1,2,2,0,19721,11,30
18553,06/30/2020T20:10:00 ,136798,4,21,1,2,2,0,19721,11,30
18554,06/30/2020T20:20:00 ,136798,4,21,1,2,2,0,19721,11,30
18555,06/30/2020T20:30:00 ,136798,4,21,1,2,2,0,19721,11,30
18556,06/30/2020T20:40:00 ,136798,4,21,1,2,2,0,19721,11,30
18557,06/30/2020T20:50:00 ,136798,4,21,1,2,2,0,19721,11,30
18558,06/30/2020T21:00:00 ,136798,4,21,1,2,2,0,19721,11,30
18559,06/30/2020T21:10:00 ,136798,4,21,1,2,2,0,19721,11,30
18560,06/30/2020T21:20:00 ,136798,4,21,1,2,2,0,19721,11,30
18561,06/30/2020T21:30:00 ,136798,4,21,1,2,2,0,19721,11,30
18562,06/30/2020T21:40:00 ,136798,4,21,1,2,2,0,19721,11,30
18563,06/30/2020T21:50:00 ,136798,4,21,1,2,2,0,19721,11,30
18564,06/30/2020T22:00:00 ,136798,3,22,1,2,2,0,19721,11,30
18565,06/30/2020T22:10:00 ,136798,3,22,1,2,2,0,19721,11,30
18566,06/30/2020T22:20:00 ,136798,3,22,1,2,2,0,19721,11,30
18567,06/30/2020T22:30:00 ,136798,3,22,1,2,2,0,19721,11,30
18568,06/30/2020T22:40:00 ,136798,3,22,1,2,2,0,19721,11,30
18569,06/30/2020T22:50:00 ,136798,3,22,1,2,2,0,19721,11,30
18570,06/30/2020T23:00:00 ,136798,3,22,1,2,2,0,19721,11,30
18571,06/30/2020T23:10:00 ,136798,3,22,1,2,2,0,19721,11,30
18572,06/30/2020T23:20:00 ,136798,3,22,1,2,2,0,19721,11,30
18573,06/30/2020T23:30:00 ,136798,3,22,1,2,2,0,19721,11,30
18574,06/30/2020T23:40:00 ,136798,3,22,1,2,2,0,19721,11,30
18575,06/30/2020T23:50:00 ,136798,3,22,1,2,2,0,19721,11,30
