tick,iso8601,tests performed,tests performed (resident),positive tests,positive tests (resident),cumulative positive tests
144,02/24/2020T00:00:00 ,0,0,0,0,0
288,02/25/2020T00:00:00 ,0,0,0,0,0
432,02/26/2020T00:00:00 ,0,0,0,0,0
576,02/27/2020T00:00:00 ,0,0,0,0,0
720,02/28/2020T00:00:00 ,0,0,0,0,0
864,02/29/2020T00:00:00 ,0,0,0,0,0
1008,03/01/2020T00:00:00 ,0,0,0,0,0
1152,03/02/2020T00:00:00 ,0,0,0,0,0
1296,03/03/2020T00:00:00 ,0,0,0,0,0
1440,03/04/2020T00:00:00 ,0,0,0,0,0
1584,03/05/2020T00:00:00 ,0,0,0,0,0
1728,03/06/2020T00:00:00 ,0,0,0,0,0
1872,03/07/2020T00:00:00 ,0,0,0,0,0
2016,03/08/2020T00:00:00 ,0,0,0,0,0
2160,03/09/2020T00:00:00 ,0,0,0,0,0
2304,03/10/2020T00:00:00 ,0,0,0,0,0
2448,03/11/2020T00:00:00 ,0,0,0,0,0
2592,03/12/2020T00:00:00 ,0,0,0,0,0
2736,03/13/2020T00:00:00 ,0,0,0,0,0
2880,03/14/2020T00:00:00 ,0,0,0,0,0
3024,03/15/2020T00:00:00 ,0,0,0,0,0
3168,03/16/2020T00:00:00 ,0,0,0,0,0
3312,03/17/2020T00:00:00 ,0,0,0,0,0
3456,03/18/2020T00:00:00 ,0,0,0,0,0
3600,03/19/2020T00:00:00 ,29,23,14,13,14
3744,03/20/2020T00:00:00 ,54,35,26,17,40
3888,03/21/2020T00:00:00 ,44,31,17,10,57
4032,03/22/2020T00:00:00 ,60,41,24,14,81
4176,03/23/2020T00:00:00 ,115,69,56,31,137
4320,03/24/2020T00:00:00 ,90,63,29,17,166
4464,03/25/2020T00:00:00 ,250,236,9,8,175
4608,03/26/2020T00:00:00 ,250,221,15,12,190
4752,03/27/2020T00:00:00 ,250,181,52,41,242
4896,03/28/2020T00:00:00 ,250,212,44,35,286
5040,03/29/2020T00:00:00 ,250,225,42,42,328
5184,03/30/2020T00:00:00 ,250,220,4,4,332
5328,03/31/2020T00:00:00 ,250,161,65,40,397
5472,04/01/2020T00:00:00 ,243,168,69,39,466
5616,04/02/2020T00:00:00 ,250,190,23,15,489
5760,04/03/2020T00:00:00 ,250,214,47,39,536
5904,04/04/2020T00:00:00 ,250,250,46,46,582
6048,04/05/2020T00:00:00 ,250,164,96,52,678
6192,04/06/2020T00:00:00 ,250,185,28,18,706
6336,04/07/2020T00:00:00 ,250,187,61,35,767
6480,04/08/2020T00:00:00 ,250,207,52,37,819
6624,04/09/2020T00:00:00 ,250,190,81,55,900
6768,04/10/2020T00:00:00 ,250,183,74,42,974
6912,04/11/2020T00:00:00 ,250,249,34,33,1008
7056,04/12/2020T00:00:00 ,250,207,29,26,1037
7200,04/13/2020T00:00:00 ,250,189,67,48,1104
7344,04/14/2020T00:00:00 ,250,185,56,36,1160
7488,04/15/2020T00:00:00 ,250,176,109,71,1269
7632,04/16/2020T00:00:00 ,250,188,32,21,1301
7776,04/17/2020T00:00:00 ,250,216,21,16,1322
7920,04/18/2020T00:00:00 ,250,250,79,79,1401
8064,04/19/2020T00:00:00 ,250,162,30,22,1431
8208,04/20/2020T00:00:00 ,250,176,17,11,1448
8352,04/21/2020T00:00:00 ,250,194,19,13,1467
8496,04/22/2020T00:00:00 ,250,250,29,29,1496
8640,04/23/2020T00:00:00 ,250,159,10,9,1506
8784,04/24/2020T00:00:00 ,250,177,113,78,1619
8928,04/25/2020T00:00:00 ,250,169,98,58,1717
9072,04/26/2020T00:00:00 ,250,191,2,2,1719
9216,04/27/2020T00:00:00 ,250,219,3,2,1722
9360,04/28/2020T00:00:00 ,250,236,40,40,1762
9504,04/29/2020T00:00:00 ,250,174,99,69,1861
9648,04/30/2020T00:00:00 ,250,234,2,2,1863
9792,05/01/2020T00:00:00 ,250,216,8,8,1871
9936,05/02/2020T00:00:00 ,250,248,0,0,1871
10080,05/03/2020T00:00:00 ,250,169,138,93,2009
10224,05/04/2020T00:00:00 ,250,244,8,8,2017
10368,05/05/2020T00:00:00 ,250,213,3,3,2020
10512,05/06/2020T00:00:00 ,250,198,1,1,2021
10656,05/07/2020T00:00:00 ,250,175,98,67,2119
10800,05/08/2020T00:00:00 ,250,171,114,80,2233
10944,05/09/2020T00:00:00 ,250,231,4,4,2237
11088,05/10/2020T00:00:00 ,250,244,1,1,2238
11232,05/11/2020T00:00:00 ,250,172,89,59,2327
11376,05/12/2020T00:00:00 ,250,197,0,0,2327
11520,05/13/2020T00:00:00 ,250,208,4,4,2331
11664,05/14/2020T00:00:00 ,250,187,27,16,2358
11808,05/15/2020T00:00:00 ,250,203,20,9,2378
11952,05/16/2020T00:00:00 ,250,178,71,43,2449
12096,05/17/2020T00:00:00 ,250,207,5,4,2454
12240,05/18/2020T00:00:00 ,250,180,67,43,2521
12384,05/19/2020T00:00:00 ,250,201,1,1,2522
12528,05/20/2020T00:00:00 ,250,171,30,20,2552
12672,05/21/2020T00:00:00 ,250,164,62,44,2614
12816,05/22/2020T00:00:00 ,250,174,7,1,2621
12960,05/23/2020T00:00:00 ,250,203,5,5,2626
13104,05/24/2020T00:00:00 ,250,168,16,8,2642
13248,05/25/2020T00:00:00 ,250,197,0,0,2642
13392,05/26/2020T00:00:00 ,250,180,13,6,2655
13536,05/27/2020T00:00:00 ,250,171,3,3,2658
13680,05/28/2020T00:00:00 ,250,175,7,4,2665
13824,05/29/2020T00:00:00 ,250,191,36,25,2701
13968,05/30/2020T00:00:00 ,250,199,6,6,2707
14112,05/31/2020T00:00:00 ,215,170,25,19,2732
14256,06/01/2020T00:00:00 ,250,197,9,5,2741
14400,06/02/2020T00:00:00 ,250,184,81,59,2822
14544,06/03/2020T00:00:00 ,250,205,0,0,2822
14688,06/04/2020T00:00:00 ,250,183,29,18,2851
14832,06/05/2020T00:00:00 ,244,201,20,18,2871
14976,06/06/2020T00:00:00 ,250,159,7,6,2878
15120,06/07/2020T00:00:00 ,250,231,1,1,2879
15264,06/08/2020T00:00:00 ,250,174,0,0,2879
15408,06/09/2020T00:00:00 ,221,171,20,14,2899
15552,06/10/2020T00:00:00 ,250,183,5,5,2904
15696,06/11/2020T00:00:00 ,250,199,14,10,2918
15840,06/12/2020T00:00:00 ,250,157,1,1,2919
15984,06/13/2020T00:00:00 ,250,190,24,19,2943
16128,06/14/2020T00:00:00 ,214,180,12,9,2955
16272,06/15/2020T00:00:00 ,250,192,8,4,2963
16416,06/16/2020T00:00:00 ,250,187,1,1,2964
16560,06/17/2020T00:00:00 ,250,182,27,23,2991
16704,06/18/2020T00:00:00 ,250,163,0,0,2991
16848,06/19/2020T00:00:00 ,250,189,3,2,2994
16992,06/20/2020T00:00:00 ,250,178,3,0,2997
17136,06/21/2020T00:00:00 ,250,175,17,14,3014
17280,06/22/2020T00:00:00 ,223,165,8,6,3022
17424,06/23/2020T00:00:00 ,250,174,0,0,3022
17568,06/24/2020T00:00:00 ,195,145,4,3,3026
17712,06/25/2020T00:00:00 ,250,185,14,8,3040
17856,06/26/2020T00:00:00 ,250,185,7,4,3047
18000,06/27/2020T00:00:00 ,250,200,4,4,3051
18144,06/28/2020T00:00:00 ,250,182,4,0,3055
18288,06/29/2020T00:00:00 ,208,162,7,5,3062
18432,06/30/2020T00:00:00 ,250,195,4,2,3066
