tick,iso8601,tests performed,tests performed (resident),positive tests,positive tests (resident),cumulative positive tests
144,02/24/2020T00:00:00 ,0,0,0,0,0
288,02/25/2020T00:00:00 ,0,0,0,0,0
432,02/26/2020T00:00:00 ,0,0,0,0,0
576,02/27/2020T00:00:00 ,1,1,0,0,0
720,02/28/2020T00:00:00 ,1,1,1,1,1
864,02/29/2020T00:00:00 ,1,1,1,1,2
1008,03/01/2020T00:00:00 ,1,1,0,0,2
1152,03/02/2020T00:00:00 ,1,1,0,0,2
1296,03/03/2020T00:00:00 ,0,0,0,0,2
1440,03/04/2020T00:00:00 ,1,1,1,1,3
1584,03/05/2020T00:00:00 ,2,2,1,1,4
1728,03/06/2020T00:00:00 ,2,1,1,1,5
1872,03/07/2020T00:00:00 ,2,1,1,1,6
2016,03/08/2020T00:00:00 ,3,2,2,1,8
2160,03/09/2020T00:00:00 ,4,3,1,1,9
2304,03/10/2020T00:00:00 ,11,5,3,1,12
2448,03/11/2020T00:00:00 ,15,7,7,2,19
2592,03/12/2020T00:00:00 ,22,14,11,5,30
2736,03/13/2020T00:00:00 ,23,13,9,5,39
2880,03/14/2020T00:00:00 ,34,18,12,10,51
3024,03/15/2020T00:00:00 ,50,32,27,13,78
3168,03/16/2020T00:00:00 ,49,25,21,8,99
3312,03/17/2020T00:00:00 ,39,24,20,11,119
3456,03/18/2020T00:00:00 ,47,28,23,15,142
3600,03/19/2020T00:00:00 ,64,44,32,22,174
3744,03/20/2020T00:00:00 ,73,49,43,33,217
3888,03/21/2020T00:00:00 ,60,39,36,24,253
4032,03/22/2020T00:00:00 ,47,27,18,13,271
4176,03/23/2020T00:00:00 ,40,27,20,13,291
4320,03/24/2020T00:00:00 ,37,20,15,9,306
4464,03/25/2020T00:00:00 ,30,18,16,8,322
4608,03/26/2020T00:00:00 ,23,19,9,8,331
4752,03/27/2020T00:00:00 ,29,21,15,10,346
4896,03/28/2020T00:00:00 ,29,20,16,11,362
5040,03/29/2020T00:00:00 ,26,20,15,10,377
5184,03/30/2020T00:00:00 ,21,19,14,13,391
5328,03/31/2020T00:00:00 ,16,14,4,3,395
5472,04/01/2020T00:00:00 ,15,12,9,8,404
5616,04/02/2020T00:00:00 ,22,18,11,11,415
5760,04/03/2020T00:00:00 ,27,23,13,10,428
5904,04/04/2020T00:00:00 ,19,13,10,8,438
6048,04/05/2020T00:00:00 ,18,13,10,6,448
6192,04/06/2020T00:00:00 ,21,14,12,8,460
6336,04/07/2020T00:00:00 ,20,15,13,10,473
6480,04/08/2020T00:00:00 ,12,11,5,4,478
6624,04/09/2020T00:00:00 ,23,20,13,12,491
6768,04/10/2020T00:00:00 ,21,15,9,6,500
6912,04/11/2020T00:00:00 ,18,12,11,8,511
7056,04/12/2020T00:00:00 ,19,13,10,7,521
7200,04/13/2020T00:00:00 ,5,3,1,0,522
7344,04/14/2020T00:00:00 ,13,11,7,5,529
7488,04/15/2020T00:00:00 ,9,7,6,4,535
7632,04/16/2020T00:00:00 ,10,8,8,6,543
7776,04/17/2020T00:00:00 ,15,10,5,4,548
7920,04/18/2020T00:00:00 ,14,8,4,3,552
8064,04/19/2020T00:00:00 ,10,8,4,4,556
8208,04/20/2020T00:00:00 ,10,7,4,3,560
8352,04/21/2020T00:00:00 ,12,10,8,6,568
8496,04/22/2020T00:00:00 ,13,9,9,8,577
8640,04/23/2020T00:00:00 ,14,8,9,6,586
8784,04/24/2020T00:00:00 ,25,18,17,12,603
8928,04/25/2020T00:00:00 ,154,106,8,7,611
9072,04/26/2020T00:00:00 ,293,227,11,7,622
9216,04/27/2020T00:00:00 ,316,216,4,4,626
9360,04/28/2020T00:00:00 ,365,267,21,18,647
9504,04/29/2020T00:00:00 ,62,58,8,7,655
9648,04/30/2020T00:00:00 ,362,225,11,8,666
9792,05/01/2020T00:00:00 ,367,298,7,6,673
9936,05/02/2020T00:00:00 ,49,44,32,29,705
10080,05/03/2020T00:00:00 ,199,112,4,4,709
10224,05/04/2020T00:00:00 ,352,227,12,9,721
10368,05/05/2020T00:00:00 ,334,301,1,1,722
10512,05/06/2020T00:00:00 ,46,43,28,26,750
10656,05/07/2020T00:00:00 ,217,134,1,1,751
10800,05/08/2020T00:00:00 ,335,273,5,5,756
10944,05/09/2020T00:00:00 ,266,204,5,3,761
11088,05/10/2020T00:00:00 ,39,35,17,14,778
11232,05/11/2020T00:00:00 ,23,22,2,2,780
11376,05/12/2020T00:00:00 ,323,267,5,5,785
11520,05/13/2020T00:00:00 ,204,155,3,3,788
11664,05/14/2020T00:00:00 ,226,171,7,7,795
11808,05/15/2020T00:00:00 ,182,140,2,2,797
11952,05/16/2020T00:00:00 ,331,268,3,3,800
12096,05/17/2020T00:00:00 ,32,30,6,5,806
12240,05/18/2020T00:00:00 ,18,15,3,2,809
12384,05/19/2020T00:00:00 ,188,145,6,5,815
12528,05/20/2020T00:00:00 ,290,218,1,1,816
12672,05/21/2020T00:00:00 ,299,221,0,0,816
12816,05/22/2020T00:00:00 ,296,233,0,0,816
12960,05/23/2020T00:00:00 ,304,302,0,0,816
13104,05/24/2020T00:00:00 ,160,124,1,0,817
13248,05/25/2020T00:00:00 ,55,43,1,1,818
13392,05/26/2020T00:00:00 ,307,232,0,0,818
13536,05/27/2020T00:00:00 ,11,10,0,0,818
13680,05/28/2020T00:00:00 ,19,15,0,0,818
13824,05/29/2020T00:00:00 ,31,21,0,0,818
13968,05/30/2020T00:00:00 ,457,304,0,0,818
14112,05/31/2020T00:00:00 ,308,245,0,0,818
14256,06/01/2020T00:00:00 ,497,379,0,0,818
14400,06/02/2020T00:00:00 ,530,417,0,0,818
14544,06/03/2020T00:00:00 ,526,418,0,0,818
14688,06/04/2020T00:00:00 ,542,433,0,0,818
14832,06/05/2020T00:00:00 ,634,490,1,1,819
14976,06/06/2020T00:00:00 ,676,525,1,1,820
15120,06/07/2020T00:00:00 ,770,598,1,1,821
15264,06/08/2020T00:00:00 ,858,674,0,0,821
15408,06/09/2020T00:00:00 ,983,742,2,2,823
15552,06/10/2020T00:00:00 ,1040,803,2,2,825
15696,06/11/2020T00:00:00 ,926,693,44,34,869
15840,06/12/2020T00:00:00 ,847,673,0,0,869
15984,06/13/2020T00:00:00 ,1240,958,8,8,877
16128,06/14/2020T00:00:00 ,1318,1018,0,0,877
16272,06/15/2020T00:00:00 ,1411,1098,34,29,911
16416,06/16/2020T00:00:00 ,1445,1126,0,0,911
16560,06/17/2020T00:00:00 ,1533,1204,15,14,926
16704,06/18/2020T00:00:00 ,1527,1135,0,0,926
16848,06/19/2020T00:00:00 ,1570,1232,23,22,949
16992,06/20/2020T00:00:00 ,1357,1089,1,1,950
17136,06/21/2020T00:00:00 ,1315,1030,12,12,962
17280,06/22/2020T00:00:00 ,1284,995,0,0,962
17424,06/23/2020T00:00:00 ,1237,895,22,18,984
17568,06/24/2020T00:00:00 ,1229,925,1,1,985
17712,06/25/2020T00:00:00 ,1244,936,11,11,996
17856,06/26/2020T00:00:00 ,1319,1035,0,0,996
18000,06/27/2020T00:00:00 ,1626,1253,13,10,1009
18144,06/28/2020T00:00:00 ,1801,1375,0,0,1009
18288,06/29/2020T00:00:00 ,2006,1543,8,8,1017
18432,06/30/2020T00:00:00 ,2182,1706,0,0,1017
