tick,iso8601,tests performed,tests performed (resident),positive tests,positive tests (resident),cumulative positive tests
144,02/24/2020T00:00:00 ,0,0,0,0,0
288,02/25/2020T00:00:00 ,0,0,0,0,0
432,02/26/2020T00:00:00 ,0,0,0,0,0
576,02/27/2020T00:00:00 ,1,1,0,0,0
720,02/28/2020T00:00:00 ,1,1,1,1,1
864,02/29/2020T00:00:00 ,1,1,1,1,2
1008,03/01/2020T00:00:00 ,0,0,0,0,2
1152,03/02/2020T00:00:00 ,1,1,1,1,3
1296,03/03/2020T00:00:00 ,0,0,0,0,3
1440,03/04/2020T00:00:00 ,1,1,0,0,3
1584,03/05/2020T00:00:00 ,1,1,0,0,3
1728,03/06/2020T00:00:00 ,0,0,0,0,3
1872,03/07/2020T00:00:00 ,2,1,0,0,3
2016,03/08/2020T00:00:00 ,3,3,0,0,3
2160,03/09/2020T00:00:00 ,0,0,0,0,3
2304,03/10/2020T00:00:00 ,2,2,2,2,5
2448,03/11/2020T00:00:00 ,1,1,0,0,5
2592,03/12/2020T00:00:00 ,1,1,1,1,6
2736,03/13/2020T00:00:00 ,3,1,2,0,8
2880,03/14/2020T00:00:00 ,8,2,3,2,11
3024,03/15/2020T00:00:00 ,3,2,1,0,12
3168,03/16/2020T00:00:00 ,3,0,2,0,14
3312,03/17/2020T00:00:00 ,7,5,5,3,19
3456,03/18/2020T00:00:00 ,11,6,5,3,24
3600,03/19/2020T00:00:00 ,17,9,13,6,37
3744,03/20/2020T00:00:00 ,21,13,7,5,44
3888,03/21/2020T00:00:00 ,17,13,8,5,52
4032,03/22/2020T00:00:00 ,19,11,12,7,64
4176,03/23/2020T00:00:00 ,10,3,4,2,68
4320,03/24/2020T00:00:00 ,15,5,5,2,73
4464,03/25/2020T00:00:00 ,7,3,5,3,78
4608,03/26/2020T00:00:00 ,9,4,4,1,82
4752,03/27/2020T00:00:00 ,4,3,2,1,84
4896,03/28/2020T00:00:00 ,7,7,5,5,89
5040,03/29/2020T00:00:00 ,4,3,2,2,91
5184,03/30/2020T00:00:00 ,3,3,2,2,93
5328,03/31/2020T00:00:00 ,3,3,2,2,95
5472,04/01/2020T00:00:00 ,3,2,2,2,97
5616,04/02/2020T00:00:00 ,4,2,2,1,99
5760,04/03/2020T00:00:00 ,5,4,3,3,102
5904,04/04/2020T00:00:00 ,3,2,1,0,103
6048,04/05/2020T00:00:00 ,8,6,6,5,109
6192,04/06/2020T00:00:00 ,4,3,2,1,111
6336,04/07/2020T00:00:00 ,6,3,5,2,116
6480,04/08/2020T00:00:00 ,2,1,2,1,118
6624,04/09/2020T00:00:00 ,9,1,7,1,125
6768,04/10/2020T00:00:00 ,8,3,4,2,129
6912,04/11/2020T00:00:00 ,12,7,8,5,137
7056,04/12/2020T00:00:00 ,5,3,2,1,139
7200,04/13/2020T00:00:00 ,8,5,2,2,141
7344,04/14/2020T00:00:00 ,10,4,6,3,147
7488,04/15/2020T00:00:00 ,10,4,7,3,154
7632,04/16/2020T00:00:00 ,12,6,6,3,160
7776,04/17/2020T00:00:00 ,9,4,7,3,167
7920,04/18/2020T00:00:00 ,11,8,6,4,173
8064,04/19/2020T00:00:00 ,14,9,7,4,180
8208,04/20/2020T00:00:00 ,5,3,3,2,183
8352,04/21/2020T00:00:00 ,3,2,1,1,184
8496,04/22/2020T00:00:00 ,3,2,0,0,184
8640,04/23/2020T00:00:00 ,22,8,13,5,197
8784,04/24/2020T00:00:00 ,5,4,4,3,201
8928,04/25/2020T00:00:00 ,258,258,13,13,214
9072,04/26/2020T00:00:00 ,39,35,3,3,217
9216,04/27/2020T00:00:00 ,316,307,25,18,242
9360,04/28/2020T00:00:00 ,2,1,2,1,244
9504,04/29/2020T00:00:00 ,359,282,18,12,262
9648,04/30/2020T00:00:00 ,16,12,4,4,266
9792,05/01/2020T00:00:00 ,40,29,10,3,276
9936,05/02/2020T00:00:00 ,5,4,1,1,277
10080,05/03/2020T00:00:00 ,362,281,25,17,302
10224,05/04/2020T00:00:00 ,8,6,5,4,307
10368,05/05/2020T00:00:00 ,40,28,12,4,319
10512,05/06/2020T00:00:00 ,337,330,8,8,327
10656,05/07/2020T00:00:00 ,337,282,23,19,350
10800,05/08/2020T00:00:00 ,4,2,0,0,350
10944,05/09/2020T00:00:00 ,52,40,11,5,361
11088,05/10/2020T00:00:00 ,340,335,7,7,368
11232,05/11/2020T00:00:00 ,330,276,21,15,389
11376,05/12/2020T00:00:00 ,16,14,0,0,389
11520,05/13/2020T00:00:00 ,53,46,5,5,394
11664,05/14/2020T00:00:00 ,8,3,6,3,400
11808,05/15/2020T00:00:00 ,336,295,10,6,410
11952,05/16/2020T00:00:00 ,331,221,1,1,411
12096,05/17/2020T00:00:00 ,45,37,2,1,413
12240,05/18/2020T00:00:00 ,6,2,5,1,418
12384,05/19/2020T00:00:00 ,300,262,1,1,419
12528,05/20/2020T00:00:00 ,290,280,5,5,424
12672,05/21/2020T00:00:00 ,29,19,3,1,427
12816,05/22/2020T00:00:00 ,9,7,3,2,430
12960,05/23/2020T00:00:00 ,303,280,7,6,437
13104,05/24/2020T00:00:00 ,304,297,5,5,442
13248,05/25/2020T00:00:00 ,54,34,4,1,446
13392,05/26/2020T00:00:00 ,134,96,3,2,449
13536,05/27/2020T00:00:00 ,425,342,2,2,451
13680,05/28/2020T00:00:00 ,441,364,11,7,462
13824,05/29/2020T00:00:00 ,62,42,3,1,465
13968,05/30/2020T00:00:00 ,332,260,0,0,465
14112,05/31/2020T00:00:00 ,500,323,5,2,470
14256,06/01/2020T00:00:00 ,500,388,7,5,477
14400,06/02/2020T00:00:00 ,530,404,2,0,479
14544,06/03/2020T00:00:00 ,512,393,0,0,479
14688,06/04/2020T00:00:00 ,542,360,2,0,481
14832,06/05/2020T00:00:00 ,634,473,0,0,481
14976,06/06/2020T00:00:00 ,676,527,2,1,483
15120,06/07/2020T00:00:00 ,770,539,3,1,486
15264,06/08/2020T00:00:00 ,858,598,0,0,486
15408,06/09/2020T00:00:00 ,983,767,0,0,486
15552,06/10/2020T00:00:00 ,1040,800,0,0,486
15696,06/11/2020T00:00:00 ,861,671,0,0,486
15840,06/12/2020T00:00:00 ,1151,829,0,0,486
15984,06/13/2020T00:00:00 ,1240,909,0,0,486
16128,06/14/2020T00:00:00 ,1318,1015,0,0,486
16272,06/15/2020T00:00:00 ,1411,1080,0,0,486
16416,06/16/2020T00:00:00 ,1445,1124,0,0,486
16560,06/17/2020T00:00:00 ,1533,1166,0,0,486
16704,06/18/2020T00:00:00 ,1527,1159,0,0,486
16848,06/19/2020T00:00:00 ,1570,1223,0,0,486
16992,06/20/2020T00:00:00 ,1357,1024,0,0,486
17136,06/21/2020T00:00:00 ,1315,1030,0,0,486
17280,06/22/2020T00:00:00 ,1284,1000,0,0,486
17424,06/23/2020T00:00:00 ,1237,962,0,0,486
17568,06/24/2020T00:00:00 ,1229,924,0,0,486
17712,06/25/2020T00:00:00 ,1244,964,0,0,486
17856,06/26/2020T00:00:00 ,1319,999,0,0,486
18000,06/27/2020T00:00:00 ,1626,1218,0,0,486
18144,06/28/2020T00:00:00 ,1801,1395,0,0,486
18288,06/29/2020T00:00:00 ,2006,1564,0,0,486
18432,06/30/2020T00:00:00 ,2182,1720,0,0,486
