tick,iso8601,tests performed,tests performed (resident),positive tests,positive tests (resident),cumulative positive tests
144,02/24/2020T00:00:00 ,0,0,0,0,0
288,02/25/2020T00:00:00 ,0,0,0,0,0
432,02/26/2020T00:00:00 ,0,0,0,0,0
576,02/27/2020T00:00:00 ,1,1,1,1,1
720,02/28/2020T00:00:00 ,1,1,1,1,2
864,02/29/2020T00:00:00 ,0,0,0,0,2
1008,03/01/2020T00:00:00 ,1,1,1,1,3
1152,03/02/2020T00:00:00 ,1,1,0,0,3
1296,03/03/2020T00:00:00 ,1,1,0,0,3
1440,03/04/2020T00:00:00 ,1,1,0,0,3
1584,03/05/2020T00:00:00 ,2,2,2,2,5
1728,03/06/2020T00:00:00 ,2,1,1,1,6
1872,03/07/2020T00:00:00 ,2,1,0,0,6
2016,03/08/2020T00:00:00 ,3,2,0,0,6
2160,03/09/2020T00:00:00 ,4,0,1,0,7
2304,03/10/2020T00:00:00 ,12,7,4,3,11
2448,03/11/2020T00:00:00 ,19,13,8,7,19
2592,03/12/2020T00:00:00 ,22,8,12,5,31
2736,03/13/2020T00:00:00 ,23,13,9,6,40
2880,03/14/2020T00:00:00 ,38,23,19,9,59
3024,03/15/2020T00:00:00 ,53,30,30,18,89
3168,03/16/2020T00:00:00 ,62,39,25,13,114
3312,03/17/2020T00:00:00 ,48,28,27,14,141
3456,03/18/2020T00:00:00 ,45,32,19,14,160
3600,03/19/2020T00:00:00 ,50,34,29,20,189
3744,03/20/2020T00:00:00 ,59,35,31,16,220
3888,03/21/2020T00:00:00 ,67,39,37,22,257
4032,03/22/2020T00:00:00 ,46,35,22,15,279
4176,03/23/2020T00:00:00 ,58,39,24,18,303
4320,03/24/2020T00:00:00 ,51,31,27,16,330
4464,03/25/2020T00:00:00 ,56,41,30,24,360
4608,03/26/2020T00:00:00 ,59,35,27,20,387
4752,03/27/2020T00:00:00 ,55,34,24,14,411
4896,03/28/2020T00:00:00 ,65,32,33,17,444
5040,03/29/2020T00:00:00 ,32,19,13,8,457
5184,03/30/2020T00:00:00 ,26,18,17,12,474
5328,03/31/2020T00:00:00 ,15,13,8,7,482
5472,04/01/2020T00:00:00 ,31,26,18,16,500
5616,04/02/2020T00:00:00 ,26,20,14,12,514
5760,04/03/2020T00:00:00 ,27,21,15,14,529
5904,04/04/2020T00:00:00 ,27,17,18,11,547
6048,04/05/2020T00:00:00 ,25,21,13,11,560
6192,04/06/2020T00:00:00 ,27,22,8,6,568
6336,04/07/2020T00:00:00 ,26,22,15,13,583
6480,04/08/2020T00:00:00 ,21,17,10,6,593
6624,04/09/2020T00:00:00 ,20,13,11,7,604
6768,04/10/2020T00:00:00 ,18,11,10,6,614
6912,04/11/2020T00:00:00 ,23,17,10,7,624
7056,04/12/2020T00:00:00 ,18,12,10,6,634
7200,04/13/2020T00:00:00 ,8,5,3,2,637
7344,04/14/2020T00:00:00 ,9,7,4,4,641
7488,04/15/2020T00:00:00 ,14,12,5,4,646
7632,04/16/2020T00:00:00 ,22,10,13,7,659
7776,04/17/2020T00:00:00 ,11,10,6,6,665
7920,04/18/2020T00:00:00 ,15,12,8,5,673
8064,04/19/2020T00:00:00 ,21,20,12,11,685
8208,04/20/2020T00:00:00 ,9,8,6,6,691
8352,04/21/2020T00:00:00 ,9,6,4,3,695
8496,04/22/2020T00:00:00 ,9,7,3,3,698
8640,04/23/2020T00:00:00 ,23,20,10,8,708
8784,04/24/2020T00:00:00 ,15,11,7,5,715
8928,04/25/2020T00:00:00 ,258,232,20,15,735
9072,04/26/2020T00:00:00 ,293,231,6,5,741
9216,04/27/2020T00:00:00 ,76,62,8,7,749
9360,04/28/2020T00:00:00 ,65,40,7,5,756
9504,04/29/2020T00:00:00 ,359,284,7,6,763
9648,04/30/2020T00:00:00 ,362,303,33,31,796
9792,05/01/2020T00:00:00 ,137,104,9,5,805
9936,05/02/2020T00:00:00 ,377,262,8,7,813
10080,05/03/2020T00:00:00 ,362,243,8,5,821
10224,05/04/2020T00:00:00 ,352,248,2,1,823
10368,05/05/2020T00:00:00 ,296,219,4,4,827
10512,05/06/2020T00:00:00 ,272,212,16,15,843
10656,05/07/2020T00:00:00 ,337,306,6,5,849
10800,05/08/2020T00:00:00 ,157,121,20,19,869
10944,05/09/2020T00:00:00 ,296,217,1,0,870
11088,05/10/2020T00:00:00 ,204,156,17,16,887
11232,05/11/2020T00:00:00 ,330,286,1,1,888
11376,05/12/2020T00:00:00 ,323,225,0,0,888
11520,05/13/2020T00:00:00 ,299,219,1,1,889
11664,05/14/2020T00:00:00 ,43,42,17,16,906
11808,05/15/2020T00:00:00 ,336,241,3,1,909
11952,05/16/2020T00:00:00 ,158,121,7,6,916
12096,05/17/2020T00:00:00 ,7,3,0,0,916
12240,05/18/2020T00:00:00 ,13,12,12,11,928
12384,05/19/2020T00:00:00 ,6,4,0,0,928
12528,05/20/2020T00:00:00 ,178,140,11,10,939
12672,05/21/2020T00:00:00 ,299,242,0,0,939
12816,05/22/2020T00:00:00 ,23,22,8,8,947
12960,05/23/2020T00:00:00 ,10,6,0,0,947
13104,05/24/2020T00:00:00 ,183,144,3,3,950
13248,05/25/2020T00:00:00 ,27,22,1,1,951
13392,05/26/2020T00:00:00 ,31,24,4,4,955
13536,05/27/2020T00:00:00 ,8,6,0,0,955
13680,05/28/2020T00:00:00 ,291,224,0,0,955
13824,05/29/2020T00:00:00 ,39,31,0,0,955
13968,05/30/2020T00:00:00 ,350,272,0,0,955
14112,05/31/2020T00:00:00 ,321,258,0,0,955
14256,06/01/2020T00:00:00 ,497,375,0,0,955
14400,06/02/2020T00:00:00 ,530,404,0,0,955
14544,06/03/2020T00:00:00 ,491,367,0,0,955
14688,06/04/2020T00:00:00 ,542,412,0,0,955
14832,06/05/2020T00:00:00 ,634,497,0,0,955
14976,06/06/2020T00:00:00 ,676,516,0,0,955
15120,06/07/2020T00:00:00 ,770,587,0,0,955
15264,06/08/2020T00:00:00 ,858,649,0,0,955
15408,06/09/2020T00:00:00 ,983,767,0,0,955
15552,06/10/2020T00:00:00 ,1040,819,0,0,955
15696,06/11/2020T00:00:00 ,838,669,0,0,955
15840,06/12/2020T00:00:00 ,799,626,0,0,955
15984,06/13/2020T00:00:00 ,1240,936,0,0,955
16128,06/14/2020T00:00:00 ,1318,1014,0,0,955
16272,06/15/2020T00:00:00 ,1411,1087,0,0,955
16416,06/16/2020T00:00:00 ,1445,1099,0,0,955
16560,06/17/2020T00:00:00 ,1533,1180,0,0,955
16704,06/18/2020T00:00:00 ,1527,1182,0,0,955
16848,06/19/2020T00:00:00 ,1570,1236,0,0,955
16992,06/20/2020T00:00:00 ,1357,1053,0,0,955
17136,06/21/2020T00:00:00 ,1315,1021,0,0,955
17280,06/22/2020T00:00:00 ,1284,1004,0,0,955
17424,06/23/2020T00:00:00 ,1237,976,0,0,955
17568,06/24/2020T00:00:00 ,1229,948,0,0,955
17712,06/25/2020T00:00:00 ,1244,971,0,0,955
17856,06/26/2020T00:00:00 ,1319,998,0,0,955
18000,06/27/2020T00:00:00 ,1626,1263,0,0,955
18144,06/28/2020T00:00:00 ,1801,1373,0,0,955
18288,06/29/2020T00:00:00 ,2006,1554,0,0,955
18432,06/30/2020T00:00:00 ,2182,1671,0,0,955
