tick,iso8601,tests performed,tests performed (resident),positive tests,positive tests (resident),cumulative positive tests
144,02/24/2020T00:00:00 ,0,0,0,0,0
288,02/25/2020T00:00:00 ,0,0,0,0,0
432,02/26/2020T00:00:00 ,0,0,0,0,0
576,02/27/2020T00:00:00 ,1,1,0,0,0
720,02/28/2020T00:00:00 ,1,1,0,0,0
864,02/29/2020T00:00:00 ,1,1,1,1,1
1008,03/01/2020T00:00:00 ,1,1,1,1,2
1152,03/02/2020T00:00:00 ,1,1,1,1,3
1296,03/03/2020T00:00:00 ,1,1,1,1,4
1440,03/04/2020T00:00:00 ,1,1,1,1,5
1584,03/05/2020T00:00:00 ,1,1,1,1,6
1728,03/06/2020T00:00:00 ,2,2,2,2,8
1872,03/07/2020T00:00:00 ,1,0,0,0,8
2016,03/08/2020T00:00:00 ,3,3,2,2,10
2160,03/09/2020T00:00:00 ,2,1,1,1,11
2304,03/10/2020T00:00:00 ,4,2,1,0,12
2448,03/11/2020T00:00:00 ,1,0,1,0,13
2592,03/12/2020T00:00:00 ,3,3,2,2,15
2736,03/13/2020T00:00:00 ,8,4,2,1,17
2880,03/14/2020T00:00:00 ,5,4,1,0,18
3024,03/15/2020T00:00:00 ,8,6,4,4,22
3168,03/16/2020T00:00:00 ,6,3,1,0,23
3312,03/17/2020T00:00:00 ,6,4,3,2,26
3456,03/18/2020T00:00:00 ,7,5,3,2,29
3600,03/19/2020T00:00:00 ,7,5,3,2,32
3744,03/20/2020T00:00:00 ,8,4,4,3,36
3888,03/21/2020T00:00:00 ,12,8,7,6,43
4032,03/22/2020T00:00:00 ,13,9,8,6,51
4176,03/23/2020T00:00:00 ,8,6,5,4,56
4320,03/24/2020T00:00:00 ,12,6,9,3,65
4464,03/25/2020T00:00:00 ,13,6,4,1,69
4608,03/26/2020T00:00:00 ,9,5,1,0,70
4752,03/27/2020T00:00:00 ,11,6,8,3,78
4896,03/28/2020T00:00:00 ,6,3,2,1,80
5040,03/29/2020T00:00:00 ,4,2,0,0,80
5184,03/30/2020T00:00:00 ,4,2,2,1,82
5328,03/31/2020T00:00:00 ,2,2,1,1,83
5472,04/01/2020T00:00:00 ,1,1,0,0,83
5616,04/02/2020T00:00:00 ,2,2,1,1,84
5760,04/03/2020T00:00:00 ,0,0,0,0,84
5904,04/04/2020T00:00:00 ,0,0,0,0,84
6048,04/05/2020T00:00:00 ,0,0,0,0,84
6192,04/06/2020T00:00:00 ,1,1,1,1,85
6336,04/07/2020T00:00:00 ,1,1,0,0,85
6480,04/08/2020T00:00:00 ,0,0,0,0,85
6624,04/09/2020T00:00:00 ,2,2,2,2,87
6768,04/10/2020T00:00:00 ,1,0,0,0,87
6912,04/11/2020T00:00:00 ,3,2,1,1,88
7056,04/12/2020T00:00:00 ,2,1,1,1,89
7200,04/13/2020T00:00:00 ,0,0,0,0,89
7344,04/14/2020T00:00:00 ,1,1,0,0,89
7488,04/15/2020T00:00:00 ,1,0,0,0,89
7632,04/16/2020T00:00:00 ,0,0,0,0,89
7776,04/17/2020T00:00:00 ,0,0,0,0,89
7920,04/18/2020T00:00:00 ,1,0,0,0,89
8064,04/19/2020T00:00:00 ,1,1,1,1,90
8208,04/20/2020T00:00:00 ,0,0,0,0,90
8352,04/21/2020T00:00:00 ,0,0,0,0,90
8496,04/22/2020T00:00:00 ,1,1,0,0,90
8640,04/23/2020T00:00:00 ,0,0,0,0,90
8784,04/24/2020T00:00:00 ,0,0,0,0,90
8928,04/25/2020T00:00:00 ,258,254,0,0,90
9072,04/26/2020T00:00:00 ,0,0,0,0,90
9216,04/27/2020T00:00:00 ,0,0,0,0,90
9360,04/28/2020T00:00:00 ,0,0,0,0,90
9504,04/29/2020T00:00:00 ,0,0,0,0,90
9648,04/30/2020T00:00:00 ,0,0,0,0,90
9792,05/01/2020T00:00:00 ,0,0,0,0,90
9936,05/02/2020T00:00:00 ,0,0,0,0,90
10080,05/03/2020T00:00:00 ,0,0,0,0,90
10224,05/04/2020T00:00:00 ,0,0,0,0,90
10368,05/05/2020T00:00:00 ,1,1,1,1,91
10512,05/06/2020T00:00:00 ,0,0,0,0,91
10656,05/07/2020T00:00:00 ,0,0,0,0,91
10800,05/08/2020T00:00:00 ,0,0,0,0,91
10944,05/09/2020T00:00:00 ,0,0,0,0,91
11088,05/10/2020T00:00:00 ,0,0,0,0,91
11232,05/11/2020T00:00:00 ,316,190,3,3,94
11376,05/12/2020T00:00:00 ,0,0,0,0,94
11520,05/13/2020T00:00:00 ,0,0,0,0,94
11664,05/14/2020T00:00:00 ,0,0,0,0,94
11808,05/15/2020T00:00:00 ,1,1,1,1,95
11952,05/16/2020T00:00:00 ,0,0,0,0,95
12096,05/17/2020T00:00:00 ,317,221,2,2,97
12240,05/18/2020T00:00:00 ,0,0,0,0,97
12384,05/19/2020T00:00:00 ,0,0,0,0,97
12528,05/20/2020T00:00:00 ,0,0,0,0,97
12672,05/21/2020T00:00:00 ,299,190,3,2,100
12816,05/22/2020T00:00:00 ,0,0,0,0,100
12960,05/23/2020T00:00:00 ,12,11,0,0,100
13104,05/24/2020T00:00:00 ,7,5,0,0,100
13248,05/25/2020T00:00:00 ,21,14,0,0,100
13392,05/26/2020T00:00:00 ,24,17,0,0,100
13536,05/27/2020T00:00:00 ,333,200,1,0,101
13680,05/28/2020T00:00:00 ,18,14,0,0,101
13824,05/29/2020T00:00:00 ,27,20,0,0,101
13968,05/30/2020T00:00:00 ,332,267,0,0,101
14112,05/31/2020T00:00:00 ,337,262,0,0,101
14256,06/01/2020T00:00:00 ,497,374,0,0,101
14400,06/02/2020T00:00:00 ,530,347,0,0,101
14544,06/03/2020T00:00:00 ,512,413,0,0,101
14688,06/04/2020T00:00:00 ,536,418,0,0,101
14832,06/05/2020T00:00:00 ,634,522,0,0,101
14976,06/06/2020T00:00:00 ,676,523,0,0,101
15120,06/07/2020T00:00:00 ,770,597,0,0,101
15264,06/08/2020T00:00:00 ,858,661,0,0,101
15408,06/09/2020T00:00:00 ,983,772,0,0,101
15552,06/10/2020T00:00:00 ,1040,840,0,0,101
15696,06/11/2020T00:00:00 ,843,664,0,0,101
15840,06/12/2020T00:00:00 ,883,682,0,0,101
15984,06/13/2020T00:00:00 ,1240,979,0,0,101
16128,06/14/2020T00:00:00 ,1318,996,0,0,101
16272,06/15/2020T00:00:00 ,1411,1071,0,0,101
16416,06/16/2020T00:00:00 ,1445,1111,0,0,101
16560,06/17/2020T00:00:00 ,1533,1200,0,0,101
16704,06/18/2020T00:00:00 ,1527,1187,0,0,101
16848,06/19/2020T00:00:00 ,1570,1225,0,0,101
16992,06/20/2020T00:00:00 ,1357,1042,0,0,101
17136,06/21/2020T00:00:00 ,1315,1033,0,0,101
17280,06/22/2020T00:00:00 ,1284,1025,0,0,101
17424,06/23/2020T00:00:00 ,1237,961,0,0,101
17568,06/24/2020T00:00:00 ,1229,954,0,0,101
17712,06/25/2020T00:00:00 ,1244,955,0,0,101
17856,06/26/2020T00:00:00 ,1319,1014,0,0,101
18000,06/27/2020T00:00:00 ,1626,1240,0,0,101
18144,06/28/2020T00:00:00 ,1801,1421,0,0,101
18288,06/29/2020T00:00:00 ,2006,1573,0,0,101
18432,06/30/2020T00:00:00 ,2182,1724,0,0,101
