tick,iso8601,tests performed,tests performed (resident),positive tests,positive tests (resident),cumulative positive tests
144,02/24/2020T00:00:00 ,0,0,0,0,0
288,02/25/2020T00:00:00 ,0,0,0,0,0
432,02/26/2020T00:00:00 ,0,0,0,0,0
576,02/27/2020T00:00:00 ,0,0,0,0,0
720,02/28/2020T00:00:00 ,0,0,0,0,0
864,02/29/2020T00:00:00 ,0,0,0,0,0
1008,03/01/2020T00:00:00 ,0,0,0,0,0
1152,03/02/2020T00:00:00 ,0,0,0,0,0
1296,03/03/2020T00:00:00 ,0,0,0,0,0
1440,03/04/2020T00:00:00 ,0,0,0,0,0
1584,03/05/2020T00:00:00 ,0,0,0,0,0
1728,03/06/2020T00:00:00 ,0,0,0,0,0
1872,03/07/2020T00:00:00 ,0,0,0,0,0
2016,03/08/2020T00:00:00 ,0,0,0,0,0
2160,03/09/2020T00:00:00 ,0,0,0,0,0
2304,03/10/2020T00:00:00 ,0,0,0,0,0
2448,03/11/2020T00:00:00 ,0,0,0,0,0
2592,03/12/2020T00:00:00 ,0,0,0,0,0
2736,03/13/2020T00:00:00 ,0,0,0,0,0
2880,03/14/2020T00:00:00 ,0,0,0,0,0
3024,03/15/2020T00:00:00 ,0,0,0,0,0
3168,03/16/2020T00:00:00 ,0,0,0,0,0
3312,03/17/2020T00:00:00 ,0,0,0,0,0
3456,03/18/2020T00:00:00 ,0,0,0,0,0
3600,03/19/2020T00:00:00 ,67,41,27,16,27
3744,03/20/2020T00:00:00 ,120,79,58,36,85
3888,03/21/2020T00:00:00 ,167,121,30,20,115
4032,03/22/2020T00:00:00 ,260,188,38,24,153
4176,03/23/2020T00:00:00 ,442,306,85,53,238
4320,03/24/2020T00:00:00 ,452,320,57,27,295
4464,03/25/2020T00:00:00 ,2500,1815,119,88,414
4608,03/26/2020T00:00:00 ,2500,1766,201,117,615
4752,03/27/2020T00:00:00 ,1750,1228,279,162,894
4896,03/28/2020T00:00:00 ,2108,1504,315,182,1209
5040,03/29/2020T00:00:00 ,2500,1789,77,50,1286
5184,03/30/2020T00:00:00 ,2500,1789,222,140,1508
5328,03/31/2020T00:00:00 ,2500,1760,446,253,1954
5472,04/01/2020T00:00:00 ,2460,1850,202,127,2156
5616,04/02/2020T00:00:00 ,2412,1788,261,161,2417
5760,04/03/2020T00:00:00 ,2500,1796,233,131,2650
5904,04/04/2020T00:00:00 ,2500,1760,227,132,2877
6048,04/05/2020T00:00:00 ,2242,1701,221,149,3098
6192,04/06/2020T00:00:00 ,2412,1768,207,120,3305
6336,04/07/2020T00:00:00 ,2500,1717,180,90,3485
6480,04/08/2020T00:00:00 ,2500,1723,160,96,3645
6624,04/09/2020T00:00:00 ,2500,1718,260,160,3905
6768,04/10/2020T00:00:00 ,2500,1690,342,207,4247
6912,04/11/2020T00:00:00 ,2500,1687,75,35,4322
7056,04/12/2020T00:00:00 ,2500,1797,121,77,4443
7200,04/13/2020T00:00:00 ,2471,1825,266,158,4709
7344,04/14/2020T00:00:00 ,1956,1478,228,145,4937
7488,04/15/2020T00:00:00 ,2500,1729,182,106,5119
7632,04/16/2020T00:00:00 ,2500,1767,119,89,5238
7776,04/17/2020T00:00:00 ,2500,1769,230,152,5468
7920,04/18/2020T00:00:00 ,2500,1742,511,316,5979
8064,04/19/2020T00:00:00 ,2500,1820,186,112,6165
8208,04/20/2020T00:00:00 ,2500,1754,117,88,6282
8352,04/21/2020T00:00:00 ,2500,1754,285,166,6567
8496,04/22/2020T00:00:00 ,2500,1734,334,208,6901
8640,04/23/2020T00:00:00 ,2500,1741,112,80,7013
8784,04/24/2020T00:00:00 ,2500,1752,217,133,7230
8928,04/25/2020T00:00:00 ,2500,1742,103,70,7333
9072,04/26/2020T00:00:00 ,2500,1805,194,110,7527
9216,04/27/2020T00:00:00 ,2500,1827,195,125,7722
9360,04/28/2020T00:00:00 ,2500,1783,202,122,7924
9504,04/29/2020T00:00:00 ,2500,1706,137,81,8061
9648,04/30/2020T00:00:00 ,2500,1818,158,98,8219
9792,05/01/2020T00:00:00 ,2500,1770,176,121,8395
9936,05/02/2020T00:00:00 ,2500,1823,81,47,8476
10080,05/03/2020T00:00:00 ,2500,1675,62,40,8538
10224,05/04/2020T00:00:00 ,2500,1895,236,155,8774
10368,05/05/2020T00:00:00 ,2500,1698,48,36,8822
10512,05/06/2020T00:00:00 ,2500,1777,86,49,8908
10656,05/07/2020T00:00:00 ,2500,1624,80,44,8988
10800,05/08/2020T00:00:00 ,2500,1829,221,137,9209
10944,05/09/2020T00:00:00 ,2500,1731,69,44,9278
11088,05/10/2020T00:00:00 ,2500,1782,36,23,9314
11232,05/11/2020T00:00:00 ,2500,1699,20,15,9334
11376,05/12/2020T00:00:00 ,2500,1815,191,126,9525
11520,05/13/2020T00:00:00 ,2500,1879,144,91,9669
11664,05/14/2020T00:00:00 ,2500,1803,59,48,9728
11808,05/15/2020T00:00:00 ,2500,1733,18,13,9746
11952,05/16/2020T00:00:00 ,2500,1912,166,118,9912
12096,05/17/2020T00:00:00 ,2500,1856,121,79,10033
12240,05/18/2020T00:00:00 ,2500,1757,55,42,10088
12384,05/19/2020T00:00:00 ,2500,1702,21,16,10109
12528,05/20/2020T00:00:00 ,2500,1895,155,104,10264
12672,05/21/2020T00:00:00 ,2500,1765,64,43,10328
12816,05/22/2020T00:00:00 ,2500,1755,31,24,10359
12960,05/23/2020T00:00:00 ,2500,1691,58,41,10417
13104,05/24/2020T00:00:00 ,2500,1866,149,102,10566
13248,05/25/2020T00:00:00 ,2500,1786,49,32,10615
13392,05/26/2020T00:00:00 ,2500,1791,24,19,10639
13536,05/27/2020T00:00:00 ,2500,1730,35,22,10674
13680,05/28/2020T00:00:00 ,2500,1845,103,69,10777
13824,05/29/2020T00:00:00 ,2500,1769,53,38,10830
13968,05/30/2020T00:00:00 ,2500,1750,8,8,10838
14112,05/31/2020T00:00:00 ,2500,1737,26,16,10864
14256,06/01/2020T00:00:00 ,2156,1671,84,65,10948
14400,06/02/2020T00:00:00 ,2500,1754,61,28,11009
14544,06/03/2020T00:00:00 ,2500,1668,5,5,11014
14688,06/04/2020T00:00:00 ,2500,1703,90,46,11104
14832,06/05/2020T00:00:00 ,2500,1864,71,55,11175
14976,06/06/2020T00:00:00 ,2500,1812,40,20,11215
15120,06/07/2020T00:00:00 ,2500,1800,18,12,11233
15264,06/08/2020T00:00:00 ,2500,1714,95,62,11328
15408,06/09/2020T00:00:00 ,2378,1769,40,27,11368
15552,06/10/2020T00:00:00 ,2500,1843,49,30,11417
15696,06/11/2020T00:00:00 ,2500,1832,48,36,11465
15840,06/12/2020T00:00:00 ,2500,1781,58,36,11523
15984,06/13/2020T00:00:00 ,2500,1892,26,15,11549
16128,06/14/2020T00:00:00 ,2500,1833,33,24,11582
16272,06/15/2020T00:00:00 ,2500,1870,43,32,11625
16416,06/16/2020T00:00:00 ,2500,1802,32,18,11657
16560,06/17/2020T00:00:00 ,2500,1771,37,24,11694
16704,06/18/2020T00:00:00 ,2500,1854,20,10,11714
16848,06/19/2020T00:00:00 ,2500,1882,26,16,11740
16992,06/20/2020T00:00:00 ,2500,1758,23,10,11763
17136,06/21/2020T00:00:00 ,2500,1832,28,16,11791
17280,06/22/2020T00:00:00 ,2500,1819,19,5,11810
17424,06/23/2020T00:00:00 ,2500,1814,99,51,11909
17568,06/24/2020T00:00:00 ,2500,1745,18,9,11927
17712,06/25/2020T00:00:00 ,2500,1879,23,12,11950
17856,06/26/2020T00:00:00 ,2500,1891,19,11,11969
18000,06/27/2020T00:00:00 ,2500,1790,43,26,12012
18144,06/28/2020T00:00:00 ,2500,1865,9,5,12021
18288,06/29/2020T00:00:00 ,2500,1856,25,14,12046
18432,06/30/2020T00:00:00 ,2223,1703,11,8,12057
