tick,iso8601,tests performed,tests performed (resident),positive tests,positive tests (resident),cumulative positive tests
144,02/24/2020T00:00:00 ,0,0,0,0,0
288,02/25/2020T00:00:00 ,0,0,0,0,0
432,02/26/2020T00:00:00 ,0,0,0,0,0
576,02/27/2020T00:00:00 ,1,1,1,1,1
720,02/28/2020T00:00:00 ,1,1,0,0,1
864,02/29/2020T00:00:00 ,1,1,1,1,2
1008,03/01/2020T00:00:00 ,1,1,0,0,2
1152,03/02/2020T00:00:00 ,1,1,0,0,2
1296,03/03/2020T00:00:00 ,1,1,1,1,3
1440,03/04/2020T00:00:00 ,1,1,0,0,3
1584,03/05/2020T00:00:00 ,2,1,1,1,4
1728,03/06/2020T00:00:00 ,2,0,0,0,4
1872,03/07/2020T00:00:00 ,2,2,1,1,5
2016,03/08/2020T00:00:00 ,3,3,0,0,5
2160,03/09/2020T00:00:00 ,4,4,3,3,8
2304,03/10/2020T00:00:00 ,11,6,3,3,11
2448,03/11/2020T00:00:00 ,18,10,9,4,20
2592,03/12/2020T00:00:00 ,22,7,13,3,33
2736,03/13/2020T00:00:00 ,23,15,9,6,42
2880,03/14/2020T00:00:00 ,38,17,19,8,61
3024,03/15/2020T00:00:00 ,40,18,15,5,76
3168,03/16/2020T00:00:00 ,44,29,21,12,97
3312,03/17/2020T00:00:00 ,51,33,26,18,123
3456,03/18/2020T00:00:00 ,37,15,16,6,139
3600,03/19/2020T00:00:00 ,40,19,19,10,158
3744,03/20/2020T00:00:00 ,47,30,24,15,182
3888,03/21/2020T00:00:00 ,57,30,34,18,216
4032,03/22/2020T00:00:00 ,42,23,20,14,236
4176,03/23/2020T00:00:00 ,38,23,21,13,257
4320,03/24/2020T00:00:00 ,45,32,24,17,281
4464,03/25/2020T00:00:00 ,37,25,16,12,297
4608,03/26/2020T00:00:00 ,25,21,12,9,309
4752,03/27/2020T00:00:00 ,30,21,18,10,327
4896,03/28/2020T00:00:00 ,32,19,16,10,343
5040,03/29/2020T00:00:00 ,21,15,7,6,350
5184,03/30/2020T00:00:00 ,17,12,7,3,357
5328,03/31/2020T00:00:00 ,17,12,8,6,365
5472,04/01/2020T00:00:00 ,24,19,13,9,378
5616,04/02/2020T00:00:00 ,25,18,10,8,388
5760,04/03/2020T00:00:00 ,23,15,12,9,400
5904,04/04/2020T00:00:00 ,35,25,21,16,421
6048,04/05/2020T00:00:00 ,33,23,22,18,443
6192,04/06/2020T00:00:00 ,25,22,10,10,453
6336,04/07/2020T00:00:00 ,28,22,13,12,466
6480,04/08/2020T00:00:00 ,27,23,17,16,483
6624,04/09/2020T00:00:00 ,25,19,17,15,500
6768,04/10/2020T00:00:00 ,20,15,18,15,518
6912,04/11/2020T00:00:00 ,21,18,13,12,531
7056,04/12/2020T00:00:00 ,17,14,11,11,542
7200,04/13/2020T00:00:00 ,20,19,13,13,555
7344,04/14/2020T00:00:00 ,12,10,7,6,562
7488,04/15/2020T00:00:00 ,9,6,6,5,568
7632,04/16/2020T00:00:00 ,8,7,5,5,573
7776,04/17/2020T00:00:00 ,5,3,2,2,575
7920,04/18/2020T00:00:00 ,5,4,3,3,578
8064,04/19/2020T00:00:00 ,9,7,4,4,582
8208,04/20/2020T00:00:00 ,11,8,4,3,586
8352,04/21/2020T00:00:00 ,3,3,1,1,587
8496,04/22/2020T00:00:00 ,3,1,2,1,589
8640,04/23/2020T00:00:00 ,14,12,8,7,597
8784,04/24/2020T00:00:00 ,10,9,7,6,604
8928,04/25/2020T00:00:00 ,258,233,4,3,608
9072,04/26/2020T00:00:00 ,42,25,8,5,616
9216,04/27/2020T00:00:00 ,16,14,9,7,625
9360,04/28/2020T00:00:00 ,307,200,5,5,630
9504,04/29/2020T00:00:00 ,359,272,15,8,645
9648,04/30/2020T00:00:00 ,179,129,53,39,698
9792,05/01/2020T00:00:00 ,15,12,5,4,703
9936,05/02/2020T00:00:00 ,299,186,11,8,714
10080,05/03/2020T00:00:00 ,362,277,5,4,719
10224,05/04/2020T00:00:00 ,153,113,23,21,742
10368,05/05/2020T00:00:00 ,34,29,2,1,744
10512,05/06/2020T00:00:00 ,28,25,11,9,755
10656,05/07/2020T00:00:00 ,337,255,0,0,755
10800,05/08/2020T00:00:00 ,186,137,20,18,775
10944,05/09/2020T00:00:00 ,334,271,2,1,777
11088,05/10/2020T00:00:00 ,14,12,10,8,787
11232,05/11/2020T00:00:00 ,313,192,3,1,790
11376,05/12/2020T00:00:00 ,297,224,26,16,816
11520,05/13/2020T00:00:00 ,3,3,2,2,818
11664,05/14/2020T00:00:00 ,13,11,5,3,823
11808,05/15/2020T00:00:00 ,176,116,1,1,824
11952,05/16/2020T00:00:00 ,151,107,14,7,838
12096,05/17/2020T00:00:00 ,283,171,3,2,841
12240,05/18/2020T00:00:00 ,147,117,4,3,845
12384,05/19/2020T00:00:00 ,209,139,2,2,847
12528,05/20/2020T00:00:00 ,150,107,7,4,854
12672,05/21/2020T00:00:00 ,299,299,0,0,854
12816,05/22/2020T00:00:00 ,18,17,4,4,858
12960,05/23/2020T00:00:00 ,304,191,3,2,861
13104,05/24/2020T00:00:00 ,304,242,0,0,861
13248,05/25/2020T00:00:00 ,307,306,0,0,861
13392,05/26/2020T00:00:00 ,47,42,3,3,864
13536,05/27/2020T00:00:00 ,14,13,0,0,864
13680,05/28/2020T00:00:00 ,441,348,0,0,864
13824,05/29/2020T00:00:00 ,314,196,3,1,867
13968,05/30/2020T00:00:00 ,349,279,1,1,868
14112,05/31/2020T00:00:00 ,340,265,0,0,868
14256,06/01/2020T00:00:00 ,497,370,3,3,871
14400,06/02/2020T00:00:00 ,530,421,0,0,871
14544,06/03/2020T00:00:00 ,507,392,0,0,871
14688,06/04/2020T00:00:00 ,542,377,2,1,873
14832,06/05/2020T00:00:00 ,634,478,1,1,874
14976,06/06/2020T00:00:00 ,676,522,0,0,874
15120,06/07/2020T00:00:00 ,770,555,1,1,875
15264,06/08/2020T00:00:00 ,858,643,0,0,875
15408,06/09/2020T00:00:00 ,983,755,0,0,875
15552,06/10/2020T00:00:00 ,1040,754,0,0,875
15696,06/11/2020T00:00:00 ,844,649,0,0,875
15840,06/12/2020T00:00:00 ,830,635,0,0,875
15984,06/13/2020T00:00:00 ,1240,907,0,0,875
16128,06/14/2020T00:00:00 ,1318,999,0,0,875
16272,06/15/2020T00:00:00 ,1411,1106,0,0,875
16416,06/16/2020T00:00:00 ,1445,1090,0,0,875
16560,06/17/2020T00:00:00 ,1533,1164,0,0,875
16704,06/18/2020T00:00:00 ,1527,1195,0,0,875
16848,06/19/2020T00:00:00 ,1570,1234,0,0,875
16992,06/20/2020T00:00:00 ,1357,1031,0,0,875
17136,06/21/2020T00:00:00 ,1315,1005,0,0,875
17280,06/22/2020T00:00:00 ,1284,980,0,0,875
17424,06/23/2020T00:00:00 ,1237,959,0,0,875
17568,06/24/2020T00:00:00 ,1229,933,0,0,875
17712,06/25/2020T00:00:00 ,1244,975,0,0,875
17856,06/26/2020T00:00:00 ,1319,1027,0,0,875
18000,06/27/2020T00:00:00 ,1626,1236,0,0,875
18144,06/28/2020T00:00:00 ,1801,1417,0,0,875
18288,06/29/2020T00:00:00 ,2006,1552,0,0,875
18432,06/30/2020T00:00:00 ,2182,1680,0,0,875
