tick,iso8601,tests performed,tests performed (resident),positive tests,positive tests (resident),cumulative positive tests
144,02/24/2020T00:00:00 ,0,0,0,0,0
288,02/25/2020T00:00:00 ,0,0,0,0,0
432,02/26/2020T00:00:00 ,0,0,0,0,0
576,02/27/2020T00:00:00 ,1,1,1,1,1
720,02/28/2020T00:00:00 ,1,1,0,0,1
864,02/29/2020T00:00:00 ,1,1,1,1,2
1008,03/01/2020T00:00:00 ,1,1,1,1,3
1152,03/02/2020T00:00:00 ,1,1,0,0,3
1296,03/03/2020T00:00:00 ,1,1,0,0,3
1440,03/04/2020T00:00:00 ,1,0,0,0,3
1584,03/05/2020T00:00:00 ,2,1,2,1,5
1728,03/06/2020T00:00:00 ,2,1,1,1,6
1872,03/07/2020T00:00:00 ,2,0,0,0,6
2016,03/08/2020T00:00:00 ,3,1,2,0,8
2160,03/09/2020T00:00:00 ,4,4,4,4,12
2304,03/10/2020T00:00:00 ,12,8,6,5,18
2448,03/11/2020T00:00:00 ,18,11,8,6,26
2592,03/12/2020T00:00:00 ,22,13,10,5,36
2736,03/13/2020T00:00:00 ,23,13,11,6,47
2880,03/14/2020T00:00:00 ,37,19,15,9,62
3024,03/15/2020T00:00:00 ,61,32,27,16,89
3168,03/16/2020T00:00:00 ,56,36,23,12,112
3312,03/17/2020T00:00:00 ,67,34,31,19,143
3456,03/18/2020T00:00:00 ,65,45,38,24,181
3600,03/19/2020T00:00:00 ,65,38,36,22,217
3744,03/20/2020T00:00:00 ,63,38,34,21,251
3888,03/21/2020T00:00:00 ,76,51,40,28,291
4032,03/22/2020T00:00:00 ,66,48,31,22,322
4176,03/23/2020T00:00:00 ,50,31,22,13,344
4320,03/24/2020T00:00:00 ,71,49,35,26,379
4464,03/25/2020T00:00:00 ,94,53,52,30,431
4608,03/26/2020T00:00:00 ,94,52,38,18,469
4752,03/27/2020T00:00:00 ,78,35,38,16,507
4896,03/28/2020T00:00:00 ,72,48,32,22,539
5040,03/29/2020T00:00:00 ,36,24,18,13,557
5184,03/30/2020T00:00:00 ,31,23,15,11,572
5328,03/31/2020T00:00:00 ,26,21,12,10,584
5472,04/01/2020T00:00:00 ,20,17,12,10,596
5616,04/02/2020T00:00:00 ,23,18,9,8,605
5760,04/03/2020T00:00:00 ,23,17,10,8,615
5904,04/04/2020T00:00:00 ,16,14,7,6,622
6048,04/05/2020T00:00:00 ,24,19,14,12,636
6192,04/06/2020T00:00:00 ,19,18,9,8,645
6336,04/07/2020T00:00:00 ,9,8,3,3,648
6480,04/08/2020T00:00:00 ,14,14,7,7,655
6624,04/09/2020T00:00:00 ,20,13,12,10,667
6768,04/10/2020T00:00:00 ,13,10,6,6,673
6912,04/11/2020T00:00:00 ,16,15,9,9,682
7056,04/12/2020T00:00:00 ,10,9,3,3,685
7200,04/13/2020T00:00:00 ,10,8,5,4,690
7344,04/14/2020T00:00:00 ,7,4,3,2,693
7488,04/15/2020T00:00:00 ,13,8,8,5,701
7632,04/16/2020T00:00:00 ,12,7,6,4,707
7776,04/17/2020T00:00:00 ,10,9,5,4,712
7920,04/18/2020T00:00:00 ,7,5,4,3,716
8064,04/19/2020T00:00:00 ,6,4,1,1,717
8208,04/20/2020T00:00:00 ,13,12,7,7,724
8352,04/21/2020T00:00:00 ,7,6,2,1,726
8496,04/22/2020T00:00:00 ,2,1,1,0,727
8640,04/23/2020T00:00:00 ,9,9,4,4,731
8784,04/24/2020T00:00:00 ,8,7,4,4,735
8928,04/25/2020T00:00:00 ,78,55,6,2,741
9072,04/26/2020T00:00:00 ,293,223,0,0,741
9216,04/27/2020T00:00:00 ,316,267,13,12,754
9360,04/28/2020T00:00:00 ,345,236,15,15,769
9504,04/29/2020T00:00:00 ,35,26,6,3,775
9648,04/30/2020T00:00:00 ,157,113,14,8,789
9792,05/01/2020T00:00:00 ,367,308,18,18,807
9936,05/02/2020T00:00:00 ,10,8,6,5,813
10080,05/03/2020T00:00:00 ,197,146,4,3,817
10224,05/04/2020T00:00:00 ,352,276,0,0,817
10368,05/05/2020T00:00:00 ,197,127,2,2,819
10512,05/06/2020T00:00:00 ,22,20,14,13,833
10656,05/07/2020T00:00:00 ,269,216,7,6,840
10800,05/08/2020T00:00:00 ,335,223,8,5,848
10944,05/09/2020T00:00:00 ,174,113,0,0,848
11088,05/10/2020T00:00:00 ,13,13,10,10,858
11232,05/11/2020T00:00:00 ,8,6,0,0,858
11376,05/12/2020T00:00:00 ,323,246,57,45,915
11520,05/13/2020T00:00:00 ,324,255,6,6,921
11664,05/14/2020T00:00:00 ,29,27,14,13,935
11808,05/15/2020T00:00:00 ,1,1,0,0,935
11952,05/16/2020T00:00:00 ,331,239,40,33,975
12096,05/17/2020T00:00:00 ,1,0,0,0,975
12240,05/18/2020T00:00:00 ,58,54,21,20,996
12384,05/19/2020T00:00:00 ,300,238,1,1,997
12528,05/20/2020T00:00:00 ,290,226,28,22,1025
12672,05/21/2020T00:00:00 ,0,0,0,0,1025
12816,05/22/2020T00:00:00 ,43,38,23,21,1048
12960,05/23/2020T00:00:00 ,9,2,0,0,1048
13104,05/24/2020T00:00:00 ,304,261,3,3,1051
13248,05/25/2020T00:00:00 ,251,195,0,0,1051
13392,05/26/2020T00:00:00 ,374,256,1,0,1052
13536,05/27/2020T00:00:00 ,21,13,0,0,1052
13680,05/28/2020T00:00:00 ,329,237,16,7,1068
13824,05/29/2020T00:00:00 ,19,17,1,1,1069
13968,05/30/2020T00:00:00 ,457,340,4,4,1073
14112,05/31/2020T00:00:00 ,318,243,1,1,1074
14256,06/01/2020T00:00:00 ,497,347,11,10,1085
14400,06/02/2020T00:00:00 ,530,401,2,2,1087
14544,06/03/2020T00:00:00 ,526,403,6,4,1093
14688,06/04/2020T00:00:00 ,542,424,0,0,1093
14832,06/05/2020T00:00:00 ,634,446,10,10,1103
14976,06/06/2020T00:00:00 ,676,512,1,1,1104
15120,06/07/2020T00:00:00 ,770,579,6,6,1110
15264,06/08/2020T00:00:00 ,858,655,1,1,1111
15408,06/09/2020T00:00:00 ,983,765,6,6,1117
15552,06/10/2020T00:00:00 ,1040,811,0,0,1117
15696,06/11/2020T00:00:00 ,1043,799,4,4,1121
15840,06/12/2020T00:00:00 ,802,610,1,1,1122
15984,06/13/2020T00:00:00 ,1240,967,4,4,1126
16128,06/14/2020T00:00:00 ,1318,1003,0,0,1126
16272,06/15/2020T00:00:00 ,1411,1088,3,3,1129
16416,06/16/2020T00:00:00 ,1445,1118,1,1,1130
16560,06/17/2020T00:00:00 ,1533,1188,3,3,1133
16704,06/18/2020T00:00:00 ,1527,1197,0,0,1133
16848,06/19/2020T00:00:00 ,1570,1216,1,1,1134
16992,06/20/2020T00:00:00 ,1357,1054,1,1,1135
17136,06/21/2020T00:00:00 ,1315,1024,2,2,1137
17280,06/22/2020T00:00:00 ,1284,995,0,0,1137
17424,06/23/2020T00:00:00 ,1237,950,0,0,1137
17568,06/24/2020T00:00:00 ,1229,937,1,1,1138
17712,06/25/2020T00:00:00 ,1244,947,0,0,1138
17856,06/26/2020T00:00:00 ,1319,1029,0,0,1138
18000,06/27/2020T00:00:00 ,1626,1253,0,0,1138
18144,06/28/2020T00:00:00 ,1801,1374,0,0,1138
18288,06/29/2020T00:00:00 ,2006,1583,0,0,1138
18432,06/30/2020T00:00:00 ,2182,1701,0,0,1138
