tick,iso8601,tests performed,tests performed (resident),positive tests,positive tests (resident),cumulative positive tests
144,02/24/2020T00:00:00 ,0,0,0,0,0
288,02/25/2020T00:00:00 ,0,0,0,0,0
432,02/26/2020T00:00:00 ,0,0,0,0,0
576,02/27/2020T00:00:00 ,1,1,1,1,1
720,02/28/2020T00:00:00 ,1,1,1,1,2
864,02/29/2020T00:00:00 ,0,0,0,0,2
1008,03/01/2020T00:00:00 ,1,1,1,1,3
1152,03/02/2020T00:00:00 ,1,1,0,0,3
1296,03/03/2020T00:00:00 ,1,1,0,0,3
1440,03/04/2020T00:00:00 ,1,0,1,0,4
1584,03/05/2020T00:00:00 ,2,2,0,0,4
1728,03/06/2020T00:00:00 ,0,0,0,0,4
1872,03/07/2020T00:00:00 ,0,0,0,0,4
2016,03/08/2020T00:00:00 ,2,1,1,0,5
2160,03/09/2020T00:00:00 ,2,1,2,1,7
2304,03/10/2020T00:00:00 ,4,2,1,0,8
2448,03/11/2020T00:00:00 ,4,1,1,0,9
2592,03/12/2020T00:00:00 ,4,4,2,2,11
2736,03/13/2020T00:00:00 ,5,4,4,3,15
2880,03/14/2020T00:00:00 ,11,6,6,4,21
3024,03/15/2020T00:00:00 ,6,1,2,1,23
3168,03/16/2020T00:00:00 ,5,2,1,0,24
3312,03/17/2020T00:00:00 ,10,4,5,1,29
3456,03/18/2020T00:00:00 ,22,13,17,12,46
3600,03/19/2020T00:00:00 ,29,16,19,10,65
3744,03/20/2020T00:00:00 ,26,13,9,5,74
3888,03/21/2020T00:00:00 ,28,14,13,5,87
4032,03/22/2020T00:00:00 ,31,14,16,5,103
4176,03/23/2020T00:00:00 ,25,9,7,3,110
4320,03/24/2020T00:00:00 ,37,20,14,6,124
4464,03/25/2020T00:00:00 ,22,16,6,4,130
4608,03/26/2020T00:00:00 ,27,15,15,9,145
4752,03/27/2020T00:00:00 ,23,11,12,7,157
4896,03/28/2020T00:00:00 ,9,5,4,2,161
5040,03/29/2020T00:00:00 ,9,5,6,2,167
5184,03/30/2020T00:00:00 ,8,6,5,4,172
5328,03/31/2020T00:00:00 ,2,1,0,0,172
5472,04/01/2020T00:00:00 ,6,2,2,0,174
5616,04/02/2020T00:00:00 ,4,3,2,1,176
5760,04/03/2020T00:00:00 ,5,4,1,1,177
5904,04/04/2020T00:00:00 ,2,2,2,2,179
6048,04/05/2020T00:00:00 ,0,0,0,0,179
6192,04/06/2020T00:00:00 ,4,4,2,2,181
6336,04/07/2020T00:00:00 ,2,1,2,1,183
6480,04/08/2020T00:00:00 ,3,3,2,2,185
6624,04/09/2020T00:00:00 ,7,5,2,1,187
6768,04/10/2020T00:00:00 ,2,1,1,1,188
6912,04/11/2020T00:00:00 ,3,2,2,2,190
7056,04/12/2020T00:00:00 ,5,3,3,2,193
7200,04/13/2020T00:00:00 ,3,2,1,0,194
7344,04/14/2020T00:00:00 ,0,0,0,0,194
7488,04/15/2020T00:00:00 ,5,3,3,3,197
7632,04/16/2020T00:00:00 ,4,4,2,2,199
7776,04/17/2020T00:00:00 ,2,2,2,2,201
7920,04/18/2020T00:00:00 ,4,4,3,3,204
8064,04/19/2020T00:00:00 ,6,4,5,3,209
8208,04/20/2020T00:00:00 ,4,2,2,1,211
8352,04/21/2020T00:00:00 ,3,3,1,1,212
8496,04/22/2020T00:00:00 ,4,0,2,0,214
8640,04/23/2020T00:00:00 ,18,15,16,13,230
8784,04/24/2020T00:00:00 ,3,1,0,0,230
8928,04/25/2020T00:00:00 ,258,213,11,8,241
9072,04/26/2020T00:00:00 ,10,8,8,6,249
9216,04/27/2020T00:00:00 ,311,179,6,6,255
9360,04/28/2020T00:00:00 ,2,2,0,0,255
9504,04/29/2020T00:00:00 ,359,311,13,11,268
9648,04/30/2020T00:00:00 ,1,1,1,1,269
9792,05/01/2020T00:00:00 ,33,29,10,8,279
9936,05/02/2020T00:00:00 ,2,2,0,0,279
10080,05/03/2020T00:00:00 ,362,314,11,9,290
10224,05/04/2020T00:00:00 ,0,0,0,0,290
10368,05/05/2020T00:00:00 ,32,28,8,6,298
10512,05/06/2020T00:00:00 ,2,2,0,0,298
10656,05/07/2020T00:00:00 ,337,289,6,5,304
10800,05/08/2020T00:00:00 ,3,2,0,0,304
10944,05/09/2020T00:00:00 ,30,27,3,2,307
11088,05/10/2020T00:00:00 ,0,0,0,0,307
11232,05/11/2020T00:00:00 ,330,282,2,2,309
11376,05/12/2020T00:00:00 ,1,1,0,0,309
11520,05/13/2020T00:00:00 ,24,22,3,3,312
11664,05/14/2020T00:00:00 ,0,0,0,0,312
11808,05/15/2020T00:00:00 ,171,123,1,1,313
11952,05/16/2020T00:00:00 ,0,0,0,0,313
12096,05/17/2020T00:00:00 ,12,11,2,2,315
12240,05/18/2020T00:00:00 ,0,0,0,0,315
12384,05/19/2020T00:00:00 ,228,160,0,0,315
12528,05/20/2020T00:00:00 ,0,0,0,0,315
12672,05/21/2020T00:00:00 ,10,9,0,0,315
12816,05/22/2020T00:00:00 ,0,0,0,0,315
12960,05/23/2020T00:00:00 ,287,195,0,0,315
13104,05/24/2020T00:00:00 ,12,10,0,0,315
13248,05/25/2020T00:00:00 ,25,20,0,0,315
13392,05/26/2020T00:00:00 ,19,13,0,0,315
13536,05/27/2020T00:00:00 ,8,6,0,0,315
13680,05/28/2020T00:00:00 ,18,14,0,0,315
13824,05/29/2020T00:00:00 ,38,30,0,0,315
13968,05/30/2020T00:00:00 ,344,267,0,0,315
14112,05/31/2020T00:00:00 ,297,238,0,0,315
14256,06/01/2020T00:00:00 ,497,390,0,0,315
14400,06/02/2020T00:00:00 ,530,404,0,0,315
14544,06/03/2020T00:00:00 ,492,368,0,0,315
14688,06/04/2020T00:00:00 ,542,412,0,0,315
14832,06/05/2020T00:00:00 ,634,497,0,0,315
14976,06/06/2020T00:00:00 ,676,516,0,0,315
15120,06/07/2020T00:00:00 ,770,587,0,0,315
15264,06/08/2020T00:00:00 ,858,649,0,0,315
15408,06/09/2020T00:00:00 ,983,767,0,0,315
15552,06/10/2020T00:00:00 ,1040,819,0,0,315
15696,06/11/2020T00:00:00 ,838,669,0,0,315
15840,06/12/2020T00:00:00 ,799,626,0,0,315
15984,06/13/2020T00:00:00 ,1240,936,0,0,315
16128,06/14/2020T00:00:00 ,1318,1014,0,0,315
16272,06/15/2020T00:00:00 ,1411,1087,0,0,315
16416,06/16/2020T00:00:00 ,1445,1099,0,0,315
16560,06/17/2020T00:00:00 ,1533,1180,0,0,315
16704,06/18/2020T00:00:00 ,1527,1182,0,0,315
16848,06/19/2020T00:00:00 ,1570,1236,0,0,315
16992,06/20/2020T00:00:00 ,1357,1053,0,0,315
17136,06/21/2020T00:00:00 ,1315,1021,0,0,315
17280,06/22/2020T00:00:00 ,1284,1004,0,0,315
17424,06/23/2020T00:00:00 ,1237,976,0,0,315
17568,06/24/2020T00:00:00 ,1229,948,0,0,315
17712,06/25/2020T00:00:00 ,1244,971,0,0,315
17856,06/26/2020T00:00:00 ,1319,998,0,0,315
18000,06/27/2020T00:00:00 ,1626,1263,0,0,315
18144,06/28/2020T00:00:00 ,1801,1373,0,0,315
18288,06/29/2020T00:00:00 ,2006,1554,0,0,315
18432,06/30/2020T00:00:00 ,2182,1671,0,0,315
