tick,iso8601,tests performed,tests performed (resident),positive tests,positive tests (resident),cumulative positive tests
144,02/24/2020T00:00:00 ,0,0,0,0,0
288,02/25/2020T00:00:00 ,0,0,0,0,0
432,02/26/2020T00:00:00 ,0,0,0,0,0
576,02/27/2020T00:00:00 ,1,1,0,0,0
720,02/28/2020T00:00:00 ,1,1,1,1,1
864,02/29/2020T00:00:00 ,1,1,0,0,1
1008,03/01/2020T00:00:00 ,1,1,1,1,2
1152,03/02/2020T00:00:00 ,1,1,0,0,2
1296,03/03/2020T00:00:00 ,1,1,0,0,2
1440,03/04/2020T00:00:00 ,1,1,0,0,2
1584,03/05/2020T00:00:00 ,2,2,1,1,3
1728,03/06/2020T00:00:00 ,2,1,1,0,4
1872,03/07/2020T00:00:00 ,2,2,2,2,6
2016,03/08/2020T00:00:00 ,3,2,3,2,9
2160,03/09/2020T00:00:00 ,4,2,4,2,13
2304,03/10/2020T00:00:00 ,11,8,4,4,17
2448,03/11/2020T00:00:00 ,18,7,9,2,26
2592,03/12/2020T00:00:00 ,22,13,11,6,37
2736,03/13/2020T00:00:00 ,23,8,6,2,43
2880,03/14/2020T00:00:00 ,37,13,18,7,61
3024,03/15/2020T00:00:00 ,61,33,35,20,96
3168,03/16/2020T00:00:00 ,53,39,28,21,124
3312,03/17/2020T00:00:00 ,57,33,33,17,157
3456,03/18/2020T00:00:00 ,49,32,21,16,178
3600,03/19/2020T00:00:00 ,73,49,39,26,217
3744,03/20/2020T00:00:00 ,70,43,40,26,257
3888,03/21/2020T00:00:00 ,57,36,31,17,288
4032,03/22/2020T00:00:00 ,41,22,21,12,309
4176,03/23/2020T00:00:00 ,44,22,22,9,331
4320,03/24/2020T00:00:00 ,33,20,21,13,352
4464,03/25/2020T00:00:00 ,42,32,24,18,376
4608,03/26/2020T00:00:00 ,47,34,24,16,400
4752,03/27/2020T00:00:00 ,28,19,14,9,414
4896,03/28/2020T00:00:00 ,18,13,8,6,422
5040,03/29/2020T00:00:00 ,15,13,5,5,427
5184,03/30/2020T00:00:00 ,16,11,7,5,434
5328,03/31/2020T00:00:00 ,18,16,9,8,443
5472,04/01/2020T00:00:00 ,17,9,11,7,454
5616,04/02/2020T00:00:00 ,12,9,4,3,458
5760,04/03/2020T00:00:00 ,14,11,5,3,463
5904,04/04/2020T00:00:00 ,16,9,8,5,471
6048,04/05/2020T00:00:00 ,15,10,7,3,478
6192,04/06/2020T00:00:00 ,16,9,7,4,485
6336,04/07/2020T00:00:00 ,11,8,9,7,494
6480,04/08/2020T00:00:00 ,15,6,6,4,500
6624,04/09/2020T00:00:00 ,15,9,7,5,507
6768,04/10/2020T00:00:00 ,14,9,5,4,512
6912,04/11/2020T00:00:00 ,18,12,9,6,521
7056,04/12/2020T00:00:00 ,12,9,4,3,525
7200,04/13/2020T00:00:00 ,12,7,8,4,533
7344,04/14/2020T00:00:00 ,14,9,6,3,539
7488,04/15/2020T00:00:00 ,15,12,6,3,545
7632,04/16/2020T00:00:00 ,19,11,8,5,553
7776,04/17/2020T00:00:00 ,14,5,6,3,559
7920,04/18/2020T00:00:00 ,12,9,1,1,560
8064,04/19/2020T00:00:00 ,15,13,11,10,571
8208,04/20/2020T00:00:00 ,14,9,6,5,577
8352,04/21/2020T00:00:00 ,9,8,6,6,583
8496,04/22/2020T00:00:00 ,12,9,9,7,592
8640,04/23/2020T00:00:00 ,25,19,17,14,609
8784,04/24/2020T00:00:00 ,6,4,2,1,611
8928,04/25/2020T00:00:00 ,258,223,9,8,620
9072,04/26/2020T00:00:00 ,293,292,9,9,629
9216,04/27/2020T00:00:00 ,64,49,15,13,644
9360,04/28/2020T00:00:00 ,365,249,1,1,645
9504,04/29/2020T00:00:00 ,359,222,2,2,647
9648,04/30/2020T00:00:00 ,327,224,19,16,666
9792,05/01/2020T00:00:00 ,26,23,9,8,675
9936,05/02/2020T00:00:00 ,40,35,3,3,678
10080,05/03/2020T00:00:00 ,362,223,0,0,678
10224,05/04/2020T00:00:00 ,20,19,15,14,693
10368,05/05/2020T00:00:00 ,11,10,2,2,695
10512,05/06/2020T00:00:00 ,337,222,7,3,702
10656,05/07/2020T00:00:00 ,337,247,0,0,702
10800,05/08/2020T00:00:00 ,335,331,18,18,720
10944,05/09/2020T00:00:00 ,2,1,1,0,721
11088,05/10/2020T00:00:00 ,291,221,5,4,726
11232,05/11/2020T00:00:00 ,330,223,0,0,726
11376,05/12/2020T00:00:00 ,323,203,8,6,734
11520,05/13/2020T00:00:00 ,0,0,0,0,734
11664,05/14/2020T00:00:00 ,132,114,6,5,740
11808,05/15/2020T00:00:00 ,336,233,0,0,740
11952,05/16/2020T00:00:00 ,331,219,6,4,746
12096,05/17/2020T00:00:00 ,0,0,0,0,746
12240,05/18/2020T00:00:00 ,118,102,3,3,749
12384,05/19/2020T00:00:00 ,0,0,0,0,749
12528,05/20/2020T00:00:00 ,290,179,1,1,750
12672,05/21/2020T00:00:00 ,1,1,0,0,750
12816,05/22/2020T00:00:00 ,119,103,1,1,751
12960,05/23/2020T00:00:00 ,13,11,0,0,751
13104,05/24/2020T00:00:00 ,304,193,0,0,751
13248,05/25/2020T00:00:00 ,15,14,0,0,751
13392,05/26/2020T00:00:00 ,34,29,0,0,751
13536,05/27/2020T00:00:00 ,14,13,0,0,751
13680,05/28/2020T00:00:00 ,36,32,0,0,751
13824,05/29/2020T00:00:00 ,34,28,1,1,752
13968,05/30/2020T00:00:00 ,348,278,0,0,752
14112,05/31/2020T00:00:00 ,341,266,0,0,752
14256,06/01/2020T00:00:00 ,497,385,0,0,752
14400,06/02/2020T00:00:00 ,530,420,0,0,752
14544,06/03/2020T00:00:00 ,508,392,0,0,752
14688,06/04/2020T00:00:00 ,542,418,0,0,752
14832,06/05/2020T00:00:00 ,634,478,0,0,752
14976,06/06/2020T00:00:00 ,676,523,0,0,752
15120,06/07/2020T00:00:00 ,770,598,0,0,752
15264,06/08/2020T00:00:00 ,858,644,0,0,752
15408,06/09/2020T00:00:00 ,983,754,0,0,752
15552,06/10/2020T00:00:00 ,1040,797,0,0,752
15696,06/11/2020T00:00:00 ,817,630,0,0,752
15840,06/12/2020T00:00:00 ,832,635,0,0,752
15984,06/13/2020T00:00:00 ,1240,937,0,0,752
16128,06/14/2020T00:00:00 ,1318,999,0,0,752
16272,06/15/2020T00:00:00 ,1411,1107,0,0,752
16416,06/16/2020T00:00:00 ,1445,1092,0,0,752
16560,06/17/2020T00:00:00 ,1533,1164,0,0,752
16704,06/18/2020T00:00:00 ,1527,1195,0,0,752
16848,06/19/2020T00:00:00 ,1570,1234,0,0,752
16992,06/20/2020T00:00:00 ,1357,1031,0,0,752
17136,06/21/2020T00:00:00 ,1315,1005,0,0,752
17280,06/22/2020T00:00:00 ,1284,980,0,0,752
17424,06/23/2020T00:00:00 ,1237,959,0,0,752
17568,06/24/2020T00:00:00 ,1229,933,0,0,752
17712,06/25/2020T00:00:00 ,1244,975,0,0,752
17856,06/26/2020T00:00:00 ,1319,1027,0,0,752
18000,06/27/2020T00:00:00 ,1626,1236,0,0,752
18144,06/28/2020T00:00:00 ,1801,1417,0,0,752
18288,06/29/2020T00:00:00 ,2006,1552,0,0,752
18432,06/30/2020T00:00:00 ,2182,1680,0,0,752
