tick,iso8601,tests performed,tests performed (resident),positive tests,positive tests (resident),cumulative positive tests
144,02/24/2020T00:00:00 ,0,0,0,0,0
288,02/25/2020T00:00:00 ,0,0,0,0,0
432,02/26/2020T00:00:00 ,0,0,0,0,0
576,02/27/2020T00:00:00 ,1,1,0,0,0
720,02/28/2020T00:00:00 ,1,1,1,1,1
864,02/29/2020T00:00:00 ,1,1,0,0,1
1008,03/01/2020T00:00:00 ,1,1,1,1,2
1152,03/02/2020T00:00:00 ,0,0,0,0,2
1296,03/03/2020T00:00:00 ,1,1,1,1,3
1440,03/04/2020T00:00:00 ,0,0,0,0,3
1584,03/05/2020T00:00:00 ,0,0,0,0,3
1728,03/06/2020T00:00:00 ,2,2,2,2,5
1872,03/07/2020T00:00:00 ,2,2,1,1,6
2016,03/08/2020T00:00:00 ,3,2,3,2,9
2160,03/09/2020T00:00:00 ,2,2,1,1,10
2304,03/10/2020T00:00:00 ,4,3,1,1,11
2448,03/11/2020T00:00:00 ,7,5,4,3,15
2592,03/12/2020T00:00:00 ,14,6,7,2,22
2736,03/13/2020T00:00:00 ,16,9,6,1,28
2880,03/14/2020T00:00:00 ,23,12,11,6,39
3024,03/15/2020T00:00:00 ,23,12,14,8,53
3168,03/16/2020T00:00:00 ,23,14,11,7,64
3312,03/17/2020T00:00:00 ,19,13,9,8,73
3456,03/18/2020T00:00:00 ,18,9,8,3,81
3600,03/19/2020T00:00:00 ,25,17,16,11,97
3744,03/20/2020T00:00:00 ,22,15,9,6,106
3888,03/21/2020T00:00:00 ,30,21,14,10,120
4032,03/22/2020T00:00:00 ,17,12,7,4,127
4176,03/23/2020T00:00:00 ,23,11,8,4,135
4320,03/24/2020T00:00:00 ,25,19,13,11,148
4464,03/25/2020T00:00:00 ,28,20,17,13,165
4608,03/26/2020T00:00:00 ,25,20,8,6,173
4752,03/27/2020T00:00:00 ,24,17,14,11,187
4896,03/28/2020T00:00:00 ,16,13,8,7,195
5040,03/29/2020T00:00:00 ,17,17,8,8,203
5184,03/30/2020T00:00:00 ,17,16,11,10,214
5328,03/31/2020T00:00:00 ,15,11,9,6,223
5472,04/01/2020T00:00:00 ,12,10,6,5,229
5616,04/02/2020T00:00:00 ,13,12,9,8,238
5760,04/03/2020T00:00:00 ,15,11,10,8,248
5904,04/04/2020T00:00:00 ,14,11,5,4,253
6048,04/05/2020T00:00:00 ,10,5,7,4,260
6192,04/06/2020T00:00:00 ,11,9,4,4,264
6336,04/07/2020T00:00:00 ,11,8,7,6,271
6480,04/08/2020T00:00:00 ,4,4,1,1,272
6624,04/09/2020T00:00:00 ,12,8,2,1,274
6768,04/10/2020T00:00:00 ,14,9,6,4,280
6912,04/11/2020T00:00:00 ,13,10,5,5,285
7056,04/12/2020T00:00:00 ,10,9,5,5,290
7200,04/13/2020T00:00:00 ,11,8,5,3,295
7344,04/14/2020T00:00:00 ,9,8,3,3,298
7488,04/15/2020T00:00:00 ,11,7,4,3,302
7632,04/16/2020T00:00:00 ,9,6,5,4,307
7776,04/17/2020T00:00:00 ,17,14,12,10,319
7920,04/18/2020T00:00:00 ,13,8,5,2,324
8064,04/19/2020T00:00:00 ,14,10,8,6,332
8208,04/20/2020T00:00:00 ,6,5,3,3,335
8352,04/21/2020T00:00:00 ,11,8,6,4,341
8496,04/22/2020T00:00:00 ,8,6,5,4,346
8640,04/23/2020T00:00:00 ,31,23,23,17,369
8784,04/24/2020T00:00:00 ,9,9,7,7,376
8928,04/25/2020T00:00:00 ,258,214,33,28,409
9072,04/26/2020T00:00:00 ,10,9,7,6,416
9216,04/27/2020T00:00:00 ,178,132,11,7,427
9360,04/28/2020T00:00:00 ,359,248,25,18,452
9504,04/29/2020T00:00:00 ,359,261,22,14,474
9648,04/30/2020T00:00:00 ,33,30,7,6,481
9792,05/01/2020T00:00:00 ,112,92,11,10,492
9936,05/02/2020T00:00:00 ,377,266,13,7,505
10080,05/03/2020T00:00:00 ,362,308,9,6,514
10224,05/04/2020T00:00:00 ,166,117,6,5,520
10368,05/05/2020T00:00:00 ,334,236,2,2,522
10512,05/06/2020T00:00:00 ,8,4,2,0,524
10656,05/07/2020T00:00:00 ,337,318,0,0,524
10800,05/08/2020T00:00:00 ,335,225,12,6,536
10944,05/09/2020T00:00:00 ,175,124,1,0,537
11088,05/10/2020T00:00:00 ,302,252,12,8,549
11232,05/11/2020T00:00:00 ,38,26,0,0,549
11376,05/12/2020T00:00:00 ,2,1,1,1,550
11520,05/13/2020T00:00:00 ,0,0,0,0,550
11664,05/14/2020T00:00:00 ,338,279,6,4,556
11808,05/15/2020T00:00:00 ,158,111,1,1,557
11952,05/16/2020T00:00:00 ,285,239,5,4,562
12096,05/17/2020T00:00:00 ,0,0,0,0,562
12240,05/18/2020T00:00:00 ,8,8,3,3,565
12384,05/19/2020T00:00:00 ,1,1,1,1,566
12528,05/20/2020T00:00:00 ,290,232,0,0,566
12672,05/21/2020T00:00:00 ,30,28,3,3,569
12816,05/22/2020T00:00:00 ,234,186,5,3,574
12960,05/23/2020T00:00:00 ,11,2,1,0,575
13104,05/24/2020T00:00:00 ,214,153,0,0,575
13248,05/25/2020T00:00:00 ,28,21,0,0,575
13392,05/26/2020T00:00:00 ,33,22,0,0,575
13536,05/27/2020T00:00:00 ,96,85,0,0,575
13680,05/28/2020T00:00:00 ,441,337,2,2,577
13824,05/29/2020T00:00:00 ,20,18,0,0,577
13968,05/30/2020T00:00:00 ,323,240,0,0,577
14112,05/31/2020T00:00:00 ,317,242,0,0,577
14256,06/01/2020T00:00:00 ,497,383,0,0,577
14400,06/02/2020T00:00:00 ,530,401,0,0,577
14544,06/03/2020T00:00:00 ,526,414,1,1,578
14688,06/04/2020T00:00:00 ,528,410,0,0,578
14832,06/05/2020T00:00:00 ,634,485,0,0,578
14976,06/06/2020T00:00:00 ,676,513,0,0,578
15120,06/07/2020T00:00:00 ,770,588,0,0,578
15264,06/08/2020T00:00:00 ,858,654,1,1,579
15408,06/09/2020T00:00:00 ,983,772,0,0,579
15552,06/10/2020T00:00:00 ,1040,811,0,0,579
15696,06/11/2020T00:00:00 ,785,610,0,0,579
15840,06/12/2020T00:00:00 ,771,587,0,0,579
15984,06/13/2020T00:00:00 ,1240,969,0,0,579
16128,06/14/2020T00:00:00 ,1318,1005,0,0,579
16272,06/15/2020T00:00:00 ,1411,1090,0,0,579
16416,06/16/2020T00:00:00 ,1445,1117,0,0,579
16560,06/17/2020T00:00:00 ,1533,1198,0,0,579
16704,06/18/2020T00:00:00 ,1527,1195,0,0,579
16848,06/19/2020T00:00:00 ,1570,1222,0,0,579
16992,06/20/2020T00:00:00 ,1357,1052,0,0,579
17136,06/21/2020T00:00:00 ,1315,1021,0,0,579
17280,06/22/2020T00:00:00 ,1284,995,0,0,579
17424,06/23/2020T00:00:00 ,1237,956,0,0,579
17568,06/24/2020T00:00:00 ,1229,937,0,0,579
17712,06/25/2020T00:00:00 ,1244,944,0,0,579
17856,06/26/2020T00:00:00 ,1319,1029,0,0,579
18000,06/27/2020T00:00:00 ,1626,1272,0,0,579
18144,06/28/2020T00:00:00 ,1801,1375,0,0,579
18288,06/29/2020T00:00:00 ,2006,1582,0,0,579
18432,06/30/2020T00:00:00 ,2182,1701,0,0,579
